1752746989020 0.0 9
1752746989495 0.0 19
1752746989949 0.0 29
1752746990405 0.0 39
1752746990863 0.0 49
1752746991323 0.0 59
1752746991779 0.0 69
1752746992235 0.0 79
1752746992689 0.0 89
1752746993141 0.0 99
1752746993595 0.0 109
1752746994045 0.0 119
1752746994520 0.0 129
1752746994975 0.0 139
1752746995430 0.0 149
1752746995890 0.0 159
1752746996345 0.0 169
1752746996801 0.0 179
1752746997255 0.0 189
1752746997708 0.0 199
1752746998162 0.0 209
1752746998616 0.0 219
1752746999070 0.0 229
1752746999534 0.0 239
1752746999990 0.0 249
1752747000441 0.0 259
1752747000894 0.0 269
1752747001347 0.0 279
1752747001803 0.0 289
1752747002264 0.0 299
1752747002721 0.0 309
1752747003174 0.0 319
1752747003629 0.0 329
1752747004086 0.0 339
1752747004550 0.0 349
1752747005010 0.0 359
1752747005467 0.0 369
1752747005932 0.0 379
1752747006388 0.0 389
1752747006849 0.0 399
1752747007302 0.0 409
1752747007753 0.0 419
1752747008205 0.0 429
1752747008659 0.0 439
1752747009115 0.0 449
1752747009580 0.0 459
1752747010036 0.0 469
1752747010491 0.0 479
1752747010947 0.0 489
1752747011408 0.0 499
1752747011863 0.0 509
1752747012327 0.0 519
1752747012781 0.0 529
1752747013238 0.0 539
1752747013697 0.0 549
1752747014167 0.0 559
1752747014646 0.0 569
1752747015113 0.0 579
1752747015592 0.0 589
1752747016050 0.0 599
1752747016508 0.0 609
1752747016969 0.0 619
1752747017443 0.0 629
1752747017904 0.0 639
1752747018367 0.0 649
1752747018837 0.0 659
1752747019302 0.0 669
1752747019766 0.0 679
1752747020222 0.0 689
1752747020675 0.0 699
1752747021136 0.0 709
1752747021593 0.0 719
1752747022047 0.0 729
1752747022512 0.0 739
1752747022967 0.0 749
1752747023420 0.0 759
1752747023874 0.0 769
1752747024328 0.0 779
1752747024781 0.0 789
1752747025234 0.0 799
1752747025688 0.0 809
1752747026151 0.0 819
1752747026613 0.0 829
1752747027079 0.0 839
1752747027533 0.0 849
1752747027988 0.0 859
1752747028444 0.0 869
1752747028905 0.0 879
1752747029362 0.0 889
1752747029824 0.0 899
1752747030299 0.0 909
1752747030764 0.0 919
1752747031230 0.0 929
1752747031690 0.0 939
1752747032149 0.0 949
1752747032611 0.0 959
1752747033068 0.0 969
1752747033532 0.0 979
1752747033991 0.0 989
1752747034447 0.0 999
1752747034910 0.0 1009
1752747035365 0.0 1019
1752747035819 0.0 1029
1752747036277 0.0 1039
1752747036727 0.0 1049
1752747037178 0.0 1059
1752747037629 0.0 1069
1752747038079 0.0 1079
1752747038530 0.0 1089
1752747038982 0.0 1099
1752747039436 0.0 1109
1752747039891 0.0 1119
1752747040347 0.0 1129
1752747040799 0.0 1139
1752747041250 0.0 1149
1752747041713 0.0 1159
1752747042165 0.0 1169
1752747042617 0.0 1179
1752747043069 0.0 1189
1752747043523 0.0 1199
1752747043977 0.0 1209
1752747044432 0.0 1219
1752747044886 0.0 1229
1752747045338 0.0 1239
1752747045791 0.0 1249
1752747046244 0.0 1259
1752747046704 0.0 1269
1752747047165 0.0 1279
1752747047622 0.0 1289
1752747048079 0.0 1299
1752747048532 0.0 1309
1752747048993 0.0 1319
1752747049446 0.0 1329
1752747049900 0.0 1339
1752747050354 0.0 1349
1752747050809 0.0 1359
1752747051263 0.0 1369
1752747051720 0.0 1379
1752747052190 0.0 1389
1752747052646 0.0 1399
1752747053102 0.0 1409
1752747053555 0.0 1419
1752747054008 0.0 1429
1752747054462 0.0 1439
1752747054915 0.0 1449
1752747055368 0.0 1459
1752747055822 0.0 1469
1752747056277 0.0 1479
1752747056735 0.0 1489
1752747057207 0.0 1499
1752747057674 0.0 1509
1752747058132 0.0 1519
1752747058590 0.0 1529
1752747059047 0.0 1539
1752747059503 0.0 1549
1752747059964 0.0 1559
1752747060422 0.0 1569
1752747060877 0.0 1579
1752747061335 0.0 1589
1752747061790 0.0 1599
1752747062256 0.0 1609
1752747062713 0.0 1619
1752747063171 0.0 1629
1752747063628 0.0 1639
1752747064084 0.0 1649
1752747064542 0.0 1659
1752747064998 0.0 1669
1752747065452 0.0 1679
1752747065907 0.0 1689
1752747066363 0.0 1699
1752747066819 0.0 1709
1752747067280 0.0 1719
1752747067733 0.0 1729
1752747068186 0.0 1739
1752747068641 0.0 1749
1752747069095 0.0 1759
1752747069552 0.0 1769
1752747070016 0.0 1779
1752747070471 0.0 1789
1752747070928 0.0 1799
1752747071387 0.0 1809
1752747071844 0.0 1819
1752747072311 0.0 1829
1752747072768 0.0 1839
1752747073231 0.0 1849
1752747073688 0.0 1859
1752747074152 0.0 1869
1752747074615 0.0 1879
1752747075075 0.0 1889
1752747075561 0.0 1899
1752747076023 0.0 1909
1752747076478 0.0 1919
1752747076929 0.0 1929
1752747077391 0.0 1939
1752747077842 0.0 1949
1752747078302 0.0 1959
1752747078758 0.0 1969
1752747079214 0.0 1979
1752747079674 0.0 1989
1752747080139 0.0 1999
1752747080597 0.0 2009
1752747081051 0.0 2019
1752747081503 0.0 2029
1752747081955 0.0 2039
1752747082415 0.0 2049
1752747082872 0.0 2059
1752747083333 0.0 2069
1752747083787 0.0 2079
1752747084240 0.0 2089
1752747084695 0.0 2099
1752747085149 0.0 2109
1752747085606 0.0 2119
1752747086061 0.0 2129
1752747086517 0.0 2139
1752747086978 0.0 2149
1752747087440 0.0 2159
1752747087893 0.0 2169
1752747088345 0.0 2179
1752747088801 0.0 2189
1752747089258 0.0 2199
1752747089711 0.0 2209
1752747090171 0.0 2219
1752747090631 0.0 2229
1752747091095 0.0 2239
1752747091551 0.0 2249
1752747092007 0.0 2259
1752747092480 0.0 2269
1752747092936 0.0 2279
1752747093392 0.0 2289
1752747093859 0.0 2299
1752747094324 0.0 2309
1752747094782 0.0 2319
1752747095236 0.0 2329
1752747095700 0.0 2339
1752747096156 0.0 2349
1752747096610 0.0 2359
1752747097072 0.0 2369
1752747097525 0.0 2379
1752747097975 0.0 2389
1752747098427 0.0 2399
1752747098878 0.0 2409
1752747099331 0.0 2419
1752747099783 0.0 2429
1752747100238 0.0 2439
1752747100690 0.0 2449
1752747101143 0.0 2459
1752747101597 0.0 2469
1752747102050 0.0 2479
1752747102510 0.0 2489
1752747102974 0.0 2499
1752747103430 0.0 2509
1752747103886 0.0 2519
1752747104348 0.0 2529
1752747104804 0.0 2539
1752747105260 0.0 2549
1752747105716 0.0 2559
1752747106171 0.0 2569
1752747106628 0.0 2579
1752747107087 0.0 2589
1752747107551 0.0 2599
1752747108020 0.0 2609
1752747108478 0.0 2619
1752747108939 0.0 2629
1752747109394 0.0 2639
1752747109851 0.0 2649
1752747110441 0.0 2659
1752747110901 0.0 2669
1752747111354 0.0 2679
1752747111810 0.0 2689
1752747112266 0.0 2699
1752747112724 0.0 2709
1752747113187 0.0 2719
1752747113642 0.0 2729
1752747114099 0.0 2739
1752747114556 0.0 2749
1752747115014 0.0 2759
1752747115472 0.0 2769
1752747115929 0.0 2779
1752747116384 0.0 2789
1752747116837 0.0 2799
1752747117289 0.0 2809
1752747117744 0.0 2819
1752747118208 0.0 2829
1752747118664 0.0 2839
1752747119120 0.0 2849
1752747119576 0.0 2859
1752747120034 0.0 2869
1752747120490 0.0 2879
1752747120945 0.0 2889
1752747121402 0.0 2899
1752747121860 0.0 2909
1752747122315 0.0 2919
1752747122769 0.0 2929
1752747123233 0.0 2939
1752747123688 0.0 2949
1752747124143 0.0 2959
1752747124599 0.0 2969
1752747125053 0.0 2979
1752747125506 0.0 2989
1752747125963 0.0 2999
1752747126419 0.0 3009
1752747126875 0.0 3019
1752747127332 0.0 3029
1752747127789 0.0 3039
1752747128244 0.0 3049
1752747128700 0.0 3059
1752747129154 0.0 3069
1752747129609 0.0 3079
1752747130064 0.0 3089
1752747130520 0.0 3099
1752747130977 0.0 3109
1752747131434 0.0 3119
1752747131893 0.0 3129
1752747132350 0.0 3139
1752747132807 0.0 3149
1752747133273 0.0 3159
1752747133730 0.0 3169
1752747134187 0.0 3179
1752747134645 0.0 3189
1752747135103 0.0 3199
1752747135563 0.0 3209
1752747136018 0.0 3219
1752747136468 0.0 3229
1752747136920 0.0 3239
1752747137370 0.0 3249
1752747137822 0.0 3259
1752747138273 0.0 3269
1752747138725 0.0 3279
1752747139204 0.0 3289
1752747139655 0.0 3299
1752747140108 0.0 3309
1752747140560 0.0 3319
1752747141022 0.0 3329
1752747141475 0.0 3339
1752747141926 0.0 3349
1752747142382 0.0 3359
1752747142837 0.0 3369
1752747143298 0.0 3379
1752747143754 0.0 3389
1752747144211 0.0 3399
1752747144670 0.0 3409
1752747145126 0.0 3419
1752747145581 0.0 3429
1752747146043 0.0 3439
1752747146499 0.0 3449
1752747146954 0.0 3459
1752747147407 0.0 3469
1752747147861 0.0 3479
1752747148322 0.0 3489
1752747148776 0.0 3499
1752747149229 0.0 3509
1752747149696 0.0 3519
1752747150153 0.0 3529
1752747150606 0.0 3539
1752747151080 0.0 3549
1752747151540 0.0 3559
1752747151995 0.0 3569
1752747152452 0.0 3579
1752747152907 0.0 3589
1752747153360 0.0 3599
1752747153833 0.0 3609
1752747154285 0.0 3619
1752747154750 0.0 3629
1752747155220 0.0 3639
1752747155672 0.0 3649
1752747156139 0.0 3659
1752747156592 0.0 3669
1752747157043 0.0 3679
1752747157500 0.0 3689
1752747157951 0.0 3699
1752747158401 0.0 3709
1752747158853 0.0 3719
1752747159305 0.0 3729
1752747159757 0.0 3739
1752747160213 0.0 3749
1752747160667 0.0 3759
1752747161120 0.0 3769
1752747161579 0.0 3779
1752747162030 0.0 3789
1752747162481 0.0 3799
1752747162932 0.0 3809
1752747163382 0.0 3819
1752747163835 0.0 3829
1752747164288 0.0 3839
1752747164741 0.0 3849
1752747165218 0.0 3859
1752747165670 0.0 3869
1752747166123 0.0 3879
1752747166583 0.0 3889
1752747167034 0.0 3899
1752747167486 0.0 3909
1752747167941 0.0 3919
1752747168393 0.0 3929
1752747168855 0.0 3939
1752747169309 0.0 3949
1752747169765 0.0 3959
1752747170221 0.0 3969
1752747170677 0.0 3979
1752747171132 0.0 3989
1752747171597 0.0 3999
1752747172052 0.0 4009
1752747172507 0.0 4019
1752747172963 0.0 4029
1752747173416 0.0 4039
1752747173872 0.0 4049
1752747174327 0.0 4059
1752747174784 0.0 4069
1752747175252 0.0 4079
1752747175706 0.0 4089
1752747176160 0.0 4099
1752747176624 0.0 4109
1752747177078 0.0 4119
1752747177532 0.0 4129
1752747177988 0.0 4139
1752747178443 0.0 4149
1752747178898 0.0 4159
1752747179352 0.0 4169
1752747179808 0.0 4179
1752747180262 0.0 4189
1752747180718 0.0 4199
1752747181176 0.0 4209
1752747181638 0.0 4219
1752747182095 0.0 4229
1752747182554 0.0 4239
1752747183009 0.0 4249
1752747183469 0.0 4259
1752747183925 0.0 4269
1752747184385 0.0 4279
1752747184843 0.0 4289
1752747185299 0.0 4299
1752747185754 0.0 4309
1752747186221 0.0 4319
1752747186683 0.0 4329
1752747187136 0.0 4339
1752747187589 0.0 4349
1752747188054 0.0 4359
1752747188521 0.0 4369
1752747188978 0.0 4379
1752747189435 0.0 4389
1752747189888 0.0 4399
1752747190344 0.0 4409
1752747190800 0.0 4419
1752747191254 0.0 4429
1752747191718 0.0 4439
1752747192176 0.0 4449
1752747192631 0.0 4459
1752747193086 0.0 4469
1752747193539 0.0 4479
1752747193995 0.0 4489
1752747194448 0.0 4499
1752747194903 0.0 4509
1752747195357 0.0 4519
1752747195813 0.0 4529
1752747196270 0.0 4539
1752747196739 0.0 4549
1752747197194 0.0 4559
1752747197650 0.0 4569
1752747198105 0.0 4579
1752747198561 0.0 4589
1752747199018 0.0 4599
1752747199473 0.0 4609
1752747199928 0.0 4619
1752747200383 0.0 4629
1752747200841 0.0 4639
1752747201298 0.0 4649
1752747201762 0.0 4659
1752747202218 0.0 4669
1752747202673 0.0 4679
1752747203131 0.0 4689
1752747203589 0.0 4699
1752747204044 0.0 4709
1752747204503 0.0 4719
1752747204959 0.0 4729
1752747205416 0.0 4739
1752747205875 0.0 4749
1752747206332 0.0 4759
1752747206798 0.0 4769
1752747207254 0.0 4779
1752747207710 0.0 4789
1752747208167 0.0 4799
1752747208623 0.0 4809
1752747209082 0.0 4819
1752747209536 0.0 4829
1752747209994 0.0 4839
1752747210453 0.0 4849
1752747210909 0.0 4859
1752747211365 0.0 4869
1752747211833 0.0 4879
1752747212288 0.0 4889
1752747212744 0.0 4899
1752747213200 0.0 4909
1752747213656 0.0 4919
1752747214114 0.0 4929
1752747214570 0.0 4939
1752747215026 0.0 4949
1752747215483 0.0 4959
1752747215937 0.0 4969
1752747216392 0.0 4979
1752747216863 0.0 4989
1752747217329 0.0 4999
1752747217784 0.0 5009
1752747218240 0.0 5019
1752747218703 0.0 5029
1752747219159 0.0 5039
1752747219618 0.0 5049
1752747220075 0.0 5059
1752747220539 0.0 5069
1752747220994 0.0 5079
1752747221451 0.0 5089
1752747221930 0.0 5099
1752747222392 0.0 5109
1752747222849 0.0 5119
1752747223305 0.0 5129
1752747223760 0.0 5139
1752747224215 0.0 5149
1752747224670 0.0 5159
1752747225125 0.0 5169
1752747225582 0.0 5179
1752747226038 0.0 5189
1752747226494 0.0 5199
1752747226960 0.0 5209
1752747227417 0.0 5219
1752747227873 0.0 5229
1752747228330 0.0 5239
1752747228786 0.0 5249
1752747229241 0.0 5259
1752747229696 0.0 5269
1752747230152 0.0 5279
1752747230609 0.0 5289
1752747231063 0.0 5299
1752747231518 0.0 5309
1752747231979 0.0 5319
1752747232435 0.0 5329
1752747232889 0.0 5339
1752747233345 0.0 5349
1752747233800 0.0 5359
1752747234257 0.0 5369
1752747234715 0.0 5379
1752747235170 0.0 5389
1752747235624 0.0 5399
1752747236079 0.0 5409
1752747236534 0.0 5419
1752747237000 0.0 5429
1752747237455 0.0 5439
1752747237920 0.0 5449
1752747238375 0.0 5459
1752747238830 0.0 5469
1752747239284 0.0 5479
1752747239738 0.0 5489
1752747240192 0.0 5499
1752747240644 0.0 5509
1752747241104 0.0 5519
1752747241556 0.0 5529
1752747242019 0.0 5539
1752747242473 0.0 5549
1752747242927 0.0 5559
1752747243380 0.0 5569
1752747243839 0.0 5579
1752747244300 0.0 5589
1752747244753 0.0 5599
1752747245209 0.0 5609
1752747245664 0.0 5619
1752747246120 0.0 5629
1752747246576 0.0 5639
1752747247031 0.0 5649
1752747247486 0.0 5659
1752747247942 0.0 5669
1752747248398 0.0 5679
1752747248855 0.0 5689
1752747249312 0.0 5699
1752747249768 0.0 5709
1752747250225 0.0 5719
1752747250678 0.0 5729
1752747251132 0.0 5739
1752747251584 0.0 5749
1752747252045 0.0 5759
1752747252497 0.0 5769
1752747252954 0.0 5779
1752747253410 0.0 5789
1752747253866 0.0 5799
1752747254322 0.0 5809
1752747254777 0.0 5819
1752747255231 0.0 5829
1752747255693 0.0 5839
1752747256148 0.0 5849
1752747256602 0.0 5859
1752747257065 0.0 5869
1752747257520 0.0 5879
1752747257975 0.0 5889
1752747258433 0.0 5899
1752747258892 0.0 5909
1752747259354 0.0 5919
1752747259807 0.0 5929
1752747260261 0.0 5939
1752747260716 0.0 5949
1752747261169 0.0 5959
1752747261621 0.0 5969
1752747262083 0.0 5979
1752747262543 0.0 5989
1752747262996 0.0 5999
1752747263448 0.0 6009
1752747263901 0.0 6019
1752747264356 0.0 6029
1752747264815 0.0 6039
1752747265271 0.0 6049
1752747265726 0.0 6059
1752747266181 0.0 6069
1752747266636 0.0 6079
1752747267097 0.0 6089
1752747267552 0.0 6099
1752747268004 0.0 6109
1752747268457 0.0 6119
1752747268910 0.0 6129
1752747269365 0.0 6139
1752747269819 0.0 6149
1752747270271 0.0 6159
1752747270724 0.0 6169
1752747271177 0.0 6179
1752747271630 0.0 6189
1752747272084 0.0 6199
1752747272547 0.0 6209
1752747273000 0.0 6219
1752747273454 0.0 6229
1752747273907 0.0 6239
1752747274361 0.0 6249
1752747274815 0.0 6259
1752747275269 0.0 6269
1752747275723 0.0 6279
1752747276178 0.0 6289
1752747276632 0.0 6299
1752747277084 0.0 6309
1752747277545 0.0 6319
1752747278000 0.0 6329
1752747278474 0.0 6339
1752747278928 0.0 6349
1752747279380 0.0 6359
1752747279835 0.0 6369
1752747280288 0.0 6379
1752747280744 0.0 6389
1752747281197 0.0 6399
1752747281651 0.0 6409
1752747282107 0.0 6419
1752747282577 0.0 6429
1752747283039 0.0 6439
1752747283507 0.0 6449
1752747283969 0.0 6459
1752747284431 0.0 6469
1752747284894 0.0 6479
1752747285350 0.0 6489
1752747285813 0.0 6499
1752747286275 0.0 6509
1752747286736 0.0 6519
