1752746989020 24.35059356689453 9
1752746989495 24.89845848083496 19
1752746989949 25.807727813720703 29
1752746990405 25.89411163330078 39
1752746990863 25.32058334350586 49
1752746991323 25.38956069946289 59
1752746991779 25.182781219482422 69
1752746992235 25.002758026123047 79
1752746992689 24.806121826171875 89
1752746993141 24.734079360961914 99
1752746993595 24.455026626586914 109
1752746994045 25.011625289916992 119
1752746994520 24.46753692626953 129
1752746994975 24.99199867248535 139
1752746995430 24.812536239624023 149
1752746995890 24.969297409057617 159
1752746996345 24.712371826171875 169
1752746996801 25.060138702392578 179
1752746997255 24.956438064575195 189
1752746997708 24.98919677734375 199
1752746998162 24.702049255371094 209
1752746998616 24.79241943359375 219
1752746999070 25.038528442382812 229
1752746999534 24.81585693359375 239
1752746999990 24.927913665771484 249
1752747000441 24.820438385009766 259
1752747000894 24.897071838378906 269
1752747001347 25.03167724609375 279
1752747001803 24.581806182861328 289
1752747002264 24.71524429321289 299
1752747002721 24.690589904785156 309
1752747003174 24.5809383392334 319
1752747003629 24.271825790405273 329
1752747004086 24.827045440673828 339
1752747004550 24.47317123413086 349
1752747005010 24.424272537231445 359
1752747005467 24.637115478515625 369
1752747005932 24.682052612304688 379
1752747006388 24.429271697998047 389
1752747006849 24.295867919921875 399
1752747007302 24.393383026123047 409
1752747007753 24.491134643554688 419
1752747008205 24.615989685058594 429
1752747008659 24.12417221069336 439
1752747009115 24.014768600463867 449
1752747009580 23.98471450805664 459
1752747010036 24.336658477783203 469
1752747010491 24.194091796875 479
1752747010947 23.976516723632812 489
1752747011408 24.015216827392578 499
1752747011863 24.041824340820312 509
1752747012327 23.71430206298828 519
1752747012781 23.764610290527344 529
1752747013238 23.732648849487305 539
1752747013697 23.532976150512695 549
1752747014167 23.426849365234375 559
1752747014646 23.872167587280273 569
1752747015113 23.489147186279297 579
1752747015592 23.181594848632812 589
1752747016050 23.35926055908203 599
1752747016508 23.445838928222656 609
1752747016969 23.437894821166992 619
1752747017443 23.224515914916992 629
1752747017904 23.431636810302734 639
1752747018367 23.1859073638916 649
1752747018837 23.106525421142578 659
1752747019302 23.032424926757812 669
1752747019766 22.897850036621094 679
1752747020222 22.768646240234375 689
1752747020675 22.990650177001953 699
1752747021136 22.85552215576172 709
1752747021593 22.961856842041016 719
1752747022047 22.734161376953125 729
1752747022512 22.812515258789062 739
1752747022967 22.88935089111328 749
1752747023420 22.884716033935547 759
1752747023874 22.46759033203125 769
1752747024328 22.423091888427734 779
1752747024781 22.398731231689453 789
1752747025234 22.300540924072266 799
1752747025688 22.55019760131836 809
1752747026151 22.15180206298828 819
1752747026613 22.401691436767578 829
1752747027079 22.174049377441406 839
1752747027533 22.193187713623047 849
1752747027988 22.130809783935547 859
1752747028444 22.035648345947266 869
1752747028905 22.047794342041016 879
1752747029362 21.79157257080078 889
1752747029824 21.583698272705078 899
1752747030299 21.73139190673828 909
1752747030764 21.771005630493164 919
1752747031230 21.549072265625 929
1752747031690 21.47888946533203 939
1752747032149 21.49589729309082 949
1752747032611 21.538047790527344 959
1752747033068 21.27985382080078 969
1752747033532 21.316253662109375 979
1752747033991 21.367969512939453 989
1752747034447 21.332895278930664 999
1752747034910 21.1535587310791 1009
1752747035365 21.07007598876953 1019
1752747035819 21.076492309570312 1029
1752747036277 20.96535873413086 1039
1752747036727 21.0568904876709 1049
1752747037178 20.82711410522461 1059
1752747037629 20.852832794189453 1069
1752747038079 20.758947372436523 1079
1752747038530 20.694412231445312 1089
1752747038982 20.727378845214844 1099
1752747039436 20.708984375 1109
1752747039891 20.395755767822266 1119
1752747040347 20.399314880371094 1129
1752747040799 20.532949447631836 1139
1752747041250 20.00177764892578 1149
1752747041713 20.128938674926758 1159
1752747042165 20.258575439453125 1169
1752747042617 20.220794677734375 1179
1752747043069 20.190399169921875 1189
1752747043523 20.079490661621094 1199
1752747043977 19.912158966064453 1209
1752747044432 19.98370933532715 1219
1752747044886 20.059627532958984 1229
1752747045338 20.016490936279297 1239
1752747045791 19.826770782470703 1249
1752747046244 19.76581382751465 1259
1752747046704 19.808744430541992 1269
1752747047165 19.694332122802734 1279
1752747047622 19.7542667388916 1289
1752747048079 19.702537536621094 1299
1752747048532 19.664642333984375 1309
1752747048993 19.521459579467773 1319
1752747049446 19.276229858398438 1329
1752747049900 19.387908935546875 1339
1752747050354 19.237525939941406 1349
1752747050809 19.418689727783203 1359
1752747051263 19.330875396728516 1369
1752747051720 19.110158920288086 1379
1752747052190 19.027454376220703 1389
1752747052646 19.14867401123047 1399
1752747053102 18.960865020751953 1409
1752747053555 18.885356903076172 1419
1752747054008 18.826570510864258 1429
1752747054462 18.805572509765625 1439
1752747054915 18.82705307006836 1449
1752747055368 18.529813766479492 1459
1752747055822 18.576854705810547 1469
1752747056277 18.542362213134766 1479
1752747056735 18.413494110107422 1489
1752747057207 18.212127685546875 1499
1752747057674 18.217914581298828 1509
1752747058132 18.353939056396484 1519
1752747058590 18.3948974609375 1529
1752747059047 18.231733322143555 1539
1752747059503 18.134445190429688 1549
1752747059964 18.119295120239258 1559
1752747060422 18.254535675048828 1569
1752747060877 18.19189453125 1579
1752747061335 18.080951690673828 1589
1752747061790 17.98766326904297 1599
1752747062256 18.01276969909668 1609
1752747062713 17.82795524597168 1619
1752747063171 17.698474884033203 1629
1752747063628 17.704973220825195 1639
1752747064084 17.569250106811523 1649
1752747064542 17.567604064941406 1659
1752747064998 17.492145538330078 1669
1752747065452 17.524614334106445 1679
1752747065907 17.2679500579834 1689
1752747066363 17.2833251953125 1699
1752747066819 17.341419219970703 1709
1752747067280 17.15526580810547 1719
1752747067733 17.290481567382812 1729
1752747068186 17.1777286529541 1739
1752747068641 17.154861450195312 1749
1752747069095 17.077539443969727 1759
1752747069552 17.11758041381836 1769
1752747070016 16.863231658935547 1779
1752747070471 17.017837524414062 1789
1752747070928 16.981088638305664 1799
1752747071387 16.8765869140625 1809
1752747071844 16.946720123291016 1819
1752747072311 16.90729522705078 1829
1752747072768 16.80724334716797 1839
1752747073231 16.442272186279297 1849
1752747073688 16.353736877441406 1859
1752747074152 16.371822357177734 1869
1752747074615 16.477352142333984 1879
1752747075075 16.553104400634766 1889
1752747075561 16.428348541259766 1899
1752747076023 16.47113800048828 1909
1752747076478 16.45587158203125 1919
1752747076929 16.432750701904297 1929
1752747077391 16.219892501831055 1939
1752747077842 16.139057159423828 1949
1752747078302 16.28144645690918 1959
1752747078758 16.037851333618164 1969
1752747079214 16.073991775512695 1979
1752747079674 16.040836334228516 1989
1752747080139 15.728819847106934 1999
1752747080597 16.045820236206055 2009
1752747081051 15.804198265075684 2019
1752747081503 15.495661735534668 2029
1752747081955 15.796785354614258 2039
1752747082415 15.431133270263672 2049
1752747082872 15.4857177734375 2059
1752747083333 15.571760177612305 2069
1752747083787 15.339125633239746 2079
1752747084240 15.3750638961792 2089
1752747084695 15.631893157958984 2099
1752747085149 15.4264497756958 2109
1752747085606 15.354302406311035 2119
1752747086061 15.408405303955078 2129
1752747086517 15.422701835632324 2139
1752747086978 14.906538009643555 2149
1752747087440 15.102418899536133 2159
1752747087893 14.863102912902832 2169
1752747088345 14.754987716674805 2179
1752747088801 14.777079582214355 2189
1752747089258 14.714591979980469 2199
1752747089711 14.894323348999023 2209
1752747090171 14.681411743164062 2219
1752747090631 14.769039154052734 2229
1752747091095 14.438811302185059 2239
1752747091551 14.602301597595215 2249
1752747092007 14.65637493133545 2259
1752747092480 14.50051498413086 2269
1752747092936 14.449363708496094 2279
1752747093392 14.448648452758789 2289
1752747093859 14.143375396728516 2299
1752747094324 14.29640007019043 2309
1752747094782 14.302984237670898 2319
1752747095236 14.097536087036133 2329
1752747095700 14.06736946105957 2339
1752747096156 14.118921279907227 2349
1752747096610 14.074512481689453 2359
1752747097072 13.958982467651367 2369
1752747097525 13.671825408935547 2379
1752747097975 13.844276428222656 2389
1752747098427 13.915685653686523 2399
1752747098878 13.553266525268555 2409
1752747099331 13.678666114807129 2419
1752747099783 13.629596710205078 2429
1752747100238 13.589343070983887 2439
1752747100690 13.694684982299805 2449
1752747101143 13.546001434326172 2459
1752747101597 13.51866340637207 2469
1752747102050 13.490124702453613 2479
1752747102510 13.423070907592773 2489
1752747102974 13.232939720153809 2499
1752747103430 13.474447250366211 2509
1752747103886 13.194976806640625 2519
1752747104348 13.062714576721191 2529
1752747104804 13.252107620239258 2539
1752747105260 12.947505950927734 2549
1752747105716 12.796409606933594 2559
1752747106171 12.899116516113281 2569
1752747106628 12.924860954284668 2579
1752747107087 12.794981002807617 2589
1752747107551 12.80129337310791 2599
1752747108020 12.621644973754883 2609
1752747108478 12.823324203491211 2619
1752747108939 12.77419662475586 2629
1752747109394 12.750578880310059 2639
1752747109851 12.497864723205566 2649
1752747110441 12.393659591674805 2659
1752747110901 12.39946174621582 2669
1752747111354 12.518360137939453 2679
1752747111810 12.402586936950684 2689
1752747112266 12.395030975341797 2699
1752747112724 12.193120956420898 2709
1752747113187 12.371641159057617 2719
1752747113642 12.447758674621582 2729
1752747114099 12.088356018066406 2739
1752747114556 12.198220252990723 2749
1752747115014 11.980428695678711 2759
1752747115472 12.045553207397461 2769
1752747115929 11.923463821411133 2779
1752747116384 12.06658935546875 2789
1752747116837 12.077726364135742 2799
1752747117289 11.927437782287598 2809
1752747117744 11.79680061340332 2819
1752747118208 11.788503646850586 2829
1752747118664 11.61832046508789 2839
1752747119120 11.527259826660156 2849
1752747119576 11.830204010009766 2859
1752747120034 11.749249458312988 2869
1752747120490 11.278650283813477 2879
1752747120945 11.491397857666016 2889
1752747121402 11.368471145629883 2899
1752747121860 11.279756546020508 2909
1752747122315 11.295944213867188 2919
1752747122769 11.347884178161621 2929
1752747123233 11.290064811706543 2939
1752747123688 11.172225952148438 2949
1752747124143 11.34773063659668 2959
1752747124599 11.147187232971191 2969
1752747125053 11.324027061462402 2979
1752747125506 11.002633094787598 2989
1752747125963 10.973390579223633 2999
1752747126419 10.901809692382812 3009
1752747126875 10.862752914428711 3019
1752747127332 10.756492614746094 3029
1752747127789 10.701826095581055 3039
1752747128244 10.686714172363281 3049
1752747128700 10.42978286743164 3059
1752747129154 10.581230163574219 3069
1752747129609 10.432209014892578 3079
1752747130064 10.420780181884766 3089
1752747130520 10.443354606628418 3099
1752747130977 10.11668586730957 3109
1752747131434 10.277201652526855 3119
1752747131893 10.333949089050293 3129
1752747132350 10.574921607971191 3139
1752747132807 10.069007873535156 3149
1752747133273 10.025032043457031 3159
1752747133730 9.950011253356934 3169
1752747134187 10.258451461791992 3179
1752747134645 10.225088119506836 3189
1752747135103 10.017532348632812 3199
1752747135563 9.981706619262695 3209
1752747136018 9.753183364868164 3219
1752747136468 9.714962005615234 3229
1752747136920 9.969252586364746 3239
1752747137370 9.918025016784668 3249
1752747137822 10.035453796386719 3259
1752747138273 9.604545593261719 3269
1752747138725 9.460345268249512 3279
1752747139204 9.551624298095703 3289
1752747139655 9.900188446044922 3299
1752747140108 9.533708572387695 3309
1752747140560 9.775632858276367 3319
1752747141022 9.331148147583008 3329
1752747141475 9.626993179321289 3339
1752747141926 9.494584083557129 3349
1752747142382 9.279277801513672 3359
1752747142837 9.572602272033691 3369
1752747143298 8.968777656555176 3379
1752747143754 9.243983268737793 3389
1752747144211 9.35251235961914 3399
1752747144670 9.24814510345459 3409
1752747145126 8.882701873779297 3419
1752747145581 9.03976058959961 3429
1752747146043 9.040290832519531 3439
1752747146499 9.277030944824219 3449
1752747146954 8.926084518432617 3459
1752747147407 9.028888702392578 3469
1752747147861 8.632973670959473 3479
1752747148322 8.715913772583008 3489
1752747148776 8.840360641479492 3499
1752747149229 8.854520797729492 3509
1752747149696 8.846822738647461 3519
1752747150153 8.649866104125977 3529
1752747150606 8.744306564331055 3539
1752747151080 8.646514892578125 3549
1752747151540 8.415593147277832 3559
1752747151995 8.123666763305664 3569
1752747152452 8.50393009185791 3579
1752747152907 8.392953872680664 3589
1752747153360 8.645137786865234 3599
1752747153833 8.448949813842773 3609
1752747154285 8.107332229614258 3619
1752747154750 8.176368713378906 3629
1752747155220 7.927772521972656 3639
1752747155672 8.174938201904297 3649
1752747156139 8.473320960998535 3659
1752747156592 8.24863052368164 3669
1752747157043 8.061643600463867 3679
1752747157500 8.18486213684082 3689
1752747157951 7.988308429718018 3699
1752747158401 7.962214469909668 3709
1752747158853 7.820158958435059 3719
1752747159305 7.839455604553223 3729
1752747159757 7.504786968231201 3739
1752747160213 7.701133728027344 3749
1752747160667 7.922563076019287 3759
1752747161120 7.5451459884643555 3769
1752747161579 7.732120513916016 3779
1752747162030 7.764375686645508 3789
1752747162481 7.345912456512451 3799
1752747162932 7.621253967285156 3809
1752747163382 7.616970539093018 3819
1752747163835 7.392743110656738 3829
1752747164288 7.619184970855713 3839
1752747164741 7.455031394958496 3849
1752747165218 7.448744773864746 3859
1752747165670 7.617749214172363 3869
1752747166123 7.275454521179199 3879
1752747166583 7.052944183349609 3889
1752747167034 7.555829048156738 3899
1752747167486 7.44183349609375 3909
1752747167941 6.954110145568848 3919
1752747168393 7.495408058166504 3929
1752747168855 7.31425666809082 3939
1752747169309 7.122657775878906 3949
1752747169765 6.921535491943359 3959
1752747170221 6.991710186004639 3969
1752747170677 7.096958637237549 3979
1752747171132 7.03242301940918 3989
1752747171597 6.950150489807129 3999
1752747172052 7.020084857940674 4009
1752747172507 7.072597980499268 4019
1752747172963 6.970609664916992 4029
1752747173416 6.906651973724365 4039
1752747173872 6.688624382019043 4049
1752747174327 6.857161521911621 4059
1752747174784 6.3276448249816895 4069
1752747175252 6.4910478591918945 4079
1752747175706 6.69925594329834 4089
1752747176160 6.4182233810424805 4099
1752747176624 6.592752933502197 4109
1752747177078 6.444865703582764 4119
1752747177532 6.557767868041992 4129
1752747177988 6.653833389282227 4139
1752747178443 6.151618957519531 4149
1752747178898 6.238912582397461 4159
1752747179352 6.424765110015869 4169
1752747179808 6.362632751464844 4179
1752747180262 6.3031005859375 4189
1752747180718 6.297598361968994 4199
1752747181176 6.109321594238281 4209
1752747181638 5.983806610107422 4219
1752747182095 6.223994255065918 4229
1752747182554 6.0716552734375 4239
1752747183009 6.487481594085693 4249
1752747183469 5.9718217849731445 4259
1752747183925 5.977099418640137 4269
1752747184385 6.264625072479248 4279
1752747184843 5.984941005706787 4289
1752747185299 6.092024803161621 4299
1752747185754 6.22603702545166 4309
1752747186221 6.0416059494018555 4319
1752747186683 5.58750057220459 4329
1752747187136 5.923556804656982 4339
1752747187589 5.899992942810059 4349
1752747188054 5.8291215896606445 4359
1752747188521 5.812419891357422 4369
1752747188978 5.74221134185791 4379
1752747189435 5.659571647644043 4389
1752747189888 5.777994155883789 4399
1752747190344 6.020394325256348 4409
1752747190800 5.725209712982178 4419
1752747191254 5.730476379394531 4429
1752747191718 5.434993743896484 4439
1752747192176 5.625187873840332 4449
1752747192631 5.526080131530762 4459
1752747193086 5.307855606079102 4469
1752747193539 5.615332126617432 4479
1752747193995 5.4927978515625 4489
1752747194448 5.0931396484375 4499
1752747194903 5.190084457397461 4509
1752747195357 5.3378801345825195 4519
1752747195813 5.45588493347168 4529
1752747196270 5.7296905517578125 4539
1752747196739 5.317583084106445 4549
1752747197194 5.475574016571045 4559
1752747197650 5.174994468688965 4569
1752747198105 5.786272048950195 4579
1752747198561 5.687889575958252 4589
1752747199018 5.212622165679932 4599
1752747199473 5.299981117248535 4609
1752747199928 5.921509265899658 4619
1752747200383 5.334843158721924 4629
1752747200841 5.198370456695557 4639
1752747201298 5.121694564819336 4649
1752747201762 5.532080173492432 4659
1752747202218 5.257327079772949 4669
1752747202673 5.290526390075684 4679
1752747203131 5.13097620010376 4689
1752747203589 4.773536682128906 4699
1752747204044 4.963479042053223 4709
1752747204503 5.057094573974609 4719
1752747204959 5.2954816818237305 4729
1752747205416 5.409409999847412 4739
1752747205875 5.060573577880859 4749
1752747206332 5.126443862915039 4759
1752747206798 5.142088890075684 4769
1752747207254 4.821066856384277 4779
1752747207710 5.108457088470459 4789
1752747208167 4.994270324707031 4799
1752747208623 4.920735836029053 4809
1752747209082 5.016218185424805 4819
1752747209536 4.592802047729492 4829
1752747209994 4.950491428375244 4839
1752747210453 4.6756696701049805 4849
1752747210909 4.940033912658691 4859
1752747211365 4.1913580894470215 4869
1752747211833 5.169441223144531 4879
1752747212288 4.475258827209473 4889
1752747212744 4.3346357345581055 4899
1752747213200 4.538595199584961 4909
1752747213656 4.45017147064209 4919
1752747214114 4.550107002258301 4929
1752747214570 4.443202018737793 4939
1752747215026 4.525296211242676 4949
1752747215483 4.5063982009887695 4959
1752747215937 4.59675407409668 4969
1752747216392 4.480925559997559 4979
1752747216863 4.655972480773926 4989
1752747217329 4.7215752601623535 4999
1752747217784 4.437312126159668 5009
1752747218240 4.221696853637695 5019
1752747218703 4.735748291015625 5029
1752747219159 4.611161708831787 5039
1752747219618 4.576622009277344 5049
1752747220075 4.305238723754883 5059
1752747220539 4.421273231506348 5069
1752747220994 4.913521766662598 5079
1752747221451 4.392621040344238 5089
1752747221930 4.362966537475586 5099
1752747222392 4.455089569091797 5109
1752747222849 4.371018409729004 5119
1752747223305 4.382134437561035 5129
1752747223760 4.382003307342529 5139
1752747224215 4.239282131195068 5149
1752747224670 4.129420280456543 5159
1752747225125 4.163112163543701 5169
1752747225582 3.9589409828186035 5179
1752747226038 3.9787611961364746 5189
1752747226494 4.242690086364746 5199
1752747226960 4.447684288024902 5209
1752747227417 4.081227779388428 5219
1752747227873 4.290562629699707 5229
1752747228330 3.9236252307891846 5239
1752747228786 4.420567512512207 5249
1752747229241 3.836448907852173 5259
1752747229696 4.095635890960693 5269
1752747230152 3.966492176055908 5279
1752747230609 4.33775520324707 5289
1752747231063 3.980536460876465 5299
1752747231518 4.003791809082031 5309
1752747231979 3.968540906906128 5319
1752747232435 3.878756284713745 5329
1752747232889 4.037243843078613 5339
1752747233345 3.683305501937866 5349
1752747233800 3.8793559074401855 5359
1752747234257 4.039262294769287 5369
1752747234715 3.6475584506988525 5379
1752747235170 3.972609758377075 5389
1752747235624 3.6326675415039062 5399
1752747236079 3.601146936416626 5409
1752747236534 3.500885009765625 5419
1752747237000 3.808762550354004 5429
1752747237455 4.081911087036133 5439
1752747237920 3.7166054248809814 5449
1752747238375 3.7114851474761963 5459
1752747238830 3.848294258117676 5469
1752747239284 3.6099963188171387 5479
1752747239738 4.113622188568115 5489
1752747240192 3.6419057846069336 5499
1752747240644 3.4275527000427246 5509
1752747241104 3.6638906002044678 5519
1752747241556 3.8020260334014893 5529
1752747242019 4.046228408813477 5539
1752747242473 3.8235669136047363 5549
1752747242927 4.1005353927612305 5559
1752747243380 3.3917183876037598 5569
1752747243839 3.637669086456299 5579
1752747244300 3.4891481399536133 5589
1752747244753 3.7317466735839844 5599
1752747245209 3.3913345336914062 5609
1752747245664 3.373657703399658 5619
1752747246120 3.5240237712860107 5629
1752747246576 3.4816551208496094 5639
1752747247031 3.4464335441589355 5649
1752747247486 3.4275074005126953 5659
1752747247942 3.8466193675994873 5669
1752747248398 3.441950798034668 5679
1752747248855 3.600647449493408 5689
1752747249312 3.8152360916137695 5699
1752747249768 3.1644580364227295 5709
1752747250225 3.0904922485351562 5719
1752747250678 3.235790252685547 5729
1752747251132 3.2051143646240234 5739
1752747251584 3.5614423751831055 5749
1752747252045 3.326148509979248 5759
1752747252497 3.525380849838257 5769
1752747252954 3.4638967514038086 5779
1752747253410 3.7163047790527344 5789
1752747253866 3.412929058074951 5799
1752747254322 3.441291570663452 5809
1752747254777 3.1298818588256836 5819
1752747255231 3.445575475692749 5829
1752747255693 3.0945913791656494 5839
1752747256148 3.580881118774414 5849
1752747256602 3.2327880859375 5859
1752747257065 3.563413143157959 5869
1752747257520 3.3784584999084473 5879
1752747257975 3.228254556655884 5889
1752747258433 3.528141975402832 5899
1752747258892 3.27628231048584 5909
1752747259354 3.4496307373046875 5919
1752747259807 3.424030303955078 5929
1752747260261 3.38132381439209 5939
1752747260716 3.316652297973633 5949
1752747261169 3.1059422492980957 5959
1752747261621 2.8210978507995605 5969
1752747262083 3.4709033966064453 5979
1752747262543 3.457632541656494 5989
1752747262996 3.3353919982910156 5999
1752747263448 3.0525460243225098 6009
1752747263901 3.097525119781494 6019
1752747264356 3.1642403602600098 6029
1752747264815 2.911627769470215 6039
1752747265271 3.319362163543701 6049
1752747265726 3.5762453079223633 6059
1752747266181 3.3695788383483887 6069
1752747266636 3.2008166313171387 6079
1752747267097 3.2054405212402344 6089
1752747267552 3.056300163269043 6099
1752747268004 3.038105010986328 6109
1752747268457 3.3012304306030273 6119
1752747268910 3.137747049331665 6129
1752747269365 3.438690423965454 6139
1752747269819 2.8715896606445312 6149
1752747270271 3.2819223403930664 6159
1752747270724 3.285615921020508 6169
1752747271177 3.264667272567749 6179
1752747271630 3.0943548679351807 6189
1752747272084 3.2262916564941406 6199
1752747272547 3.1066198348999023 6209
1752747273000 3.154399871826172 6219
1752747273454 3.365139961242676 6229
1752747273907 2.770202159881592 6239
1752747274361 3.1164143085479736 6249
1752747274815 3.085245132446289 6259
1752747275269 3.209223985671997 6269
1752747275723 2.667052745819092 6279
1752747276178 3.1216251850128174 6289
1752747276632 3.008139133453369 6299
1752747277084 3.209564208984375 6309
1752747277545 2.9167323112487793 6319
1752747278000 3.016563892364502 6329
1752747278474 3.1080000400543213 6339
1752747278928 3.1854248046875 6349
1752747279380 3.259786367416382 6359
1752747279835 3.0872726440429688 6369
1752747280288 3.050271987915039 6379
1752747280744 3.100630283355713 6389
1752747281197 2.8730645179748535 6399
1752747281651 3.0500214099884033 6409
1752747282107 2.9546713829040527 6419
1752747282577 3.4098737239837646 6429
1752747283039 2.8264269828796387 6439
1752747283507 3.1641969680786133 6449
1752747283969 2.8656535148620605 6459
1752747284431 2.8645925521850586 6469
1752747284894 3.0312986373901367 6479
1752747285350 2.7234110832214355 6489
1752747285813 3.15818452835083 6499
1752747286275 2.6150500774383545 6509
1752747286736 3.223358631134033 6519
