1752746989020 0.8878090381622314 9
1752746989495 0.747918963432312 19
1752746989949 0.5451229214668274 29
1752746990405 0.9792447090148926 39
1752746990863 0.6348063349723816 49
1752746991323 0.38792309165000916 59
1752746991779 0.37644314765930176 69
1752746992235 0.4444873631000519 79
1752746992689 0.44870492815971375 89
1752746993141 0.4574752449989319 99
1752746993595 0.35795214772224426 109
1752746994045 0.8055979013442993 119
1752746994520 0.3038933575153351 129
1752746994975 0.45537418127059937 139
1752746995430 0.40195220708847046 149
1752746995890 0.5025888085365295 159
1752746996345 0.5889418721199036 169
1752746996801 0.33631396293640137 179
1752746997255 0.3983139991760254 189
1752746997708 0.39215224981307983 199
1752746998162 0.32847973704338074 209
1752746998616 0.46622151136398315 219
1752746999070 0.410602867603302 229
1752746999534 0.5728355646133423 239
1752746999990 0.34849804639816284 249
1752747000441 0.31615787744522095 259
1752747000894 0.6108394265174866 269
1752747001347 0.29967260360717773 279
1752747001803 0.5044445395469666 289
1752747002264 0.34518665075302124 299
1752747002721 0.4921030104160309 309
1752747003174 0.3343421220779419 319
1752747003629 0.3706970810890198 329
1752747004086 0.4007537364959717 339
1752747004550 0.29127639532089233 349
1752747005010 0.3348791003227234 359
1752747005467 0.32989931106567383 369
1752747005932 0.30118459463119507 379
1752747006388 0.318067342042923 389
1752747006849 0.3428404927253723 399
1752747007302 0.3373599052429199 409
1752747007753 0.39695632457733154 419
1752747008205 0.2862269878387451 429
1752747008659 0.8247501850128174 439
1752747009115 0.2388410121202469 449
1752747009580 0.31174206733703613 459
1752747010036 0.29479265213012695 469
1752747010491 0.36757969856262207 479
1752747010947 1.0831960439682007 489
1752747011408 0.380185604095459 499
1752747011863 0.45812737941741943 509
1752747012327 0.30561116337776184 519
1752747012781 0.4620947539806366 529
1752747013238 0.47306185960769653 539
1752747013697 0.26918935775756836 549
1752747014167 0.22496461868286133 559
1752747014646 0.25278306007385254 569
1752747015113 0.2279738187789917 579
1752747015592 0.213863804936409 589
1752747016050 0.23569822311401367 599
1752747016508 0.21928885579109192 609
1752747016969 0.33834630250930786 619
1752747017443 0.3208191990852356 629
1752747017904 0.19437608122825623 639
1752747018367 0.6681333780288696 649
1752747018837 0.25708043575286865 659
1752747019302 0.2163788378238678 669
1752747019766 0.20461532473564148 679
1752747020222 0.32770076394081116 689
1752747020675 0.2151668518781662 699
1752747021136 0.26410549879074097 709
1752747021593 0.2087963968515396 719
1752747022047 0.35815200209617615 729
1752747022512 0.33355575799942017 739
1752747022967 0.2736503779888153 749
1752747023420 0.31895023584365845 759
1752747023874 0.3167691230773926 769
1752747024328 0.4250473976135254 779
1752747024781 0.2562015652656555 789
1752747025234 0.33586257696151733 799
1752747025688 0.26679497957229614 809
1752747026151 0.2939082384109497 819
1752747026613 0.296325147151947 829
1752747027079 0.2138158082962036 839
1752747027533 0.25149670243263245 849
1752747027988 0.22653236985206604 859
1752747028444 0.36727845668792725 869
1752747028905 0.5793815851211548 879
1752747029362 0.45673513412475586 889
1752747029824 0.5390605926513672 899
1752747030299 0.3101974427700043 909
1752747030764 0.2627718448638916 919
1752747031230 0.23277321457862854 929
1752747031690 0.3166431784629822 939
1752747032149 0.2551286816596985 949
1752747032611 0.2702879011631012 959
1752747033068 0.30138087272644043 969
1752747033532 0.5413500070571899 979
1752747033991 0.29316526651382446 989
1752747034447 0.2732880413532257 999
1752747034910 0.22226737439632416 1009
1752747035365 0.45620638132095337 1019
1752747035819 0.3189445734024048 1029
1752747036277 0.2377636432647705 1039
1752747036727 0.37666192650794983 1049
1752747037178 0.2865859270095825 1059
1752747037629 0.41522184014320374 1069
1752747038079 0.27979767322540283 1079
1752747038530 0.5937393307685852 1089
1752747038982 0.19236573576927185 1099
1752747039436 0.21243950724601746 1109
1752747039891 0.35344716906547546 1119
1752747040347 0.51243656873703 1129
1752747040799 0.21689197421073914 1139
1752747041250 0.434060275554657 1149
1752747041713 0.2569471001625061 1159
1752747042165 0.22528985142707825 1169
1752747042617 0.25811251997947693 1179
1752747043069 0.3340030610561371 1189
1752747043523 0.251045823097229 1199
1752747043977 0.2208654284477234 1209
1752747044432 0.3318629264831543 1219
1752747044886 0.28815022110939026 1229
1752747045338 0.24729226529598236 1239
1752747045791 0.41766655445098877 1249
1752747046244 0.3939436078071594 1259
1752747046704 0.3290911316871643 1269
1752747047165 0.3165939450263977 1279
1752747047622 0.21767589449882507 1289
1752747048079 0.23689568042755127 1299
1752747048532 0.22866882383823395 1309
1752747048993 0.6841567158699036 1319
1752747049446 0.2664146423339844 1329
1752747049900 0.9985215067863464 1339
1752747050354 0.24906283617019653 1349
1752747050809 0.2926948070526123 1359
1752747051263 0.2601511478424072 1369
1752747051720 0.23171716928482056 1379
1752747052190 0.2535596191883087 1389
1752747052646 0.2723568081855774 1399
1752747053102 0.2972005605697632 1409
1752747053555 0.4308236539363861 1419
1752747054008 0.24524226784706116 1429
1752747054462 0.23826652765274048 1439
1752747054915 0.19731196761131287 1449
1752747055368 0.2116987407207489 1459
1752747055822 0.27867138385772705 1469
1752747056277 0.33069664239883423 1479
1752747056735 0.5556929707527161 1489
1752747057207 0.21140988171100616 1499
1752747057674 0.3760119080543518 1509
1752747058132 0.25965550541877747 1519
1752747058590 0.3914734721183777 1529
1752747059047 0.25659099221229553 1539
1752747059503 0.23711197078227997 1549
1752747059964 0.3316836953163147 1559
1752747060422 0.27985864877700806 1569
1752747060877 0.18523776531219482 1579
1752747061335 0.3918464779853821 1589
1752747061790 0.2796827554702759 1599
1752747062256 0.18655838072299957 1609
1752747062713 0.25662505626678467 1619
1752747063171 0.29877543449401855 1629
1752747063628 0.26618409156799316 1639
1752747064084 0.17902353405952454 1649
1752747064542 0.2917846441268921 1659
1752747064998 0.2571830451488495 1669
1752747065452 0.18161402642726898 1679
1752747065907 0.21164530515670776 1689
1752747066363 0.19783778488636017 1699
1752747066819 0.21035531163215637 1709
1752747067280 0.17440491914749146 1719
1752747067733 0.31914618611335754 1729
1752747068186 0.19752852618694305 1739
1752747068641 0.34809190034866333 1749
1752747069095 0.25191399455070496 1759
1752747069552 0.2272454798221588 1769
1752747070016 0.2770098149776459 1779
1752747070471 0.27730438113212585 1789
1752747070928 0.2791050374507904 1799
1752747071387 0.26176831126213074 1809
1752747071844 0.26624807715415955 1819
1752747072311 0.319253534078598 1829
1752747072768 0.3012642562389374 1839
1752747073231 0.16909277439117432 1849
1752747073688 0.3147546052932739 1859
1752747074152 0.24936053156852722 1869
1752747074615 0.21254862844944 1879
1752747075075 0.48419189453125 1889
1752747075561 0.20287126302719116 1899
1752747076023 0.3000108599662781 1909
1752747076478 0.1936798244714737 1919
1752747076929 0.18157169222831726 1929
1752747077391 0.35184207558631897 1939
1752747077842 0.3654118776321411 1949
1752747078302 0.23161694407463074 1959
1752747078758 0.5404374003410339 1969
1752747079214 0.7812209725379944 1979
1752747079674 0.885162889957428 1989
1752747080139 0.30396074056625366 1999
1752747080597 0.34737998247146606 2009
1752747081051 0.2863672375679016 2019
1752747081503 0.32046207785606384 2029
1752747081955 0.32865771651268005 2039
1752747082415 0.2951195538043976 2049
1752747082872 0.3329935669898987 2059
1752747083333 0.3434161841869354 2069
1752747083787 0.24236953258514404 2079
1752747084240 0.28517264127731323 2089
1752747084695 0.2736991047859192 2099
1752747085149 0.18540146946907043 2109
1752747085606 0.31019169092178345 2119
1752747086061 0.32736220955848694 2129
1752747086517 0.27487584948539734 2139
1752747086978 0.2311885952949524 2149
1752747087440 0.26041367650032043 2159
1752747087893 0.3393591642379761 2169
1752747088345 0.2235260307788849 2179
1752747088801 0.3080892264842987 2189
1752747089258 0.47534412145614624 2199
1752747089711 0.255121111869812 2209
1752747090171 0.5374698638916016 2219
1752747090631 0.24914300441741943 2229
1752747091095 0.18133817613124847 2239
1752747091551 0.25974082946777344 2249
1752747092007 0.22983843088150024 2259
1752747092480 0.25344783067703247 2269
1752747092936 0.6173115968704224 2279
1752747093392 0.3745962977409363 2289
1752747093859 0.43776780366897583 2299
1752747094324 0.18199265003204346 2309
1752747094782 0.17610763013362885 2319
1752747095236 0.2701319456100464 2329
1752747095700 0.22328484058380127 2339
1752747096156 0.2697485685348511 2349
1752747096610 0.40976136922836304 2359
1752747097072 0.2077818512916565 2369
1752747097525 0.22087135910987854 2379
1752747097975 0.20542971789836884 2389
1752747098427 0.5772470235824585 2399
1752747098878 0.24850527942180634 2409
1752747099331 0.2713829278945923 2419
1752747099783 0.3007279932498932 2429
1752747100238 0.24873605370521545 2439
1752747100690 0.1800118386745453 2449
1752747101143 0.6725313067436218 2459
1752747101597 0.28812289237976074 2469
1752747102050 0.19837602972984314 2479
1752747102510 0.19630929827690125 2489
1752747102974 0.20457839965820312 2499
1752747103430 0.2386305183172226 2509
1752747103886 0.6034425497055054 2519
1752747104348 0.7397644519805908 2529
1752747104804 0.8917217254638672 2539
1752747105260 0.21142235398292542 2549
1752747105716 0.19875624775886536 2559
1752747106171 0.2433721274137497 2569
1752747106628 0.20496228337287903 2579
1752747107087 0.30237606167793274 2589
1752747107551 0.24428820610046387 2599
1752747108020 0.23038625717163086 2609
1752747108478 0.22638078033924103 2619
1752747108939 0.1714816689491272 2629
1752747109394 0.24212661385536194 2639
1752747109851 0.21299895644187927 2649
1752747110441 0.23326516151428223 2659
1752747110901 0.20433974266052246 2669
1752747111354 0.13819684088230133 2679
1752747111810 0.19561275839805603 2689
1752747112266 0.3494264781475067 2699
1752747112724 0.20463180541992188 2709
1752747113187 0.28759774565696716 2719
1752747113642 0.3146316707134247 2729
1752747114099 0.22541972994804382 2739
1752747114556 0.20188367366790771 2749
1752747115014 0.6425223350524902 2759
1752747115472 0.18363027274608612 2769
1752747115929 0.24565687775611877 2779
1752747116384 0.18635641038417816 2789
1752747116837 0.16813093423843384 2799
1752747117289 0.2441747784614563 2809
1752747117744 0.24083472788333893 2819
1752747118208 0.31179100275039673 2829
1752747118664 0.26853495836257935 2839
1752747119120 0.23586544394493103 2849
1752747119576 0.1716206818819046 2859
1752747120034 0.17972227931022644 2869
1752747120490 0.26833948493003845 2879
1752747120945 0.7041099071502686 2889
1752747121402 0.2997574210166931 2899
1752747121860 0.23721148073673248 2909
1752747122315 0.3881385624408722 2919
1752747122769 0.2835521101951599 2929
1752747123233 0.27833545207977295 2939
1752747123688 0.2394672930240631 2949
1752747124143 0.343158096075058 2959
1752747124599 0.34506672620773315 2969
1752747125053 0.2859736680984497 2979
1752747125506 0.27937552332878113 2989
1752747125963 0.25666436553001404 2999
1752747126419 0.1335647702217102 3009
1752747126875 0.2756286859512329 3019
1752747127332 0.27993470430374146 3029
1752747127789 0.31676027178764343 3039
1752747128244 0.24101874232292175 3049
1752747128700 0.16407747566699982 3059
1752747129154 0.22046884894371033 3069
1752747129609 0.3236638903617859 3079
1752747130064 0.2724442481994629 3089
1752747130520 0.42425021529197693 3099
1752747130977 0.20459342002868652 3109
1752747131434 0.20524224638938904 3119
1752747131893 0.16517728567123413 3129
1752747132350 0.27026277780532837 3139
1752747132807 0.228321373462677 3149
1752747133273 0.28445473313331604 3159
1752747133730 0.2599276006221771 3169
1752747134187 0.49481257796287537 3179
1752747134645 0.16184179484844208 3189
1752747135103 0.18592116236686707 3199
1752747135563 0.35624027252197266 3209
1752747136018 0.29705139994621277 3219
1752747136468 0.24881267547607422 3229
1752747136920 0.3598730266094208 3239
1752747137370 0.268147349357605 3249
1752747137822 0.242539644241333 3259
1752747138273 0.25285160541534424 3269
1752747138725 0.1926184594631195 3279
1752747139204 0.1961938440799713 3289
1752747139655 0.41133132576942444 3299
1752747140108 0.19453483819961548 3309
1752747140560 0.23287846148014069 3319
1752747141022 0.21830669045448303 3329
1752747141475 0.30805227160453796 3339
1752747141926 0.3029448986053467 3349
1752747142382 0.3437765836715698 3359
1752747142837 0.19200673699378967 3369
1752747143298 0.19956517219543457 3379
1752747143754 0.2241402417421341 3389
1752747144211 0.21573477983474731 3399
1752747144670 0.2913926839828491 3409
1752747145126 0.27608931064605713 3419
1752747145581 0.23039761185646057 3429
1752747146043 0.30676794052124023 3439
1752747146499 0.14842921495437622 3449
1752747146954 0.21609137952327728 3459
1752747147407 0.24649447202682495 3469
1752747147861 0.18634946644306183 3479
1752747148322 0.1985318958759308 3489
1752747148776 0.23266172409057617 3499
1752747149229 0.6292771697044373 3509
1752747149696 0.18465405702590942 3519
1752747150153 0.19219830632209778 3529
1752747150606 0.4456843137741089 3539
1752747151080 0.197432741522789 3549
1752747151540 0.24786484241485596 3559
1752747151995 0.48877206444740295 3569
1752747152452 0.28162553906440735 3579
1752747152907 0.2558688521385193 3589
1752747153360 0.3239510655403137 3599
1752747153833 0.4940044581890106 3609
1752747154285 0.26570063829421997 3619
1752747154750 0.26688912510871887 3629
1752747155220 0.2227785289287567 3639
1752747155672 0.22394713759422302 3649
1752747156139 0.2285647690296173 3659
1752747156592 0.2386382818222046 3669
1752747157043 0.3176880478858948 3679
1752747157500 0.1560705006122589 3689
1752747157951 0.22285903990268707 3699
1752747158401 0.3090226352214813 3709
1752747158853 0.2762182652950287 3719
1752747159305 0.24925492703914642 3729
1752747159757 0.24970881640911102 3739
1752747160213 0.17618942260742188 3749
1752747160667 0.2071370631456375 3759
1752747161120 0.22881737351417542 3769
1752747161579 0.4734235405921936 3779
1752747162030 0.174989253282547 3789
1752747162481 0.25486573576927185 3799
1752747162932 0.20433267951011658 3809
1752747163382 1.0510544776916504 3819
1752747163835 0.20114430785179138 3829
1752747164288 0.17810273170471191 3839
1752747164741 0.46021950244903564 3849
1752747165218 0.15109023451805115 3859
1752747165670 0.3186921775341034 3869
1752747166123 0.2477797567844391 3879
1752747166583 0.30923452973365784 3889
1752747167034 0.6890995502471924 3899
1752747167486 0.22920547425746918 3909
1752747167941 0.4126487076282501 3919
1752747168393 0.22488996386528015 3929
1752747168855 0.17092369496822357 3939
1752747169309 0.530539870262146 3949
1752747169765 0.21335455775260925 3959
1752747170221 0.35447195172309875 3969
1752747170677 0.23174385726451874 3979
1752747171132 0.1943066418170929 3989
1752747171597 0.9520254731178284 3999
1752747172052 0.25387561321258545 4009
1752747172507 0.22724345326423645 4019
1752747172963 0.44733476638793945 4029
1752747173416 0.16875843703746796 4039
1752747173872 0.2126217782497406 4049
1752747174327 0.25101184844970703 4059
1752747174784 0.25519585609436035 4069
1752747175252 0.22112324833869934 4079
1752747175706 0.3824707865715027 4089
1752747176160 0.29987800121307373 4099
1752747176624 0.28994470834732056 4109
1752747177078 0.28982314467430115 4119
1752747177532 0.4934404492378235 4129
1752747177988 0.2546103000640869 4139
1752747178443 0.5843777060508728 4149
1752747178898 0.1909794807434082 4159
1752747179352 0.26115527749061584 4169
1752747179808 0.19663237035274506 4179
1752747180262 0.43002793192863464 4189
1752747180718 0.30015406012535095 4199
1752747181176 0.5405848026275635 4209
1752747181638 0.21227510273456573 4219
1752747182095 0.31460362672805786 4229
1752747182554 0.23442700505256653 4239
1752747183009 0.21259357035160065 4249
1752747183469 0.4973853826522827 4259
1752747183925 0.48558467626571655 4269
1752747184385 0.23115228116512299 4279
1752747184843 0.18597134947776794 4289
1752747185299 0.25897151231765747 4299
1752747185754 0.22469565272331238 4309
1752747186221 0.2363625317811966 4319
1752747186683 0.29620397090911865 4329
1752747187136 0.18106681108474731 4339
1752747187589 0.3165057301521301 4349
1752747188054 0.23953601717948914 4359
1752747188521 0.178468719124794 4369
1752747188978 0.14504118263721466 4379
1752747189435 0.44021323323249817 4389
1752747189888 0.3482666313648224 4399
1752747190344 0.19177711009979248 4409
1752747190800 0.20354509353637695 4419
1752747191254 0.18854668736457825 4429
1752747191718 0.25307920575141907 4439
1752747192176 0.4042130708694458 4449
1752747192631 0.3121322691440582 4459
1752747193086 0.23216886818408966 4469
1752747193539 0.21702887117862701 4479
1752747193995 0.7187058925628662 4489
1752747194448 0.26252007484436035 4499
1752747194903 0.30014270544052124 4509
1752747195357 0.23827964067459106 4519
1752747195813 0.27582302689552307 4529
1752747196270 0.2580612897872925 4539
1752747196739 0.19483038783073425 4549
1752747197194 0.20491696894168854 4559
1752747197650 0.20408692955970764 4569
1752747198105 0.2796053886413574 4579
1752747198561 0.23412460088729858 4589
1752747199018 0.22011297941207886 4599
1752747199473 0.32548314332962036 4609
1752747199928 0.19899298250675201 4619
1752747200383 0.1852433681488037 4629
1752747200841 0.2660950720310211 4639
1752747201298 0.2770313024520874 4649
1752747201762 0.2968743145465851 4659
1752747202218 0.17145153880119324 4669
1752747202673 0.1803663671016693 4679
1752747203131 0.2118113934993744 4689
1752747203589 0.20258374512195587 4699
1752747204044 0.2613387405872345 4709
1752747204503 0.1827581226825714 4719
1752747204959 0.3154216408729553 4729
1752747205416 0.5093770623207092 4739
1752747205875 0.27954503893852234 4749
1752747206332 0.2400129735469818 4759
1752747206798 0.2034251093864441 4769
1752747207254 0.19815963506698608 4779
1752747207710 0.5533468723297119 4789
1752747208167 0.24289900064468384 4799
1752747208623 0.22769716382026672 4809
1752747209082 0.22265958786010742 4819
1752747209536 0.5317895412445068 4829
1752747209994 0.2301127016544342 4839
1752747210453 0.20791248977184296 4849
1752747210909 0.17830310761928558 4859
1752747211365 0.2590455114841461 4869
1752747211833 0.3745950162410736 4879
1752747212288 0.4073263704776764 4889
1752747212744 0.22466856241226196 4899
1752747213200 0.19124582409858704 4909
1752747213656 0.2688627243041992 4919
1752747214114 0.17480812966823578 4929
1752747214570 0.17941275238990784 4939
1752747215026 0.35837024450302124 4949
1752747215483 0.21043092012405396 4959
1752747215937 0.24241814017295837 4969
1752747216392 0.24435321986675262 4979
1752747216863 0.23293915390968323 4989
1752747217329 0.2727331221103668 4999
1752747217784 0.43764835596084595 5009
1752747218240 0.21803054213523865 5019
1752747218703 0.5262375473976135 5029
1752747219159 0.3497909605503082 5039
1752747219618 0.1772596687078476 5049
1752747220075 0.27786412835121155 5059
1752747220539 0.6998763084411621 5069
1752747220994 0.3947503864765167 5079
1752747221451 0.21827635169029236 5089
1752747221930 0.3392612934112549 5099
1752747222392 0.23552386462688446 5109
1752747222849 0.5938599705696106 5119
1752747223305 0.5726512670516968 5129
1752747223760 0.5441890954971313 5139
1752747224215 0.18212562799453735 5149
1752747224670 0.20575226843357086 5159
1752747225125 0.18541598320007324 5169
1752747225582 0.2687869071960449 5179
1752747226038 0.2215229868888855 5189
1752747226494 0.2560878098011017 5199
1752747226960 0.1927051544189453 5209
1752747227417 0.2597023546695709 5219
1752747227873 0.17749184370040894 5229
1752747228330 0.17380574345588684 5239
1752747228786 0.5016718506813049 5249
1752747229241 0.3844817280769348 5259
1752747229696 0.18195104598999023 5269
1752747230152 0.16313613951206207 5279
1752747230609 0.18474118411540985 5289
1752747231063 0.1792278289794922 5299
1752747231518 0.1811792403459549 5309
1752747231979 0.27567312121391296 5319
1752747232435 0.16555386781692505 5329
1752747232889 0.2463448941707611 5339
1752747233345 0.17079396545886993 5349
1752747233800 0.25753194093704224 5359
1752747234257 0.15176483988761902 5369
1752747234715 0.1970733106136322 5379
1752747235170 0.19717621803283691 5389
1752747235624 0.2721412777900696 5399
1752747236079 0.28193461894989014 5409
1752747236534 0.21459919214248657 5419
1752747237000 0.23351961374282837 5429
1752747237455 0.3425649404525757 5439
1752747237920 0.24364736676216125 5449
1752747238375 0.24788479506969452 5459
1752747238830 0.1889113187789917 5469
1752747239284 0.19710586965084076 5479
1752747239738 0.31581270694732666 5489
1752747240192 0.34415239095687866 5499
1752747240644 0.1904480755329132 5509
1752747241104 0.20099633932113647 5519
1752747241556 0.17086797952651978 5529
1752747242019 0.24875110387802124 5539
1752747242473 0.1649053990840912 5549
1752747242927 0.14511212706565857 5559
1752747243380 0.4012429416179657 5569
1752747243839 0.20561549067497253 5579
1752747244300 0.20893481373786926 5589
1752747244753 0.23859237134456635 5599
1752747245209 0.22245442867279053 5609
1752747245664 0.2521732747554779 5619
1752747246120 0.18038995563983917 5629
1752747246576 0.18731528520584106 5639
1752747247031 0.18152976036071777 5649
1752747247486 0.22805161774158478 5659
1752747247942 0.2206164449453354 5669
1752747248398 0.18690051138401031 5679
1752747248855 0.20743995904922485 5689
1752747249312 0.19827713072299957 5699
1752747249768 0.13750837743282318 5709
1752747250225 0.22183316946029663 5719
1752747250678 0.22300459444522858 5729
1752747251132 0.17649713158607483 5739
1752747251584 0.3103800117969513 5749
1752747252045 0.3512555658817291 5759
1752747252497 0.22242334485054016 5769
1752747252954 0.2592344582080841 5779
1752747253410 0.19805550575256348 5789
1752747253866 0.2153950333595276 5799
1752747254322 0.2157222330570221 5809
1752747254777 0.2009565234184265 5819
1752747255231 0.24054694175720215 5829
1752747255693 1.0871108770370483 5839
1752747256148 0.3044959604740143 5849
1752747256602 0.33076515793800354 5859
1752747257065 0.20438894629478455 5869
1752747257520 0.30941498279571533 5879
1752747257975 0.4144141376018524 5889
1752747258433 0.2776165008544922 5899
1752747258892 0.16918839514255524 5909
1752747259354 0.20114853978157043 5919
1752747259807 0.16963917016983032 5929
1752747260261 0.20289523899555206 5939
1752747260716 0.1989080011844635 5949
1752747261169 0.18341755867004395 5959
1752747261621 0.18445192277431488 5969
1752747262083 0.2545793652534485 5979
1752747262543 0.24591809511184692 5989
1752747262996 0.5461962223052979 5999
1752747263448 0.22928470373153687 6009
1752747263901 0.15221478044986725 6019
1752747264356 0.1695708930492401 6029
1752747264815 0.22367055714130402 6039
1752747265271 0.15606459975242615 6049
1752747265726 0.4479409158229828 6059
1752747266181 0.20514824986457825 6069
1752747266636 0.19360285997390747 6079
1752747267097 0.16595277190208435 6089
1752747267552 0.23078715801239014 6099
1752747268004 0.1935514509677887 6109
1752747268457 0.6828421950340271 6119
1752747268910 0.1712397336959839 6129
1752747269365 0.20869673788547516 6139
1752747269819 0.24145007133483887 6149
1752747270271 0.31326210498809814 6159
1752747270724 0.24647653102874756 6169
1752747271177 0.3175780773162842 6179
1752747271630 0.16125451028347015 6189
1752747272084 0.22135795652866364 6199
1752747272547 0.21147039532661438 6209
1752747273000 0.1544053852558136 6219
1752747273454 0.1981024146080017 6229
1752747273907 0.21696099638938904 6239
1752747274361 0.1367340385913849 6249
1752747274815 0.1750296652317047 6259
1752747275269 0.19715619087219238 6269
1752747275723 0.23870867490768433 6279
1752747276178 0.16333621740341187 6289
1752747276632 0.18924623727798462 6299
1752747277084 0.15867125988006592 6309
1752747277545 0.21034970879554749 6319
1752747278000 0.270946741104126 6329
1752747278474 0.18415042757987976 6339
1752747278928 0.22448351979255676 6349
1752747279380 0.3121451139450073 6359
1752747279835 0.27609995007514954 6369
1752747280288 0.2371082752943039 6379
1752747280744 0.4028342068195343 6389
1752747281197 0.17120666801929474 6399
1752747281651 0.22654688358306885 6409
1752747282107 0.1965860277414322 6419
1752747282577 0.5829785466194153 6429
1752747283039 0.2512040436267853 6439
1752747283507 0.3513942360877991 6449
1752747283969 0.19578740000724792 6459
1752747284431 0.2087816298007965 6469
1752747284894 0.22938033938407898 6479
1752747285350 0.29660260677337646 6489
1752747285813 0.1412709355354309 6499
1752747286275 0.16568651795387268 6509
1752747286736 0.3989367187023163 6519
