1752746989020 6.252347469329834 9
1752746989495 7.9025678634643555 19
1752746989949 21.125883102416992 29
1752746990405 11.279154777526855 39
1752746990863 8.753663063049316 49
1752746991323 15.08687973022461 59
1752746991779 12.35030746459961 69
1752746992235 30.395164489746094 79
1752746992689 15.08173656463623 89
1752746993141 25.09545135498047 99
1752746993595 14.346229553222656 109
1752746994045 20.44202995300293 119
1752746994520 11.221199035644531 129
1752746994975 34.507720947265625 139
1752746995430 14.101819038391113 149
1752746995890 34.99884796142578 159
1752746996345 21.616046905517578 169
1752746996801 31.95199966430664 179
1752746997255 14.353253364562988 189
1752746997708 14.413521766662598 199
1752746998162 36.326656341552734 209
1752746998616 37.940704345703125 219
1752746999070 11.962827682495117 229
1752746999534 23.357576370239258 239
1752746999990 30.302814483642578 249
1752747000441 24.07581901550293 259
1752747000894 28.178041458129883 269
1752747001347 33.65519332885742 279
1752747001803 10.987062454223633 289
1752747002264 11.099810600280762 299
1752747002721 30.750995635986328 309
1752747003174 8.937623977661133 319
1752747003629 12.749037742614746 329
1752747004086 39.30773162841797 339
1752747004550 15.517691612243652 349
1752747005010 13.296802520751953 359
1752747005467 18.598316192626953 369
1752747005932 45.36700439453125 379
1752747006388 22.558773040771484 389
1752747006849 20.870153427124023 399
1752747007302 14.179009437561035 409
1752747007753 26.430212020874023 419
1752747008205 18.180952072143555 429
1752747008659 51.56880569458008 439
1752747009115 22.03426742553711 449
1752747009580 19.96224021911621 459
1752747010036 23.656343460083008 469
1752747010491 16.782915115356445 479
1752747010947 24.552804946899414 489
1752747011408 31.046363830566406 499
1752747011863 10.347146034240723 509
1752747012327 13.917744636535645 519
1752747012781 30.924467086791992 529
1752747013238 10.36384105682373 539
1752747013697 38.85969161987305 549
1752747014167 19.180028915405273 559
1752747014646 25.664623260498047 569
1752747015113 36.054931640625 579
1752747015592 9.81611442565918 589
1752747016050 18.25562286376953 599
1752747016508 34.5278205871582 609
1752747016969 51.2367057800293 619
1752747017443 9.162355422973633 629
1752747017904 15.664840698242188 639
1752747018367 44.51923370361328 649
1752747018837 23.062152862548828 659
1752747019302 30.39434814453125 669
1752747019766 13.69849681854248 679
1752747020222 36.95439910888672 689
1752747020675 30.513418197631836 699
1752747021136 12.622257232666016 709
1752747021593 13.53159236907959 719
1752747022047 23.170747756958008 729
1752747022512 36.005733489990234 739
1752747022967 20.701784133911133 749
1752747023420 13.634902954101562 759
1752747023874 24.54867935180664 769
1752747024328 36.812862396240234 779
1752747024781 19.094635009765625 789
1752747025234 28.74498176574707 799
1752747025688 19.419864654541016 809
1752747026151 22.880346298217773 819
1752747026613 27.795015335083008 829
1752747027079 30.674114227294922 839
1752747027533 35.04658889770508 849
1752747027988 19.746337890625 859
1752747028444 9.38049030303955 869
1752747028905 23.389047622680664 879
1752747029362 39.444332122802734 889
1752747029824 17.258262634277344 899
1752747030299 35.60309600830078 909
1752747030764 31.992572784423828 919
1752747031230 21.59096908569336 929
1752747031690 29.231725692749023 939
1752747032149 19.823307037353516 949
1752747032611 26.628610610961914 959
1752747033068 36.54387283325195 969
1752747033532 61.20315170288086 979
1752747033991 32.20402145385742 989
1752747034447 11.1090087890625 999
1752747034910 10.50317668914795 1009
1752747035365 25.775171279907227 1019
1752747035819 29.808351516723633 1029
1752747036277 27.06662940979004 1039
1752747036727 18.563884735107422 1049
1752747037178 37.88334655761719 1059
1752747037629 7.217571258544922 1069
1752747038079 39.993404388427734 1079
1752747038530 35.95772171020508 1089
1752747038982 27.847187042236328 1099
1752747039436 23.40337562561035 1109
1752747039891 41.051082611083984 1119
1752747040347 34.054134368896484 1129
1752747040799 29.636459350585938 1139
1752747041250 41.67272186279297 1149
1752747041713 11.671330451965332 1159
1752747042165 10.006443977355957 1169
1752747042617 37.94368362426758 1179
1752747043069 49.074825286865234 1189
1752747043523 34.5895881652832 1199
1752747043977 22.501014709472656 1209
1752747044432 27.904136657714844 1219
1752747044886 34.35945129394531 1229
1752747045338 27.225994110107422 1239
1752747045791 21.20755958557129 1249
1752747046244 12.011677742004395 1259
1752747046704 35.76908493041992 1269
1752747047165 30.69521713256836 1279
1752747047622 20.068222045898438 1289
1752747048079 18.162094116210938 1299
1752747048532 30.7614803314209 1309
1752747048993 36.073768615722656 1319
1752747049446 16.61505889892578 1329
1752747049900 39.6009407043457 1339
1752747050354 23.907691955566406 1349
1752747050809 47.58481216430664 1359
1752747051263 6.124029636383057 1369
1752747051720 17.913976669311523 1379
1752747052190 19.677661895751953 1389
1752747052646 29.667266845703125 1399
1752747053102 25.221878051757812 1409
1752747053555 18.067523956298828 1419
1752747054008 27.62382698059082 1429
1752747054462 14.99896240234375 1439
1752747054915 20.284133911132812 1449
1752747055368 24.492490768432617 1459
1752747055822 37.00701904296875 1469
1752747056277 33.86452865600586 1479
1752747056735 25.746225357055664 1489
1752747057207 12.578194618225098 1499
1752747057674 16.042659759521484 1509
1752747058132 27.090879440307617 1519
1752747058590 17.396867752075195 1529
1752747059047 37.30751419067383 1539
1752747059503 14.622780799865723 1549
1752747059964 49.116432189941406 1559
1752747060422 51.52081298828125 1569
1752747060877 8.57642936706543 1579
1752747061335 26.485149383544922 1589
1752747061790 30.9481143951416 1599
1752747062256 12.902172088623047 1609
1752747062713 25.539093017578125 1619
1752747063171 33.079673767089844 1629
1752747063628 12.988036155700684 1639
1752747064084 19.01601791381836 1649
1752747064542 34.767574310302734 1659
1752747064998 15.348880767822266 1669
1752747065452 25.832902908325195 1679
1752747065907 17.39228057861328 1689
1752747066363 27.047449111938477 1699
1752747066819 13.898331642150879 1709
1752747067280 19.561790466308594 1719
1752747067733 25.55795669555664 1729
1752747068186 29.40717124938965 1739
1752747068641 14.221970558166504 1749
1752747069095 19.261749267578125 1759
1752747069552 19.48120880126953 1769
1752747070016 46.80782699584961 1779
1752747070471 20.3583927154541 1789
1752747070928 21.535812377929688 1799
1752747071387 31.790925979614258 1809
1752747071844 27.946182250976562 1819
1752747072311 29.474002838134766 1829
1752747072768 10.774066925048828 1839
1752747073231 14.49217414855957 1849
1752747073688 25.9644718170166 1859
1752747074152 25.71467399597168 1869
1752747074615 8.355157852172852 1879
1752747075075 21.97998046875 1889
1752747075561 11.608807563781738 1899
1752747076023 26.594091415405273 1909
1752747076478 26.35675048828125 1919
1752747076929 21.073501586914062 1929
1752747077391 31.314697265625 1939
1752747077842 39.847694396972656 1949
1752747078302 14.3374605178833 1959
1752747078758 20.081523895263672 1969
1752747079214 45.66969299316406 1979
1752747079674 26.071199417114258 1989
1752747080139 16.271625518798828 1999
1752747080597 22.192800521850586 2009
1752747081051 39.586936950683594 2019
1752747081503 28.39725112915039 2029
1752747081955 18.46634864807129 2039
1752747082415 18.060649871826172 2049
1752747082872 38.920902252197266 2059
1752747083333 28.34281349182129 2069
1752747083787 12.858023643493652 2079
1752747084240 18.600168228149414 2089
1752747084695 28.688993453979492 2099
1752747085149 21.63624382019043 2109
1752747085606 12.850820541381836 2119
1752747086061 18.579492568969727 2129
1752747086517 26.958589553833008 2139
1752747086978 25.284120559692383 2149
1752747087440 28.69574546813965 2159
1752747087893 42.299888610839844 2169
1752747088345 17.090991973876953 2179
1752747088801 33.22834396362305 2189
1752747089258 44.230140686035156 2199
1752747089711 22.75682830810547 2209
1752747090171 23.06232261657715 2219
1752747090631 21.907236099243164 2229
1752747091095 13.365835189819336 2239
1752747091551 14.847745895385742 2249
1752747092007 22.074941635131836 2259
1752747092480 15.894787788391113 2269
1752747092936 60.43919372558594 2279
1752747093392 30.666288375854492 2289
1752747093859 22.59859848022461 2299
1752747094324 30.45639419555664 2309
1752747094782 10.850393295288086 2319
1752747095236 31.154499053955078 2329
1752747095700 28.486011505126953 2339
1752747096156 31.092241287231445 2349
1752747096610 38.95858383178711 2359
1752747097072 4.346610069274902 2369
1752747097525 26.48733139038086 2379
1752747097975 35.75450134277344 2389
1752747098427 30.368301391601562 2399
1752747098878 42.23743438720703 2409
1752747099331 36.92436599731445 2419
1752747099783 39.17579650878906 2429
1752747100238 27.850385665893555 2439
1752747100690 17.97450828552246 2449
1752747101143 32.2948112487793 2459
1752747101597 27.387165069580078 2469
1752747102050 39.079681396484375 2479
1752747102510 31.471628189086914 2489
1752747102974 30.61577033996582 2499
1752747103430 19.293907165527344 2509
1752747103886 40.96342849731445 2519
1752747104348 32.42140579223633 2529
1752747104804 36.35663986206055 2539
1752747105260 17.312103271484375 2549
1752747105716 26.623083114624023 2559
1752747106171 42.6326904296875 2569
1752747106628 27.81523323059082 2579
1752747107087 29.353639602661133 2589
1752747107551 24.101783752441406 2599
1752747108020 4.884548187255859 2609
1752747108478 15.36192512512207 2619
1752747108939 7.787622451782227 2629
1752747109394 29.744564056396484 2639
1752747109851 29.856754302978516 2649
1752747110441 25.469688415527344 2659
1752747110901 14.36071491241455 2669
1752747111354 4.811680316925049 2679
1752747111810 7.440982341766357 2689
1752747112266 28.0187931060791 2699
1752747112724 19.582637786865234 2709
1752747113187 26.950590133666992 2719
1752747113642 37.422203063964844 2729
1752747114099 13.546416282653809 2739
1752747114556 28.35129737854004 2749
1752747115014 8.92027759552002 2759
1752747115472 35.145652770996094 2769
1752747115929 9.692075729370117 2779
1752747116384 16.20880889892578 2789
1752747116837 23.486604690551758 2799
1752747117289 23.7302188873291 2809
1752747117744 7.523544788360596 2819
1752747118208 15.65858268737793 2829
1752747118664 16.78902244567871 2839
1752747119120 21.6824951171875 2849
1752747119576 26.256540298461914 2859
1752747120034 11.374834060668945 2869
1752747120490 23.18560218811035 2879
1752747120945 25.949260711669922 2889
1752747121402 21.690513610839844 2899
1752747121860 17.885353088378906 2909
1752747122315 5.80096960067749 2919
1752747122769 21.924592971801758 2929
1752747123233 9.986199378967285 2939
1752747123688 14.654878616333008 2949
1752747124143 46.7368049621582 2959
1752747124599 32.68915939331055 2969
1752747125053 11.726790428161621 2979
1752747125506 4.779623508453369 2989
1752747125963 30.27248191833496 2999
1752747126419 8.69758129119873 3009
1752747126875 22.112483978271484 3019
1752747127332 37.17226028442383 3029
1752747127789 16.598474502563477 3039
1752747128244 22.482637405395508 3049
1752747128700 15.349925994873047 3059
1752747129154 20.844879150390625 3069
1752747129609 32.32344055175781 3079
1752747130064 18.655920028686523 3089
1752747130520 21.40171241760254 3099
1752747130977 17.755727767944336 3109
1752747131434 24.810604095458984 3119
1752747131893 15.72333812713623 3129
1752747132350 19.00223731994629 3139
1752747132807 10.405990600585938 3149
1752747133273 19.8781681060791 3159
1752747133730 5.395620822906494 3169
1752747134187 55.132930755615234 3179
1752747134645 12.958625793457031 3189
1752747135103 19.438676834106445 3199
1752747135563 30.858383178710938 3209
1752747136018 33.43747329711914 3219
1752747136468 15.667231559753418 3229
1752747136920 13.779369354248047 3239
1752747137370 24.518795013427734 3249
1752747137822 15.295997619628906 3259
1752747138273 6.276805400848389 3269
1752747138725 27.716659545898438 3279
1752747139204 25.45722198486328 3289
1752747139655 26.25008773803711 3299
1752747140108 8.986105918884277 3309
1752747140560 7.0425238609313965 3319
1752747141022 10.509076118469238 3329
1752747141475 24.376476287841797 3339
1752747141926 22.45313262939453 3349
1752747142382 31.90323829650879 3359
1752747142837 33.945770263671875 3369
1752747143298 11.360605239868164 3379
1752747143754 11.428194046020508 3389
1752747144211 32.946189880371094 3399
1752747144670 41.964839935302734 3409
1752747145126 26.483783721923828 3419
1752747145581 28.516414642333984 3429
1752747146043 22.77814292907715 3439
1752747146499 12.716602325439453 3449
1752747146954 12.740348815917969 3459
1752747147407 16.59104347229004 3469
1752747147861 18.227258682250977 3479
1752747148322 17.853540420532227 3489
1752747148776 27.465560913085938 3499
1752747149229 14.13095760345459 3509
1752747149696 19.26350212097168 3519
1752747150153 25.188026428222656 3529
1752747150606 36.746490478515625 3539
1752747151080 13.263762474060059 3549
1752747151540 29.90336036682129 3559
1752747151995 39.80974578857422 3569
1752747152452 13.193990707397461 3579
1752747152907 19.789573669433594 3589
1752747153360 36.50739288330078 3599
1752747153833 26.603721618652344 3609
1752747154285 18.40697479248047 3619
1752747154750 14.276473999023438 3629
1752747155220 9.233320236206055 3639
1752747155672 21.243009567260742 3649
1752747156139 25.100826263427734 3659
1752747156592 27.27265739440918 3669
1752747157043 8.670987129211426 3679
1752747157500 6.927367687225342 3689
1752747157951 26.760848999023438 3699
1752747158401 28.602645874023438 3709
1752747158853 26.734973907470703 3719
1752747159305 26.971445083618164 3729
1752747159757 13.581217765808105 3739
1752747160213 16.94090461730957 3749
1752747160667 25.011764526367188 3759
1752747161120 6.814412593841553 3769
1752747161579 30.619943618774414 3779
1752747162030 10.117856979370117 3789
1752747162481 32.81686019897461 3799
1752747162932 25.457313537597656 3809
1752747163382 20.19175148010254 3819
1752747163835 14.658950805664062 3829
1752747164288 9.256577491760254 3839
1752747164741 9.441545486450195 3849
1752747165218 12.549570083618164 3859
1752747165670 43.40523147583008 3869
1752747166123 29.039161682128906 3879
1752747166583 25.711332321166992 3889
1752747167034 11.340397834777832 3899
1752747167486 11.440818786621094 3909
1752747167941 19.798900604248047 3919
1752747168393 32.63646697998047 3929
1752747168855 22.424726486206055 3939
1752747169309 47.01686477661133 3949
1752747169765 13.316671371459961 3959
1752747170221 35.88443374633789 3969
1752747170677 16.85640525817871 3979
1752747171132 14.529115676879883 3989
1752747171597 56.407466888427734 3999
1752747172052 17.193288803100586 4009
1752747172507 24.862117767333984 4019
1752747172963 14.731457710266113 4029
1752747173416 11.960282325744629 4039
1752747173872 27.753742218017578 4049
1752747174327 29.735633850097656 4059
1752747174784 14.522491455078125 4069
1752747175252 19.019378662109375 4079
1752747175706 47.587886810302734 4089
1752747176160 20.30748748779297 4099
1752747176624 37.632442474365234 4109
1752747177078 22.92195701599121 4119
1752747177532 63.52981948852539 4129
1752747177988 17.635669708251953 4139
1752747178443 16.81175994873047 4149
1752747178898 10.343639373779297 4159
1752747179352 20.687847137451172 4169
1752747179808 30.7406005859375 4179
1752747180262 11.45388126373291 4189
1752747180718 7.999429702758789 4199
1752747181176 37.49871826171875 4209
1752747181638 10.594389915466309 4219
1752747182095 42.736454010009766 4229
1752747182554 30.326465606689453 4239
1752747183009 5.670674800872803 4249
1752747183469 34.46100616455078 4259
1752747183925 5.532771110534668 4269
1752747184385 21.477027893066406 4279
1752747184843 8.575839042663574 4289
1752747185299 21.39329719543457 4299
1752747185754 16.121641159057617 4309
1752747186221 17.998334884643555 4319
1752747186683 23.90996742248535 4329
1752747187136 10.887840270996094 4339
1752747187589 17.93875503540039 4349
1752747188054 26.008037567138672 4359
1752747188521 13.283486366271973 4369
1752747188978 18.883922576904297 4379
1752747189435 39.043373107910156 4389
1752747189888 44.24966812133789 4399
1752747190344 20.197301864624023 4409
1752747190800 14.776017189025879 4419
1752747191254 8.210332870483398 4429
1752747191718 26.72536277770996 4439
1752747192176 13.017680168151855 4449
1752747192631 21.899490356445312 4459
1752747193086 14.072564125061035 4469
1752747193539 38.48402404785156 4479
1752747193995 35.36720275878906 4489
1752747194448 8.240856170654297 4499
1752747194903 27.253026962280273 4509
1752747195357 25.76311492919922 4519
1752747195813 23.690078735351562 4529
1752747196270 37.364845275878906 4539
1752747196739 9.165621757507324 4549
1752747197194 9.436352729797363 4559
1752747197650 12.422327041625977 4569
1752747198105 30.417036056518555 4579
1752747198561 27.228500366210938 4589
1752747199018 15.698854446411133 4599
1752747199473 40.286659240722656 4609
1752747199928 36.93988800048828 4619
1752747200383 12.380987167358398 4629
1752747200841 21.430021286010742 4639
1752747201298 26.64360809326172 4649
1752747201762 42.153926849365234 4659
1752747202218 16.33579444885254 4669
1752747202673 11.616336822509766 4679
1752747203131 9.911078453063965 4689
1752747203589 12.847857475280762 4699
1752747204044 45.743873596191406 4709
1752747204503 17.38741683959961 4719
1752747204959 45.47579574584961 4729
1752747205416 13.444574356079102 4739
1752747205875 48.76593017578125 4749
1752747206332 15.712647438049316 4759
1752747206798 11.435409545898438 4769
1752747207254 23.21627426147461 4779
1752747207710 32.15207290649414 4789
1752747208167 23.074247360229492 4799
1752747208623 26.82745361328125 4809
1752747209082 11.836348533630371 4819
1752747209536 28.639780044555664 4829
1752747209994 28.114704132080078 4839
1752747210453 26.762237548828125 4849
1752747210909 9.21572208404541 4859
1752747211365 11.63413143157959 4869
1752747211833 58.02471923828125 4879
1752747212288 14.77234172821045 4889
1752747212744 20.629669189453125 4899
1752747213200 24.15157699584961 4909
1752747213656 26.2242488861084 4919
1752747214114 16.343570709228516 4929
1752747214570 18.369476318359375 4939
1752747215026 26.60007667541504 4949
1752747215483 18.81171989440918 4959
1752747215937 21.649375915527344 4969
1752747216392 5.7563910484313965 4979
1752747216863 25.870718002319336 4989
1752747217329 8.820847511291504 4999
1752747217784 23.532878875732422 5009
1752747218240 15.597795486450195 5019
1752747218703 27.634628295898438 5029
1752747219159 14.41330623626709 5039
1752747219618 21.863037109375 5049
1752747220075 19.00288963317871 5059
1752747220539 40.20692443847656 5069
1752747220994 47.25904083251953 5079
1752747221451 18.910606384277344 5089
1752747221930 31.276453018188477 5099
1752747222392 33.66970443725586 5109
1752747222849 33.326560974121094 5119
1752747223305 36.671180725097656 5129
1752747223760 14.21888542175293 5139
1752747224215 10.805578231811523 5149
1752747224670 13.022674560546875 5159
1752747225125 17.830543518066406 5169
1752747225582 14.300710678100586 5179
1752747226038 30.857946395874023 5189
1752747226494 26.587356567382812 5199
1752747226960 28.35104751586914 5209
1752747227417 10.96175479888916 5219
1752747227873 33.829010009765625 5229
1752747228330 29.121366500854492 5239
1752747228786 17.748064041137695 5249
1752747229241 39.886680603027344 5259
1752747229696 24.982879638671875 5269
1752747230152 12.930414199829102 5279
1752747230609 11.184335708618164 5289
1752747231063 16.50836753845215 5299
1752747231518 9.881632804870605 5309
1752747231979 14.249314308166504 5319
1752747232435 14.410250663757324 5329
1752747232889 23.781949996948242 5339
1752747233345 10.484811782836914 5349
1752747233800 15.417065620422363 5359
1752747234257 9.247007369995117 5369
1752747234715 4.889895915985107 5379
1752747235170 21.53199577331543 5389
1752747235624 37.72562026977539 5399
1752747236079 13.40970230102539 5409
1752747236534 19.945087432861328 5419
1752747237000 10.513113021850586 5429
1752747237455 16.27371597290039 5439
1752747237920 10.870421409606934 5449
1752747238375 18.548114776611328 5459
1752747238830 14.670660972595215 5469
1752747239284 11.984000205993652 5479
1752747239738 13.183650016784668 5489
1752747240192 23.8470458984375 5499
1752747240644 21.7379093170166 5509
1752747241104 23.360990524291992 5519
1752747241556 19.769136428833008 5529
1752747242019 11.816481590270996 5539
1752747242473 17.8060302734375 5549
1752747242927 6.50673246383667 5559
1752747243380 11.367985725402832 5569
1752747243839 14.306438446044922 5579
1752747244300 20.213048934936523 5589
1752747244753 33.02562713623047 5599
1752747245209 16.439353942871094 5609
1752747245664 26.296314239501953 5619
1752747246120 8.221303939819336 5629
1752747246576 9.302985191345215 5639
1752747247031 9.654682159423828 5649
1752747247486 25.91815185546875 5659
1752747247942 25.16596221923828 5669
1752747248398 22.025724411010742 5679
1752747248855 13.514578819274902 5689
1752747249312 23.53835678100586 5699
1752747249768 5.7887749671936035 5709
1752747250225 9.698707580566406 5719
1752747250678 30.77695655822754 5729
1752747251132 26.98618507385254 5739
1752747251584 44.49650955200195 5749
1752747252045 32.912109375 5759
1752747252497 4.528223991394043 5769
1752747252954 32.38395309448242 5779
1752747253410 17.383657455444336 5789
1752747253866 19.479597091674805 5799
1752747254322 8.832002639770508 5809
1752747254777 17.963871002197266 5819
1752747255231 18.206485748291016 5829
1752747255693 16.730268478393555 5839
1752747256148 25.28941535949707 5849
1752747256602 40.84440612792969 5859
1752747257065 29.449787139892578 5869
1752747257520 37.072044372558594 5879
1752747257975 34.33221435546875 5889
1752747258433 12.079218864440918 5899
1752747258892 12.85395336151123 5909
1752747259354 15.374006271362305 5919
1752747259807 19.75071907043457 5929
1752747260261 8.779640197753906 5939
1752747260716 16.456478118896484 5949
1752747261169 31.245790481567383 5959
1752747261621 10.320660591125488 5969
1752747262083 5.267423629760742 5979
1752747262543 13.899478912353516 5989
1752747262996 14.618112564086914 5999
1752747263448 12.996583938598633 6009
1752747263901 4.985260009765625 6019
1752747264356 15.578466415405273 6029
1752747264815 25.15256690979004 6039
1752747265271 8.601740837097168 6049
1752747265726 39.9899787902832 6059
1752747266181 12.867300033569336 6069
1752747266636 15.75241470336914 6079
1752747267097 21.092485427856445 6089
1752747267552 18.37313461303711 6099
1752747268004 9.821880340576172 6109
1752747268457 18.52757453918457 6119
1752747268910 12.025739669799805 6129
1752747269365 15.149965286254883 6139
1752747269819 6.558951377868652 6149
1752747270271 39.823455810546875 6159
1752747270724 9.553082466125488 6169
1752747271177 30.296098709106445 6179
1752747271630 17.533756256103516 6189
1752747272084 34.198211669921875 6199
1752747272547 29.484769821166992 6209
1752747273000 13.454046249389648 6219
1752747273454 26.605852127075195 6229
1752747273907 14.570330619812012 6239
1752747274361 10.183972358703613 6249
1752747274815 12.764396667480469 6259
1752747275269 20.31192398071289 6269
1752747275723 19.030290603637695 6279
1752747276178 9.447409629821777 6289
1752747276632 13.766124725341797 6299
1752747277084 5.5327348709106445 6309
1752747277545 22.548307418823242 6319
1752747278000 23.560136795043945 6329
1752747278474 21.69114112854004 6339
1752747278928 8.89003849029541 6349
1752747279380 7.845850467681885 6359
1752747279835 18.78764533996582 6369
1752747280288 20.440759658813477 6379
1752747280744 23.839609146118164 6389
1752747281197 11.315055847167969 6399
1752747281651 7.464587688446045 6409
1752747282107 20.329833984375 6419
1752747282577 14.505097389221191 6429
1752747283039 21.465373992919922 6439
1752747283507 31.92324447631836 6449
1752747283969 10.693398475646973 6459
1752747284431 17.50753402709961 6469
1752747284894 26.91579818725586 6479
1752747285350 18.652359008789062 6489
1752747285813 19.524723052978516 6499
1752747286275 7.933854103088379 6509
1752747286736 11.031235694885254 6519
