1752746989020 275.3436279296875 9
1752746989495 269.7146301269531 19
1752746989949 268.4971618652344 29
1752746990405 266.87860107421875 39
1752746990863 265.8066711425781 49
1752746991323 269.9244689941406 59
1752746991779 263.8460388183594 69
1752746992235 259.21484375 79
1752746992689 263.7024841308594 89
1752746993141 267.5025939941406 99
1752746993595 260.116455078125 109
1752746994045 261.0543518066406 119
1752746994520 264.23565673828125 129
1752746994975 256.9010009765625 139
1752746995430 259.719970703125 149
1752746995890 260.9181823730469 159
1752746996345 260.2771911621094 169
1752746996801 260.72613525390625 179
1752746997255 256.4418029785156 189
1752746997708 258.2747802734375 199
1752746998162 256.1200256347656 209
1752746998616 258.94598388671875 219
1752746999070 251.05999755859375 229
1752746999534 253.03964233398438 239
1752746999990 254.8270721435547 249
1752747000441 254.79116821289062 259
1752747000894 253.1007537841797 269
1752747001347 256.6833190917969 279
1752747001803 250.3679962158203 289
1752747002264 252.38970947265625 299
1752747002721 255.75732421875 309
1752747003174 252.18896484375 319
1752747003629 252.443115234375 329
1752747004086 246.1372833251953 339
1752747004550 248.96701049804688 349
1752747005010 252.33694458007812 359
1752747005467 248.56004333496094 369
1752747005932 246.189208984375 379
1752747006388 247.1215057373047 389
1752747006849 248.41847229003906 399
1752747007302 245.4510040283203 409
1752747007753 247.13873291015625 419
1752747008205 247.9824981689453 429
1752747008659 248.5685272216797 439
1752747009115 244.4022216796875 449
1752747009580 244.33287048339844 459
1752747010036 243.5416259765625 469
1752747010491 250.7372283935547 479
1752747010947 240.5677032470703 489
1752747011408 243.12704467773438 499
1752747011863 241.8793487548828 509
1752747012327 240.43222045898438 519
1752747012781 242.24082946777344 529
1752747013238 242.48858642578125 539
1752747013697 242.11907958984375 549
1752747014167 247.03509521484375 559
1752747014646 242.47618103027344 569
1752747015113 240.5376739501953 579
1752747015592 237.46932983398438 589
1752747016050 235.59742736816406 599
1752747016508 234.4705352783203 609
1752747016969 237.7726593017578 619
1752747017443 236.9701690673828 629
1752747017904 233.55844116210938 639
1752747018367 233.74098205566406 649
1752747018837 232.11094665527344 659
1752747019302 232.63217163085938 669
1752747019766 235.56967163085938 679
1752747020222 235.28421020507812 689
1752747020675 230.67742919921875 699
1752747021136 232.4008026123047 709
1752747021593 230.95188903808594 719
1752747022047 229.60781860351562 729
1752747022512 230.33750915527344 739
1752747022967 228.01171875 749
1752747023420 228.7884063720703 759
1752747023874 229.71063232421875 769
1752747024328 228.90304565429688 779
1752747024781 226.40467834472656 789
1752747025234 226.89561462402344 799
1752747025688 228.42234802246094 809
1752747026151 225.71902465820312 819
1752747026613 226.1996612548828 829
1752747027079 225.33116149902344 839
1752747027533 222.48863220214844 849
1752747027988 222.11453247070312 859
1752747028444 222.03216552734375 869
1752747028905 224.40345764160156 879
1752747029362 221.62844848632812 889
1752747029824 219.39791870117188 899
1752747030299 219.56809997558594 909
1752747030764 218.42445373535156 919
1752747031230 218.8779754638672 929
1752747031690 217.92648315429688 939
1752747032149 216.7720947265625 949
1752747032611 215.48072814941406 959
1752747033068 216.43019104003906 969
1752747033532 216.1107635498047 979
1752747033991 213.68565368652344 989
1752747034447 213.2378692626953 999
1752747034910 214.17369079589844 1009
1752747035365 214.21165466308594 1019
1752747035819 211.77053833007812 1029
1752747036277 213.8271942138672 1039
1752747036727 210.34197998046875 1049
1752747037178 214.6833038330078 1059
1752747037629 207.75222778320312 1069
1752747038079 210.46804809570312 1079
1752747038530 214.4626007080078 1089
1752747038982 211.4028778076172 1099
1752747039436 213.3791961669922 1109
1752747039891 204.97000122070312 1119
1752747040347 205.44485473632812 1129
1752747040799 207.62258911132812 1139
1752747041250 209.66616821289062 1149
1752747041713 206.1032257080078 1159
1752747042165 203.3126220703125 1169
1752747042617 206.0654754638672 1179
1752747043069 205.75735473632812 1189
1752747043523 203.39801025390625 1199
1752747043977 203.91827392578125 1209
1752747044432 204.79417419433594 1219
1752747044886 200.69906616210938 1229
1752747045338 205.10116577148438 1239
1752747045791 202.3002166748047 1249
1752747046244 198.95652770996094 1259
1752747046704 199.17848205566406 1269
1752747047165 199.18373107910156 1279
1752747047622 199.5908203125 1289
1752747048079 198.84332275390625 1299
1752747048532 195.62193298339844 1309
1752747048993 197.5449981689453 1319
1752747049446 194.2506866455078 1329
1752747049900 191.71389770507812 1339
1752747050354 193.85025024414062 1349
1752747050809 195.7913360595703 1359
1752747051263 193.3281707763672 1369
1752747051720 194.61013793945312 1379
1752747052190 193.1635284423828 1389
1752747052646 192.27059936523438 1399
1752747053102 194.73284912109375 1409
1752747053555 188.06846618652344 1419
1752747054008 187.92633056640625 1429
1752747054462 193.81915283203125 1439
1752747054915 193.3608856201172 1449
1752747055368 191.67945861816406 1459
1752747055822 189.5007781982422 1469
1752747056277 190.61988830566406 1479
1752747056735 187.32858276367188 1489
1752747057207 188.0341033935547 1499
1752747057674 185.66583251953125 1509
1752747058132 185.279541015625 1519
1752747058590 186.94418334960938 1529
1752747059047 187.29757690429688 1539
1752747059503 184.6015625 1549
1752747059964 188.46141052246094 1559
1752747060422 185.9375 1569
1752747060877 181.76821899414062 1579
1752747061335 183.6909637451172 1589
1752747061790 182.9311065673828 1599
1752747062256 185.31597900390625 1609
1752747062713 180.46234130859375 1619
1752747063171 179.6988983154297 1629
1752747063628 178.97735595703125 1639
1752747064084 181.23074340820312 1649
1752747064542 180.4935760498047 1659
1752747064998 180.0454559326172 1669
1752747065452 177.8782958984375 1679
1752747065907 175.15223693847656 1689
1752747066363 176.75416564941406 1699
1752747066819 177.729736328125 1709
1752747067280 176.18521118164062 1719
1752747067733 174.06080627441406 1729
1752747068186 175.84201049804688 1739
1752747068641 176.27769470214844 1749
1752747069095 173.64537048339844 1759
1752747069552 175.19070434570312 1769
1752747070016 173.73074340820312 1779
1752747070471 171.66175842285156 1789
1752747070928 173.254150390625 1799
1752747071387 172.72572326660156 1809
1752747071844 172.72286987304688 1819
1752747072311 172.7600860595703 1829
1752747072768 170.23826599121094 1839
1752747073231 170.37255859375 1849
1752747073688 167.73545837402344 1859
1752747074152 169.67251586914062 1869
1752747074615 167.2027130126953 1879
1752747075075 167.66757202148438 1889
1752747075561 169.34744262695312 1899
1752747076023 169.67649841308594 1909
1752747076478 170.5841522216797 1919
1752747076929 168.05140686035156 1929
1752747077391 165.61231994628906 1939
1752747077842 164.77525329589844 1949
1752747078302 168.6808624267578 1959
1752747078758 165.1771697998047 1969
1752747079214 166.04721069335938 1979
1752747079674 165.5035858154297 1989
1752747080139 163.26947021484375 1999
1752747080597 163.31661987304688 2009
1752747081051 160.83656311035156 2019
1752747081503 159.03550720214844 2029
1752747081955 158.53860473632812 2039
1752747082415 158.4874725341797 2049
1752747082872 162.05401611328125 2059
1752747083333 158.39894104003906 2069
1752747083787 157.95254516601562 2079
1752747084240 158.79421997070312 2089
1752747084695 158.7458038330078 2099
1752747085149 157.74755859375 2109
1752747085606 156.7066650390625 2119
1752747086061 154.82594299316406 2129
1752747086517 156.42071533203125 2139
1752747086978 156.3734588623047 2149
1752747087440 155.48512268066406 2159
1752747087893 152.9425048828125 2169
1752747088345 156.1441192626953 2179
1752747088801 153.7378387451172 2189
1752747089258 155.5663299560547 2199
1752747089711 156.61492919921875 2209
1752747090171 150.18563842773438 2219
1752747090631 153.6984100341797 2229
1752747091095 148.83396911621094 2239
1752747091551 150.5797119140625 2249
1752747092007 150.03579711914062 2259
1752747092480 149.5316925048828 2269
1752747092936 148.28909301757812 2279
1752747093392 149.11849975585938 2289
1752747093859 146.27554321289062 2299
1752747094324 148.8135528564453 2309
1752747094782 144.57119750976562 2319
1752747095236 145.12179565429688 2329
1752747095700 144.8143310546875 2339
1752747096156 146.29794311523438 2349
1752747096610 146.135009765625 2359
1752747097072 143.1632537841797 2369
1752747097525 144.14907836914062 2379
1752747097975 143.1201629638672 2389
1752747098427 147.1119842529297 2399
1752747098878 144.6949920654297 2409
1752747099331 139.03952026367188 2419
1752747099783 138.70375061035156 2429
1752747100238 139.14646911621094 2439
1752747100690 139.03343200683594 2449
1752747101143 141.04959106445312 2459
1752747101597 139.5935821533203 2469
1752747102050 137.84739685058594 2479
1752747102510 141.09030151367188 2489
1752747102974 136.93983459472656 2499
1752747103430 141.62916564941406 2509
1752747103886 135.77586364746094 2519
1752747104348 134.77281188964844 2529
1752747104804 133.98495483398438 2539
1752747105260 135.30520629882812 2549
1752747105716 135.69436645507812 2559
1752747106171 133.63125610351562 2569
1752747106628 135.38331604003906 2579
1752747107087 133.87655639648438 2589
1752747107551 134.17041015625 2599
1752747108020 134.9322967529297 2609
1752747108478 132.32403564453125 2619
1752747108939 129.20135498046875 2629
1752747109394 132.32086181640625 2639
1752747109851 131.991943359375 2649
1752747110441 131.7315673828125 2659
1752747110901 130.1259307861328 2669
1752747111354 130.33843994140625 2679
1752747111810 131.6041259765625 2689
1752747112266 130.7066192626953 2699
1752747112724 128.22918701171875 2709
1752747113187 127.05657958984375 2719
1752747113642 125.74432373046875 2729
1752747114099 127.01543426513672 2739
1752747114556 125.41126251220703 2749
1752747115014 125.9573745727539 2759
1752747115472 127.0805435180664 2769
1752747115929 124.68341827392578 2779
1752747116384 125.73786163330078 2789
1752747116837 120.78654479980469 2799
1752747117289 123.36293029785156 2809
1752747117744 122.05772399902344 2819
1752747118208 121.73937225341797 2829
1752747118664 120.6224594116211 2839
1752747119120 120.24922180175781 2849
1752747119576 119.70230102539062 2859
1752747120034 120.97906494140625 2869
1752747120490 119.87347412109375 2879
1752747120945 120.16401672363281 2889
1752747121402 116.89571380615234 2899
1752747121860 119.1458969116211 2909
1752747122315 119.16133117675781 2919
1752747122769 116.35086059570312 2929
1752747123233 118.34722900390625 2939
1752747123688 119.98146057128906 2949
1752747124143 117.93463134765625 2959
1752747124599 114.59156799316406 2969
1752747125053 117.35265350341797 2979
1752747125506 115.83604431152344 2989
1752747125963 111.02179718017578 2999
1752747126419 114.72695922851562 3009
1752747126875 111.10558319091797 3019
1752747127332 113.65040588378906 3029
1752747127789 113.75497436523438 3039
1752747128244 111.74996948242188 3049
1752747128700 115.09173583984375 3059
1752747129154 113.43360137939453 3069
1752747129609 109.12321472167969 3079
1752747130064 106.46524047851562 3089
1752747130520 112.96167755126953 3099
1752747130977 109.62726593017578 3109
1752747131434 110.09677124023438 3119
1752747131893 110.1181640625 3129
1752747132350 109.72026062011719 3139
1752747132807 111.33484649658203 3149
1752747133273 109.55998992919922 3159
1752747133730 105.37306213378906 3169
1752747134187 106.64588928222656 3179
1752747134645 106.04912567138672 3189
1752747135103 107.03535461425781 3199
1752747135563 106.44694519042969 3209
1752747136018 104.04714965820312 3219
1752747136468 104.00845336914062 3229
1752747136920 103.62639617919922 3239
1752747137370 101.12641143798828 3249
1752747137822 102.4756088256836 3259
1752747138273 101.59780883789062 3269
1752747138725 104.49424743652344 3279
1752747139204 103.26127624511719 3289
1752747139655 102.4470443725586 3299
1752747140108 98.74742126464844 3309
1752747140560 101.86571502685547 3319
1752747141022 97.21021270751953 3329
1752747141475 97.8728256225586 3339
1752747141926 100.59660339355469 3349
1752747142382 98.42855834960938 3359
1752747142837 95.96922302246094 3369
1752747143298 100.0159912109375 3379
1752747143754 95.72697448730469 3389
1752747144211 94.7779541015625 3399
1752747144670 94.66708374023438 3409
1752747145126 94.50054168701172 3419
1752747145581 96.80949401855469 3429
1752747146043 94.49246215820312 3439
1752747146499 95.71656799316406 3449
1752747146954 91.9264907836914 3459
1752747147407 94.41842651367188 3469
1752747147861 90.66941833496094 3479
1752747148322 91.82097625732422 3489
1752747148776 92.3792495727539 3499
1752747149229 91.6888427734375 3509
1752747149696 90.73121643066406 3519
1752747150153 92.3084945678711 3529
1752747150606 89.51904296875 3539
1752747151080 91.19561767578125 3549
1752747151540 88.64505767822266 3559
1752747151995 89.30982208251953 3569
1752747152452 88.9156494140625 3579
1752747152907 89.73790740966797 3589
1752747153360 85.9664535522461 3599
1752747153833 91.46841430664062 3609
1752747154285 86.68997955322266 3619
1752747154750 86.75439453125 3629
1752747155220 88.68768310546875 3639
1752747155672 89.48381805419922 3649
1752747156139 88.59857177734375 3659
1752747156592 84.8960189819336 3669
1752747157043 85.1600570678711 3679
1752747157500 82.13531494140625 3689
1752747157951 84.88439178466797 3699
1752747158401 83.67450714111328 3709
1752747158853 85.54288482666016 3719
1752747159305 81.2717514038086 3729
1752747159757 81.54368591308594 3739
1752747160213 83.24580383300781 3749
1752747160667 86.16941833496094 3759
1752747161120 82.34195709228516 3769
1752747161579 83.04383850097656 3779
1752747162030 80.89210510253906 3789
1752747162481 81.08455657958984 3799
1752747162932 80.85729217529297 3809
1752747163382 78.12367248535156 3819
1752747163835 81.64936065673828 3829
1752747164288 80.06492614746094 3839
1752747164741 79.75088500976562 3849
1752747165218 77.36946105957031 3859
1752747165670 77.97119140625 3869
1752747166123 78.00654602050781 3879
1752747166583 79.14923095703125 3889
1752747167034 78.54523468017578 3899
1752747167486 78.09457397460938 3909
1752747167941 76.42787170410156 3919
1752747168393 73.40372467041016 3929
1752747168855 77.2190170288086 3939
1752747169309 74.45148468017578 3949
1752747169765 71.29756164550781 3959
1752747170221 75.159423828125 3969
1752747170677 74.56592559814453 3979
1752747171132 72.04302215576172 3989
1752747171597 75.86367797851562 3999
1752747172052 72.65538024902344 4009
1752747172507 72.51554107666016 4019
1752747172963 72.22002410888672 4029
1752747173416 72.06217193603516 4039
1752747173872 71.351318359375 4049
1752747174327 74.19548797607422 4059
1752747174784 74.660888671875 4069
1752747175252 71.22199249267578 4079
1752747175706 70.8084945678711 4089
1752747176160 72.86451721191406 4099
1752747176624 71.95556640625 4109
1752747177078 72.60160827636719 4119
1752747177532 68.67901611328125 4129
1752747177988 68.50202178955078 4139
1752747178443 67.78598022460938 4149
1752747178898 66.72219848632812 4159
1752747179352 67.17974090576172 4169
1752747179808 70.08472442626953 4179
1752747180262 68.11201477050781 4189
1752747180718 67.39747619628906 4199
1752747181176 68.48099517822266 4209
1752747181638 66.31538391113281 4219
1752747182095 69.6806640625 4229
1752747182554 69.18252563476562 4239
1752747183009 67.31758880615234 4249
1752747183469 66.38095092773438 4259
1752747183925 65.06279754638672 4269
1752747184385 64.3888931274414 4279
1752747184843 66.00460815429688 4289
1752747185299 66.54674530029297 4299
1752747185754 67.10987091064453 4309
1752747186221 66.420654296875 4319
1752747186683 63.59825897216797 4329
1752747187136 63.956085205078125 4339
1752747187589 64.43315124511719 4349
1752747188054 63.32035827636719 4359
1752747188521 62.78523254394531 4369
1752747188978 64.89450073242188 4379
1752747189435 66.91162872314453 4389
1752747189888 61.33277130126953 4399
1752747190344 62.39029312133789 4409
1752747190800 62.78188705444336 4419
1752747191254 63.02214050292969 4429
1752747191718 61.019203186035156 4439
1752747192176 60.095008850097656 4449
1752747192631 61.023277282714844 4459
1752747193086 63.225181579589844 4469
1752747193539 59.79705810546875 4479
1752747193995 60.82635498046875 4489
1752747194448 59.75737380981445 4499
1752747194903 61.05290985107422 4509
1752747195357 59.05910873413086 4519
1752747195813 62.56005859375 4529
1752747196270 59.96863555908203 4539
1752747196739 59.72273254394531 4549
1752747197194 58.56611633300781 4559
1752747197650 61.558692932128906 4569
1752747198105 59.68083190917969 4579
1752747198561 59.93516159057617 4589
1752747199018 57.40834426879883 4599
1752747199473 56.438209533691406 4609
1752747199928 57.7509765625 4619
1752747200383 58.831687927246094 4629
1752747200841 58.785274505615234 4639
1752747201298 56.435340881347656 4649
1752747201762 55.11424255371094 4659
1752747202218 56.67826843261719 4669
1752747202673 56.04893493652344 4679
1752747203131 55.70836639404297 4689
1752747203589 57.576663970947266 4699
1752747204044 53.127288818359375 4709
1752747204503 55.112754821777344 4719
1752747204959 54.12879180908203 4729
1752747205416 58.39042663574219 4739
1752747205875 55.40892791748047 4749
1752747206332 54.34360122680664 4759
1752747206798 52.79458236694336 4769
1752747207254 56.8087158203125 4779
1752747207710 53.113311767578125 4789
1752747208167 53.59891891479492 4799
1752747208623 52.787811279296875 4809
1752747209082 53.212562561035156 4819
1752747209536 54.38668441772461 4829
1752747209994 51.93396759033203 4839
1752747210453 53.59660339355469 4849
1752747210909 52.97052001953125 4859
1752747211365 52.43196105957031 4869
1752747211833 51.21971130371094 4879
1752747212288 51.61052703857422 4889
1752747212744 51.801536560058594 4899
1752747213200 53.79820251464844 4909
1752747213656 51.77217102050781 4919
1752747214114 49.917484283447266 4929
1752747214570 51.104217529296875 4939
1752747215026 51.959495544433594 4949
1752747215483 50.49365997314453 4959
1752747215937 50.96417999267578 4969
1752747216392 50.72007751464844 4979
1752747216863 50.893898010253906 4989
1752747217329 50.503421783447266 4999
1752747217784 48.07656478881836 5009
1752747218240 48.823856353759766 5019
1752747218703 48.73681640625 5029
1752747219159 50.02621841430664 5039
1752747219618 49.90089416503906 5049
1752747220075 48.70642852783203 5059
1752747220539 50.226463317871094 5069
1752747220994 47.6817512512207 5079
1752747221451 47.333614349365234 5089
1752747221930 49.283935546875 5099
1752747222392 49.186676025390625 5109
1752747222849 47.61943817138672 5119
1752747223305 46.75007629394531 5129
1752747223760 49.36426544189453 5139
1752747224215 49.19766616821289 5149
1752747224670 51.03323745727539 5159
1752747225125 49.406349182128906 5169
1752747225582 48.033447265625 5179
1752747226038 47.22944259643555 5189
1752747226494 46.10735321044922 5199
1752747226960 46.495140075683594 5209
1752747227417 46.344791412353516 5219
1752747227873 49.695655822753906 5229
1752747228330 48.37745666503906 5239
1752747228786 45.51481246948242 5249
1752747229241 46.35616683959961 5259
1752747229696 46.941856384277344 5269
1752747230152 46.57146453857422 5279
1752747230609 45.32954788208008 5289
1752747231063 48.07912826538086 5299
1752747231518 45.33978271484375 5309
1752747231979 44.34024429321289 5319
1752747232435 44.718353271484375 5329
1752747232889 44.93600082397461 5339
1752747233345 46.262725830078125 5349
1752747233800 44.08086395263672 5359
1752747234257 45.808799743652344 5369
1752747234715 44.032630920410156 5379
1752747235170 44.454444885253906 5389
1752747235624 45.657283782958984 5399
1752747236079 44.444610595703125 5409
1752747236534 43.896636962890625 5419
1752747237000 44.538551330566406 5429
1752747237455 43.40937042236328 5439
1752747237920 43.884674072265625 5449
1752747238375 43.56173324584961 5459
1752747238830 42.85302734375 5469
1752747239284 43.447757720947266 5479
1752747239738 42.26620864868164 5489
1752747240192 44.305904388427734 5499
1752747240644 42.07038879394531 5509
1752747241104 43.85641860961914 5519
1752747241556 45.77777099609375 5529
1752747242019 41.71864700317383 5539
1752747242473 42.22869110107422 5549
1752747242927 43.31306076049805 5559
1752747243380 43.09561538696289 5569
1752747243839 41.55779266357422 5579
1752747244300 43.183448791503906 5589
1752747244753 44.189247131347656 5599
1752747245209 43.18763732910156 5609
1752747245664 40.731597900390625 5619
1752747246120 43.77000427246094 5629
1752747246576 41.68565368652344 5639
1752747247031 42.02471160888672 5649
1752747247486 42.48634719848633 5659
1752747247942 41.429691314697266 5669
1752747248398 42.40342712402344 5679
1752747248855 41.1198844909668 5689
1752747249312 39.84376525878906 5699
1752747249768 42.274131774902344 5709
1752747250225 43.804344177246094 5719
1752747250678 40.54615020751953 5729
1752747251132 40.17060852050781 5739
1752747251584 41.957977294921875 5749
1752747252045 40.32734680175781 5759
1752747252497 40.002357482910156 5769
1752747252954 40.47138977050781 5779
1752747253410 40.31770324707031 5789
1752747253866 39.83531951904297 5799
1752747254322 40.493560791015625 5809
1752747254777 41.03407669067383 5819
1752747255231 40.91053009033203 5829
1752747255693 40.187583923339844 5839
1752747256148 40.28450012207031 5849
1752747256602 40.30388259887695 5859
1752747257065 40.878150939941406 5869
1752747257520 39.043357849121094 5879
1752747257975 39.09819793701172 5889
1752747258433 42.12637710571289 5899
1752747258892 38.96595764160156 5909
1752747259354 38.70127868652344 5919
1752747259807 38.35060119628906 5929
1752747260261 40.51380157470703 5939
1752747260716 40.4605712890625 5949
1752747261169 39.27268981933594 5959
1752747261621 39.082786560058594 5969
1752747262083 38.550559997558594 5979
1752747262543 39.10047149658203 5989
1752747262996 38.8696403503418 5999
1752747263448 38.40486145019531 6009
1752747263901 38.8901481628418 6019
1752747264356 38.95333480834961 6029
1752747264815 39.05155944824219 6039
1752747265271 38.238285064697266 6049
1752747265726 37.50761032104492 6059
1752747266181 38.452850341796875 6069
1752747266636 40.860408782958984 6079
1752747267097 40.131080627441406 6089
1752747267552 36.44199752807617 6099
1752747268004 39.30541229248047 6109
1752747268457 37.40190124511719 6119
1752747268910 38.33966827392578 6129
1752747269365 36.64140701293945 6139
1752747269819 36.08204650878906 6149
1752747270271 37.23851013183594 6159
1752747270724 37.784156799316406 6169
1752747271177 37.23566436767578 6179
1752747271630 37.37809753417969 6189
1752747272084 37.79094696044922 6199
1752747272547 38.984901428222656 6209
1752747273000 35.87459945678711 6219
1752747273454 36.71167755126953 6229
1752747273907 37.38813018798828 6239
1752747274361 37.7336311340332 6249
1752747274815 38.06660461425781 6259
1752747275269 38.28112030029297 6269
1752747275723 40.40339660644531 6279
1752747276178 36.56615447998047 6289
1752747276632 36.343849182128906 6299
1752747277084 38.02922821044922 6309
1752747277545 35.237457275390625 6319
1752747278000 37.485496520996094 6329
1752747278474 36.53725051879883 6339
1752747278928 36.88697814941406 6349
1752747279380 35.28002166748047 6359
1752747279835 35.24312210083008 6369
1752747280288 36.087379455566406 6379
1752747280744 35.937870025634766 6389
1752747281197 37.82440948486328 6399
1752747281651 35.745948791503906 6409
1752747282107 35.027549743652344 6419
1752747282577 35.319175720214844 6429
1752747283039 36.51103210449219 6439
1752747283507 34.33253479003906 6449
1752747283969 36.8483772277832 6459
1752747284431 36.440574645996094 6469
1752747284894 35.09080505371094 6479
1752747285350 36.900272369384766 6489
1752747285813 34.79669952392578 6499
1752747286275 35.49293518066406 6509
1752747286736 36.104129791259766 6519
