1752801228324 0.0 49
1752801237217 0.0 99
1752801246122 0.0 149
1752801255051 0.0 199
1752801264009 0.0 249
1752801283549 0.0 273
1752801285182 0.0 273
1752801290813 1.0 299
1752801299754 1.0 349
1752801308692 1.0 399
1752801317640 1.0 449
1752801326610 1.0 499
1752801350395 1.0 547
1752801352069 1.0 547
1752801353325 2.0 549
1752801362318 2.0 599
1752801371270 2.0 649
1752801380246 2.0 699
1752801389231 2.0 749
1752801398227 2.0 799
1752801417424 2.0 821
1752801419083 2.0 821
1752801425045 3.0 849
1752801433993 3.0 899
1752801442978 3.0 949
1752801451921 3.0 999
1752801460925 3.0 1049
1752801484327 3.0 1095
1752801486019 3.0 1095
1752801487718 4.0 1099
1752801496687 4.0 1149
1752801505645 4.0 1199
1752801514650 4.0 1249
1752801523653 4.0 1299
1752801532657 4.0 1349
1752801551382 4.0 1369
1752801552249 4.0 1369
1752801559066 5.0 1399
1752801568025 5.0 1449
1752801577012 5.0 1499
1752801585991 5.0 1549
1752801594967 5.0 1599
1752801618226 5.0 1643
1752801619919 5.0 1643
1752801621967 6.0 1649
1752801630948 6.0 1699
1752801639926 6.0 1749
1752801648929 6.0 1799
1752801657906 6.0 1849
1752801666906 6.0 1899
1752801685368 6.0 1917
1752801687022 6.0 1917
1752801693777 7.0 1949
1752801702775 7.0 1999
1752801711766 7.0 2049
1752801720762 7.0 2099
1752801729743 7.0 2149
1752801752469 7.0 2191
1752801754108 7.0 2191
1752801756468 8.0 2199
1752801765443 8.0 2249
1752801774403 8.0 2299
1752801783406 8.0 2349
1752801792400 8.0 2399
1752801801397 8.0 2449
1752801819467 8.0 2465
1752801820329 8.0 2465
1752801827406 9.0 2499
1752801836371 9.0 2549
1752801845365 9.0 2599
1752801854361 9.0 2649
1752801863361 9.0 2699
1752801885741 9.0 2739
1752801886596 9.0 2739
1752801889313 10.0 2749
1752801898289 10.0 2799
1752801907300 10.0 2849
1752801916302 10.0 2899
1752801925276 10.0 2949
1752801934264 10.0 2999
1752801952077 10.0 3013
1752801953767 10.0 3013
1752801961196 11.0 3049
1752801970181 11.0 3099
1752801979180 11.0 3149
1752801988176 11.0 3199
1752801997160 11.0 3249
1752802019160 11.0 3287
1752802020854 11.0 3287
1752802024001 12.0 3299
1752802032979 12.0 3349
1752802041972 12.0 3399
1752802050953 12.0 3449
1752802059953 12.0 3499
1752802068949 12.0 3549
1752802086432 12.0 3561
1752802087289 12.0 3561
1752802095046 13.0 3599
1752802104013 13.0 3649
1752802113017 13.0 3699
1752802122023 13.0 3749
1752802131027 13.0 3799
1752802152696 13.0 3835
1752802154537 13.0 3835
1752802157995 14.0 3849
1752802166992 14.0 3899
1752802175981 14.0 3949
1752802184982 14.0 3999
1752802193977 14.0 4049
1752802202965 14.0 4099
1752802220062 14.0 4109
1752802220918 14.0 4109
1752802229006 15.0 4149
1752802238011 15.0 4199
1752802246995 15.0 4249
1752802255997 15.0 4299
1752802264979 15.0 4349
1752802286380 15.0 4383
1752802288233 15.0 4383
1752802292035 16.0 4399
1752802301013 16.0 4449
1752802309989 16.0 4499
1752802319006 16.0 4549
1752802328007 16.0 4599
1752802337022 16.0 4649
1752802353601 16.0 4657
1752802354518 16.0 4657
1752802362973 17.0 4699
1752802371953 17.0 4749
1752802380925 17.0 4799
1752802389910 17.0 4849
1752802398892 17.0 4899
1752802419997 17.0 4931
1752802421864 17.0 4931
1752802426051 18.0 4949
1752802435040 18.0 4999
1752802444053 18.0 5049
1752802453065 18.0 5099
1752802462092 18.0 5149
1752802471073 18.0 5199
1752802487298 18.0 5205
1752802488171 18.0 5205
1752802497008 19.0 5249
1752802506020 19.0 5299
1752802515009 19.0 5349
1752802523995 19.0 5399
1752802532997 19.0 5449
1752802553542 19.0 5479
1752802554400 19.0 5479
1752802558937 20.0 5499
1752802567938 20.0 5549
1752802577074 20.0 5599
1752802586064 20.0 5649
1752802595104 20.0 5699
1752802604065 20.0 5749
1752802620119 20.0 5753
1752802621151 20.0 5753
1752802630398 21.0 5799
1752802639382 21.0 5849
1752802648401 21.0 5899
1752802657407 21.0 5949
1752802666416 21.0 5999
1752802686841 21.0 6027
1752802688761 21.0 6027
1752802693640 22.0 6049
1752802702643 22.0 6099
1752802711646 22.0 6149
1752802720643 22.0 6199
1752802729630 22.0 6249
1752802738572 22.0 6299
1752802754154 22.0 6301
1752802755965 22.0 6301
1752802765583 23.0 6349
1752802774547 23.0 6399
1752802783543 23.0 6449
1752802792533 23.0 6499
1752802801537 23.0 6549
1752802821299 23.0 6575
1752802823165 23.0 6575
1752802828472 24.0 6599
1752802837456 24.0 6649
1752802846442 24.0 6699
1752802855444 24.0 6749
1752802864443 24.0 6799
1752802873360 24.0 6849
1752802888739 24.0 6849
1752802890499 24.0 6849
1752802900374 25.0 6899
1752802909374 25.0 6949
1752802918398 25.0 6999
1752802927377 25.0 7049
1752802936371 25.0 7099
1752802956010 25.0 7123
1752802956870 25.0 7123
1752802962546 26.0 7149
1752802971570 26.0 7199
1752802980591 26.0 7249
1752802989573 26.0 7299
1752802998549 26.0 7349
1752803022471 26.0 7397
1752803023494 26.0 7397
1752803024753 27.0 7399
1752803033747 27.0 7449
1752803042740 27.0 7499
1752803051747 27.0 7549
1752803060741 27.0 7599
1752803069740 27.0 7649
1752803088868 27.0 7671
1752803089610 27.0 7671
1752803095586 28.0 7699
1752803104552 28.0 7749
1752803113559 28.0 7799
1752803122557 28.0 7849
1752803131551 28.0 7899
1752803155040 28.0 7945
1752803156796 28.0 7945
1752803158462 29.0 7949
1752803167436 29.0 7999
1752803176446 29.0 8049
1752803185430 29.0 8099
1752803194449 29.0 8149
1752803203485 29.0 8199
1752803222266 29.0 8219
1752803223123 29.0 8219
1752803229514 30.0 8249
1752803238560 30.0 8299
1752803247574 30.0 8349
1752803256580 30.0 8399
1752803265561 30.0 8449
1752803288622 30.0 8493
1752803290487 30.0 8493
1752803292517 31.0 8499
1752803301507 31.0 8549
1752803310494 31.0 8599
1752803319487 31.0 8649
1752803328464 31.0 8699
1752803337430 31.0 8749
1752803355886 31.0 8767
1752803356952 31.0 8767
1752803363602 32.0 8799
1752803372608 32.0 8849
1752803381615 32.0 8899
1752803390609 32.0 8949
1752803399608 32.0 8999
1752803422408 32.0 9041
1752803423340 32.0 9041
1752803425725 33.0 9049
1752803434721 33.0 9099
1752803443709 33.0 9149
1752803452712 33.0 9199
1752803461699 33.0 9249
1752803470679 33.0 9299
1752803488840 33.0 9315
1752803489706 33.0 9315
1752803496758 34.0 9349
1752803505768 34.0 9399
1752803514755 34.0 9449
1752803523770 34.0 9499
1752803532771 34.0 9549
1752803555299 34.0 9589
1752803556048 34.0 9589
1752803558839 35.0 9599
1752803567854 35.0 9649
1752803576840 35.0 9699
1752803585830 35.0 9749
1752803594856 35.0 9799
1752803603889 35.0 9849
1752803621736 35.0 9863
1752803622602 35.0 9863
1752803630048 36.0 9899
1752803639074 36.0 9949
1752803648064 36.0 9999
1752803657080 36.0 10049
1752803666106 36.0 10099
1752803688400 36.0 10137
1752803689147 36.0 10137
1752803692272 37.0 10149
1752803701269 37.0 10199
1752803710273 37.0 10249
1752803719286 37.0 10299
1752803728304 37.0 10349
1752803737324 37.0 10399
1752803754787 37.0 10411
1752803755732 37.0 10411
1752803763507 38.0 10449
1752803772503 38.0 10499
1752803781508 38.0 10549
1752803790510 38.0 10599
1752803799500 38.0 10649
1752803821126 38.0 10685
1752803821986 38.0 10685
1752803825476 39.0 10699
1752803834487 39.0 10749
1752803843505 39.0 10799
1752803852501 39.0 10849
1752803861533 39.0 10899
1752803870553 39.0 10949
1752803887541 39.0 10959
1752803888471 39.0 10959
1752803896617 40.0 10999
1752803905647 40.0 11049
1752803914637 40.0 11099
1752803923651 40.0 11149
1752803932628 40.0 11199
1752803953940 40.0 11233
1752803955829 40.0 11233
1752803959680 41.0 11249
1752803968665 41.0 11299
1752803977700 41.0 11349
1752803986699 41.0 11399
1752803995706 41.0 11449
1752804004704 41.0 11499
1752804021363 41.0 11507
1752804023199 41.0 11507
1752804031642 42.0 11549
1752804040651 42.0 11599
1752804049645 42.0 11649
1752804058629 42.0 11699
1752804067633 42.0 11749
1752804088595 42.0 11781
1752804089611 42.0 11781
1752804093809 43.0 11799
1752804102795 43.0 11849
1752804111800 43.0 11899
1752804120832 43.0 11949
1752804129821 43.0 11999
1752804138814 43.0 12049
1752804155082 43.0 12055
1752804155947 43.0 12055
1752804164770 44.0 12099
1752804173780 44.0 12149
1752804182764 44.0 12199
1752804191746 44.0 12249
1752804200776 44.0 12299
1752804221355 44.0 12329
1752804222130 44.0 12329
1752804226686 45.0 12349
1752804235713 45.0 12399
1752804244700 45.0 12449
1752804253689 45.0 12499
1752804262706 45.0 12549
1752804271676 45.0 12599
1752804287611 45.0 12603
1752804288558 45.0 12603
1752804297743 46.0 12649
1752804306743 46.0 12699
1752804315742 46.0 12749
1752804324718 46.0 12799
1752804333714 46.0 12849
1752804354095 46.0 12877
1752804355934 46.0 12877
1752804360841 47.0 12899
1752804369842 47.0 12949
1752804378845 47.0 12999
1752804387806 47.0 13049
1752804396766 47.0 13099
1752804405714 47.0 13149
1752804421342 47.0 13151
1752804422211 47.0 13151
1752804431783 48.0 13199
1752804440775 48.0 13249
1752804449786 48.0 13299
1752804458776 48.0 13349
1752804467752 48.0 13399
1752804487569 48.0 13425
1752804489275 48.0 13425
1752804494524 49.0 13449
1752804503502 49.0 13499
1752804512512 49.0 13549
1752804521506 49.0 13599
1752804530527 49.0 13649
1752804539480 49.0 13699
1752804554818 49.0 13699
1752804556669 49.0 13699
1752804566598 50.0 13749
1752804575575 50.0 13799
1752804584546 50.0 13849
1752804593540 50.0 13899
1752804602513 50.0 13949
1752804622028 50.0 13973
1752804622899 50.0 13973
1752804628502 51.0 13999
1752804637494 51.0 14049
1752804646471 51.0 14099
1752804655466 51.0 14149
1752804664476 51.0 14199
1752804688253 51.0 14247
1752804689114 51.0 14247
1752804690392 52.0 14249
1752804699373 52.0 14299
1752804708364 52.0 14349
1752804717360 52.0 14399
1752804726358 52.0 14449
1752804735339 52.0 14499
1752804754522 52.0 14521
1752804755600 52.0 14521
1752804761630 53.0 14549
1752804770610 53.0 14599
1752804779597 53.0 14649
1752804788603 53.0 14699
1752804797612 53.0 14749
1752804821056 53.0 14795
1752804821913 53.0 14795
1752804823605 54.0 14799
1752804832598 54.0 14849
1752804841555 54.0 14899
1752804850531 54.0 14949
1752804859527 54.0 14999
1752804868520 54.0 15049
1752804887345 54.0 15069
1752804888356 54.0 15069
1752804894681 55.0 15099
1752804903676 55.0 15149
1752804912685 55.0 15199
1752804921665 55.0 15249
1752804930651 55.0 15299
1752804953709 55.0 15343
1752804955592 55.0 15343
1752804957657 56.0 15349
1752804966635 56.0 15399
1752804975630 56.0 15449
1752804984614 56.0 15499
1752804993581 56.0 15549
1752805002566 56.0 15599
1752805021014 56.0 15617
1752805021966 56.0 15617
1752805028680 57.0 15649
1752805037677 57.0 15699
1752805046681 57.0 15749
1752805055687 57.0 15799
1752805064703 57.0 15849
1752805087496 57.0 15891
1752805088352 57.0 15891
1752805090719 58.0 15899
1752805099697 58.0 15949
1752805108665 58.0 15999
1752805117670 58.0 16049
1752805126651 58.0 16099
1752805135664 58.0 16149
1752805153823 58.0 16165
1752805154835 58.0 16165
1752805161907 59.0 16199
1752805170897 59.0 16249
1752805179877 59.0 16299
1752805188873 59.0 16349
1752805197870 59.0 16399
1752805220381 59.0 16439
1752805221264 59.0 16439
1752805224026 60.0 16449
1752805233004 60.0 16499
1752805241987 60.0 16549
1752805250972 60.0 16599
1752805259973 60.0 16649
1752805268960 60.0 16699
1752805286647 60.0 16713
1752805287508 60.0 16713
1752805294930 61.0 16749
1752805303937 61.0 16799
1752805312912 61.0 16849
1752805321887 61.0 16899
1752805330903 61.0 16949
1752805352737 61.0 16987
1752805353692 61.0 16987
1752805356805 62.0 16999
1752805365761 62.0 17049
1752805374739 62.0 17099
1752805383762 62.0 17149
1752805392746 62.0 17199
1752805401747 62.0 17249
1752805419058 62.0 17261
1752805419922 62.0 17261
1752805427695 63.0 17299
1752805436692 63.0 17349
1752805445673 63.0 17399
1752805454683 63.0 17449
1752805463676 63.0 17499
1752805485453 63.0 17535
1752805487319 63.0 17535
1752805490710 64.0 17549
1752805499691 64.0 17599
1752805508677 64.0 17649
1752805517649 64.0 17699
1752805526627 64.0 17749
1752805535647 64.0 17799
1752805552628 64.0 17809
1752805553358 64.0 17809
1752805561419 65.0 17849
1752805570434 65.0 17899
1752805579404 65.0 17949
1752805588373 65.0 17999
1752805597365 65.0 18049
1752805618802 65.0 18083
1752805619786 65.0 18083
1752805623553 66.0 18099
1752805632565 66.0 18149
1752805641545 66.0 18199
1752805650541 66.0 18249
1752805659534 66.0 18299
1752805668532 66.0 18349
1752805684997 66.0 18357
1752805685856 66.0 18357
1752805694365 67.0 18399
1752805703315 67.0 18449
1752805712304 67.0 18499
1752805721292 67.0 18549
1752805730273 67.0 18599
1752805751075 67.0 18631
1752805752153 67.0 18631
1752805756326 68.0 18649
1752805765323 68.0 18699
1752805774299 68.0 18749
1752805783304 68.0 18799
1752805792280 68.0 18849
1752805801298 68.0 18899
1752805817630 68.0 18905
1752805818520 68.0 18905
1752805827314 69.0 18949
1752805836305 69.0 18999
1752805845313 69.0 19049
1752805854288 69.0 19099
1752805863286 69.0 19149
1752805883825 69.0 19179
1752805884594 69.0 19179
1752805889116 70.0 19199
1752805898114 70.0 19249
1752805907122 70.0 19299
1752805916127 70.0 19349
1752805925100 70.0 19399
1752805934092 70.0 19449
1752805950129 70.0 19453
1752805951125 70.0 19453
1752805960709 71.0 19499
1752805969670 71.0 19549
1752805978660 71.0 19599
1752805987653 71.0 19649
1752805996676 71.0 19699
1752806017017 71.0 19727
1752806017785 71.0 19727
1752806022698 72.0 19749
1752806031690 72.0 19799
1752806040689 72.0 19849
1752806049695 72.0 19899
1752806058704 72.0 19949
1752806067631 72.0 19999
1752806083187 72.0 20001
1752806084260 72.0 20001
1752806093852 73.0 20049
1752806102854 73.0 20099
1752806111867 73.0 20149
1752806120854 73.0 20199
1752806129835 73.0 20249
1752806149745 73.0 20275
1752806150640 73.0 20275
1752806155902 74.0 20299
1752806164915 74.0 20349
1752806173919 74.0 20399
1752806182888 74.0 20449
1752806191866 74.0 20499
1752806200794 74.0 20549
1752806216184 74.0 20549
1752806216952 74.0 20549
1752806226884 75.0 20599
1752806235884 75.0 20649
1752806244883 75.0 20699
1752806253876 75.0 20749
1752806262898 75.0 20799
1752806282383 75.0 20823
1752806283255 75.0 20823
1752806288831 76.0 20849
1752806297830 76.0 20899
1752806306802 76.0 20949
1752806315802 76.0 20999
1752806324789 76.0 21049
1752806348596 76.0 21097
1752806349463 76.0 21097
1752806350669 77.0 21099
1752806359703 77.0 21149
1752806368681 77.0 21199
1752806377655 77.0 21249
1752806386647 77.0 21299
1752806395655 77.0 21349
1752806414826 77.0 21371
1752806416629 77.0 21371
1752806422583 78.0 21399
1752806431551 78.0 21449
1752806440562 78.0 21499
1752806449571 78.0 21549
1752806458578 78.0 21599
1752806481950 78.0 21645
1752806482810 78.0 21645
1752806484462 79.0 21649
1752806493430 79.0 21699
1752806502418 79.0 21749
1752806511411 79.0 21799
1752806520407 79.0 21849
1752806529415 79.0 21899
1752806548189 79.0 21919
1752806549193 79.0 21919
1752806555587 80.0 21949
1752806564571 80.0 21999
1752806573559 80.0 22049
1752806582564 80.0 22099
1752806591562 80.0 22149
1752806614642 80.0 22193
1752806615498 80.0 22193
1752806617482 81.0 22199
1752806626459 81.0 22249
1752806635448 81.0 22299
1752806644436 81.0 22349
1752806653436 81.0 22399
1752806662413 81.0 22449
1752806680796 81.0 22467
1752806681878 81.0 22467
1752806688621 82.0 22499
1752806697600 82.0 22549
1752806706614 82.0 22599
1752806715623 82.0 22649
1752806724631 82.0 22699
1752806747225 82.0 22741
1752806748133 82.0 22741
1752806750503 83.0 22749
1752806759493 83.0 22799
1752806768477 83.0 22849
1752806777475 83.0 22899
1752806786480 83.0 22949
1752806795480 83.0 22999
1752806813547 83.0 23015
1752806814383 83.0 23015
1752806821438 84.0 23049
1752806830434 84.0 23099
1752806839416 84.0 23149
1752806848391 84.0 23199
1752806857374 84.0 23249
1752806879776 84.0 23289
1752806880777 84.0 23289
1752806883506 85.0 23299
1752806892481 85.0 23349
1752806901449 85.0 23399
1752806910447 85.0 23449
1752806919450 85.0 23499
1752806928428 85.0 23549
1752806946096 85.0 23563
1752806946953 85.0 23563
1752806954538 86.0 23599
1752806963584 86.0 23649
1752806972596 86.0 23699
1752806981605 86.0 23749
1752806990610 86.0 23799
1752807012627 86.0 23837
1752807013725 86.0 23837
1752807016813 87.0 23849
1752807025791 87.0 23899
1752807034770 87.0 23949
1752807043781 87.0 23999
1752807052812 87.0 24049
1752807061825 87.0 24099
1752807079674 87.0 24111
1752807080595 87.0 24111
1752807088339 88.0 24149
1752807097336 88.0 24199
1752807106325 88.0 24249
1752807115345 88.0 24299
1752807124344 88.0 24349
1752807146123 88.0 24385
1752807146979 88.0 24385
1752807150407 89.0 24399
1752807159391 89.0 24449
1752807168398 89.0 24499
1752807177385 89.0 24549
1752807186383 89.0 24599
1752807195370 89.0 24649
1752807212504 89.0 24659
1752807213403 89.0 24659
1752807221535 90.0 24699
1752807230533 90.0 24749
1752807239518 90.0 24799
1752807248518 90.0 24849
1752807257536 90.0 24899
1752807278932 90.0 24933
1752807279781 90.0 24933
1752807283608 91.0 24949
1752807292594 91.0 24999
1752807301585 91.0 25049
1752807310589 91.0 25099
1752807319588 91.0 25149
1752807328563 91.0 25199
1752807345227 91.0 25207
1752807346333 91.0 25207
1752807354819 92.0 25249
1752807363808 92.0 25299
1752807372797 92.0 25349
1752807381802 92.0 25399
1752807390782 92.0 25449
1752807411554 92.0 25481
1752807412474 92.0 25481
1752807416610 93.0 25499
1752807425611 93.0 25549
1752807434606 93.0 25599
1752807443597 93.0 25649
1752807452578 93.0 25699
1752807461530 93.0 25749
1752807477934 93.0 25755
1752807478798 93.0 25755
1752807487680 94.0 25799
1752807496648 94.0 25849
1752807505628 94.0 25899
1752807514611 94.0 25949
1752807523589 94.0 25999
1752807544158 94.0 26029
1752807545167 94.0 26029
1752807549688 95.0 26049
1752807558672 95.0 26099
1752807567662 95.0 26149
1752807576663 95.0 26199
1752807585658 95.0 26249
1752807594612 95.0 26299
1752807610502 95.0 26303
1752807611363 95.0 26303
1752807620578 96.0 26349
1752807629554 96.0 26399
1752807638541 96.0 26449
1752807647529 96.0 26499
1752807656534 96.0 26549
1752807676752 96.0 26577
1752807677861 96.0 26577
1752807682789 97.0 26599
1752807691774 97.0 26649
1752807700755 97.0 26699
1752807709740 97.0 26749
1752807718727 97.0 26799
1752807727686 97.0 26849
1752807743329 97.0 26851
1752807744273 97.0 26851
1752807753885 98.0 26899
1752807762868 98.0 26949
1752807771870 98.0 26999
1752807780864 98.0 27049
1752807789846 98.0 27099
1752807809708 98.0 27125
1752807811530 98.0 27125
1752807816812 99.0 27149
1752807825799 99.0 27199
1752807834770 99.0 27249
1752807843778 99.0 27299
1752807852745 99.0 27349
1752807861669 99.0 27399
1752807876889 99.0 27399
1752807877747 99.0 27399
