1752801285182 18.78960609436035 273
1752801352069 6.391408920288086 547
1752801419083 1.8288849592208862 821
1752801486019 1.2526127099990845 1095
1752801552249 1.2307840585708618 1369
1752801619919 1.2639466524124146 1643
1752801687022 1.2926419973373413 1917
1752801754108 1.310980200767517 2191
1752801820329 1.347734808921814 2465
1752801886596 1.3376879692077637 2739
1752801953767 1.3479499816894531 3013
1752802020854 1.3590292930603027 3287
1752802087289 1.375653624534607 3561
1752802154537 1.383460283279419 3835
1752802220918 1.3906954526901245 4109
1752802288233 1.4056830406188965 4383
1752802354518 1.4387725591659546 4657
1752802421864 1.4510973691940308 4931
1752802488171 1.4440648555755615 5205
1752802554400 1.456881046295166 5479
1752802621151 1.5039923191070557 5753
1752802688761 1.4962127208709717 6027
1752802755965 1.500349521636963 6301
1752802823165 1.5359864234924316 6575
1752802890499 1.580082654953003 6849
1752802956870 1.5578831434249878 7123
1752803023494 1.5735493898391724 7397
1752803089610 1.6020023822784424 7671
1752803156796 1.6142876148223877 7945
1752803223123 1.5971901416778564 8219
1752803290487 1.6164100170135498 8493
1752803356952 1.7061586380004883 8767
1752803423340 1.7605390548706055 9041
1752803489706 1.716257095336914 9315
1752803556048 1.7881683111190796 9589
1752803622602 1.8526431322097778 9863
1752803689147 1.931351661682129 10137
1752803755732 1.9766792058944702 10411
1752803821986 2.0553507804870605 10685
1752803888471 2.172485589981079 10959
1752803955829 2.237088441848755 11233
1752804023199 2.286144495010376 11507
1752804089611 2.327622413635254 11781
1752804155947 2.359882354736328 12055
1752804222130 2.3935883045196533 12329
1752804288558 2.413543701171875 12603
1752804355934 2.4544060230255127 12877
1752804422211 2.4729182720184326 13151
1752804489275 2.484337329864502 13425
1752804556669 2.5128133296966553 13699
1752804622899 2.5225613117218018 13973
1752804689114 2.5214614868164062 14247
1752804755600 2.530313730239868 14521
1752804821913 2.5347321033477783 14795
1752804888356 2.549811601638794 15069
1752804955592 2.5550620555877686 15343
1752805021966 2.55827260017395 15617
1752805088352 2.5742409229278564 15891
1752805154835 2.585952043533325 16165
1752805221264 2.5894603729248047 16439
1752805287508 2.5926945209503174 16713
1752805353692 2.5906827449798584 16987
1752805419922 2.5993926525115967 17261
1752805487319 2.592341184616089 17535
1752805553358 2.605112314224243 17809
1752805619786 2.609814167022705 18083
1752805685856 2.609236478805542 18357
1752805752153 2.6168453693389893 18631
1752805818520 2.617119073867798 18905
1752805884594 2.621616840362549 19179
1752805951125 2.6282033920288086 19453
1752806017785 2.6254634857177734 19727
1752806084260 2.634101629257202 20001
1752806150640 2.6423864364624023 20275
1752806216952 2.6325769424438477 20549
1752806283255 2.6565513610839844 20823
1752806349463 2.641371488571167 21097
1752806416629 2.636472702026367 21371
1752806482810 2.6359236240386963 21645
1752806549193 2.643937349319458 21919
1752806615498 2.6450541019439697 22193
1752806681878 2.6495883464813232 22467
1752806748133 2.6286051273345947 22741
1752806814383 2.645151376724243 23015
1752806880777 2.6448304653167725 23289
1752806946953 2.6319830417633057 23563
1752807013725 2.6180150508880615 23837
1752807080595 2.610600709915161 24111
1752807146979 2.6251628398895264 24385
1752807213403 2.633373498916626 24659
1752807279781 2.6329076290130615 24933
1752807346333 2.618403673171997 25207
1752807412474 2.6235439777374268 25481
1752807478798 2.6340880393981934 25755
1752807545167 2.6221325397491455 26029
1752807611363 2.6345343589782715 26303
1752807677861 2.6210014820098877 26577
1752807744273 2.601478338241577 26851
1752807811530 2.617936849594116 27125
1752807877747 2.619558811187744 27399
