1752801285182 9.710497856140137 273
1752801352069 3.462479591369629 547
1752801419083 2.825129508972168 821
1752801486019 2.5452184677124023 1095
1752801552249 2.5057008266448975 1369
1752801619919 2.231079578399658 1643
1752801687022 1.9781861305236816 1917
1752801754108 2.0455000400543213 2191
1752801820329 2.2682738304138184 2465
1752801886596 2.247966766357422 2739
1752801953767 2.0108537673950195 3013
1752802020854 2.006889581680298 3287
1752802087289 1.8905298709869385 3561
1752802154537 1.9499576091766357 3835
1752802220918 1.816225290298462 4109
1752802288233 1.9181897640228271 4383
1752802354518 1.90435791015625 4657
1752802421864 1.936691403388977 4931
1752802488171 1.7730846405029297 5205
1752802554400 1.8339694738388062 5479
1752802621151 1.8931666612625122 5753
1752802688761 1.8021098375320435 6027
1752802755965 1.841742992401123 6301
1752802823165 1.78316330909729 6575
1752802890499 1.8908308744430542 6849
1752802956870 1.6632068157196045 7123
1752803023494 1.6348024606704712 7397
1752803089610 1.835350513458252 7671
1752803156796 1.5715973377227783 7945
1752803223123 1.6700345277786255 8219
1752803290487 1.7820942401885986 8493
1752803356952 1.7898120880126953 8767
1752803423340 1.7994062900543213 9041
1752803489706 1.7942479848861694 9315
1752803556048 1.6425509452819824 9589
1752803622602 1.6976914405822754 9863
1752803689147 1.614290475845337 10137
1752803755732 1.7067980766296387 10411
1752803821986 1.6800284385681152 10685
1752803888471 1.6262027025222778 10959
1752803955829 1.6445081233978271 11233
1752804023199 1.6022045612335205 11507
1752804089611 1.61588716506958 11781
1752804155947 1.6597211360931396 12055
1752804222130 1.5402488708496094 12329
1752804288558 1.6143468618392944 12603
1752804355934 1.8339775800704956 12877
1752804422211 1.5246080160140991 13151
1752804489275 1.6580004692077637 13425
1752804556669 1.63808012008667 13699
1752804622899 1.576558232307434 13973
1752804689114 1.6618456840515137 14247
1752804755600 1.5342389345169067 14521
1752804821913 1.6183186769485474 14795
1752804888356 1.5380127429962158 15069
1752804955592 1.6745622158050537 15343
1752805021966 1.5478898286819458 15617
1752805088352 1.5962159633636475 15891
1752805154835 1.5306947231292725 16165
1752805221264 1.5934499502182007 16439
1752805287508 1.4122471809387207 16713
1752805353692 1.6704299449920654 16987
1752805419922 1.5713205337524414 17261
1752805487319 1.6682195663452148 17535
1752805553358 1.557468295097351 17809
1752805619786 1.4219255447387695 18083
1752805685856 1.4562238454818726 18357
1752805752153 1.4829899072647095 18631
1752805818520 1.5093116760253906 18905
1752805884594 1.6634411811828613 19179
1752805951125 1.5143084526062012 19453
1752806017785 1.4129307270050049 19727
1752806084260 1.6322287321090698 20001
1752806150640 1.4132537841796875 20275
1752806216952 1.484357476234436 20549
1752806283255 1.4269452095031738 20823
1752806349463 1.605278730392456 21097
1752806416629 1.5163651704788208 21371
1752806482810 1.4344427585601807 21645
1752806549193 1.4310029745101929 21919
1752806615498 1.5675745010375977 22193
1752806681878 1.4560085535049438 22467
1752806748133 1.5548949241638184 22741
1752806814383 1.4824014902114868 23015
1752806880777 1.3004909753799438 23289
1752806946953 1.4377449750900269 23563
1752807013725 1.4181323051452637 23837
1752807080595 1.3715571165084839 24111
1752807146979 1.4672237634658813 24385
1752807213403 1.480973243713379 24659
1752807279781 1.529037594795227 24933
1752807346333 1.3249163627624512 25207
1752807412474 1.5086750984191895 25481
1752807478798 1.454898476600647 25755
1752807545167 1.4842994213104248 26029
1752807611363 1.4162890911102295 26303
1752807677861 1.321934700012207 26577
1752807744273 1.3805818557739258 26851
1752807811530 1.491059422492981 27125
1752807877747 1.3868294954299927 27399
