1752801228324 19.827762603759766 49
1752801237217 12.042981147766113 99
1752801246122 8.355600357055664 149
1752801255051 8.867149353027344 199
1752801264009 6.76242733001709 249
1752801290813 5.259489059448242 299
1752801299754 4.954543113708496 349
1752801308692 4.866278648376465 399
1752801317640 4.979802131652832 449
1752801326610 3.5803451538085938 499
1752801353325 3.7669262886047363 549
1752801362318 4.427940368652344 599
1752801371270 3.854485511779785 649
1752801380246 4.340381145477295 699
1752801389231 3.402507781982422 749
1752801398227 3.7516016960144043 799
1752801425045 3.4667983055114746 849
1752801433993 3.5783495903015137 899
1752801442978 3.285799980163574 949
1752801451921 3.4492311477661133 999
1752801460925 3.972405433654785 1049
1752801487718 3.08455753326416 1099
1752801496687 3.591625690460205 1149
1752801505645 3.2336366176605225 1199
1752801514650 3.4322309494018555 1249
1752801523653 3.8135757446289062 1299
1752801532657 3.471658229827881 1349
1752801559066 3.853182077407837 1399
1752801568025 3.4143896102905273 1449
1752801577012 3.0101234912872314 1499
1752801585991 3.9610633850097656 1549
1752801594967 3.2192940711975098 1599
1752801621967 3.236987829208374 1649
1752801630948 3.0871145725250244 1699
1752801639926 3.3812503814697266 1749
1752801648929 3.892878532409668 1799
1752801657906 2.9774224758148193 1849
1752801666906 3.222320079803467 1899
1752801693777 2.8528494834899902 1949
1752801702775 4.079773426055908 1999
1752801711766 2.997446060180664 2049
1752801720762 3.185044288635254 2099
1752801729743 2.6064565181732178 2149
1752801756468 3.174668788909912 2199
1752801765443 3.541034698486328 2249
1752801774403 3.2697596549987793 2299
1752801783406 3.814152240753174 2349
1752801792400 3.0420923233032227 2399
1752801801397 2.5903472900390625 2449
1752801827406 3.33371639251709 2499
1752801836371 2.8445823192596436 2549
1752801845365 3.082242250442505 2599
1752801854361 3.5594968795776367 2649
1752801863361 3.0838959217071533 2699
1752801889313 2.664116859436035 2749
1752801898289 3.1091599464416504 2799
1752801907300 4.004322052001953 2849
1752801916302 3.507572650909424 2899
1752801925276 3.2684552669525146 2949
1752801934264 2.527376174926758 2999
1752801961196 2.7514142990112305 3049
1752801970181 2.597872257232666 3099
1752801979180 3.1146693229675293 3149
1752801988176 2.7561798095703125 3199
1752801997160 3.33520770072937 3249
1752802024001 3.1143674850463867 3299
1752802032979 3.240870475769043 3349
1752802041972 3.4604640007019043 3399
1752802050953 3.288478374481201 3449
1752802059953 3.3933944702148438 3499
1752802068949 2.945404291152954 3549
1752802095046 2.932499408721924 3599
1752802104013 3.128159999847412 3649
1752802113017 3.1808547973632812 3699
1752802122023 3.0009424686431885 3749
1752802131027 3.0777664184570312 3799
1752802157995 3.1533498764038086 3849
1752802166992 3.4539761543273926 3899
1752802175981 3.088404893875122 3949
1752802184982 2.887950897216797 3999
1752802193977 2.8296873569488525 4049
1752802202965 3.1479411125183105 4099
1752802229006 3.595913887023926 4149
1752802238011 2.7084529399871826 4199
1752802246995 3.6787948608398438 4249
1752802255997 3.3325486183166504 4299
1752802264979 3.417715072631836 4349
1752802292035 3.1219682693481445 4399
1752802301013 3.0148425102233887 4449
1752802309989 3.5168821811676025 4499
1752802319006 3.222228765487671 4549
1752802328007 3.308109760284424 4599
1752802337022 3.0248966217041016 4649
1752802362973 3.574787139892578 4699
1752802371953 3.13326358795166 4749
1752802380925 2.8387300968170166 4799
1752802389910 3.309699058532715 4849
1752802398892 2.553213596343994 4899
1752802426051 3.054558277130127 4949
1752802435040 3.038018226623535 4999
1752802444053 3.054459571838379 5049
1752802453065 3.3902244567871094 5099
1752802462092 3.227076530456543 5149
1752802471073 4.139062404632568 5199
1752802497008 3.2398834228515625 5249
1752802506020 3.794900417327881 5299
1752802515009 3.334348201751709 5349
1752802523995 3.2995262145996094 5399
1752802532997 3.0336673259735107 5449
1752802558937 3.0112576484680176 5499
1752802567938 3.197946548461914 5549
1752802577074 2.5132009983062744 5599
1752802586064 2.635683536529541 5649
1752802595104 2.952096462249756 5699
1752802604065 3.2439894676208496 5749
1752802630398 2.822437286376953 5799
1752802639382 3.338838815689087 5849
1752802648401 3.005988597869873 5899
1752802657407 3.4153342247009277 5949
1752802666416 2.5351996421813965 5999
1752802693640 2.8460419178009033 6049
1752802702643 2.85408091545105 6099
1752802711646 2.9401803016662598 6149
1752802720643 2.660675048828125 6199
1752802729630 3.025533676147461 6249
1752802738572 3.258592128753662 6299
1752802765583 3.201014518737793 6349
1752802774547 3.3526885509490967 6399
1752802783543 2.8612582683563232 6449
1752802792533 3.1633520126342773 6499
1752802801537 3.4420135021209717 6549
1752802828472 3.991847038269043 6599
1752802837456 2.6736326217651367 6649
1752802846442 2.7845399379730225 6699
1752802855444 2.650033950805664 6749
1752802864443 2.7783308029174805 6799
1752802873360 3.4856061935424805 6849
1752802900374 3.3421382904052734 6899
1752802909374 2.7639153003692627 6949
1752802918398 2.86464262008667 6999
1752802927377 2.8258323669433594 7049
1752802936371 2.9020705223083496 7099
1752802962546 2.9558770656585693 7149
1752802971570 3.6138722896575928 7199
1752802980591 2.8261916637420654 7249
1752802989573 2.813283920288086 7299
1752802998549 2.825425386428833 7349
1752803024753 3.078447103500366 7399
1752803033747 2.72751784324646 7449
1752803042740 2.9619057178497314 7499
1752803051747 2.81709623336792 7549
1752803060741 3.304762840270996 7599
1752803069740 2.7551326751708984 7649
1752803095586 3.228322982788086 7699
1752803104552 3.388883352279663 7749
1752803113559 3.382004737854004 7799
1752803122557 3.0375518798828125 7849
1752803131551 3.644167423248291 7899
1752803158462 2.7783267498016357 7949
1752803167436 3.0022153854370117 7999
1752803176446 2.9771769046783447 8049
1752803185430 3.0056710243225098 8099
1752803194449 2.789307117462158 8149
1752803203485 3.2869107723236084 8199
1752803229514 2.606844425201416 8249
1752803238560 3.5305824279785156 8299
1752803247574 2.836289405822754 8349
1752803256580 2.7895898818969727 8399
1752803265561 2.553581476211548 8449
1752803292517 2.863424301147461 8499
1752803301507 3.26385498046875 8549
1752803310494 2.7917323112487793 8599
1752803319487 2.8606765270233154 8649
1752803328464 2.6028952598571777 8699
1752803337430 2.7603840827941895 8749
1752803363602 2.3985114097595215 8799
1752803372608 3.2479519844055176 8849
1752803381615 3.3843588829040527 8899
1752803390609 2.895881414413452 8949
1752803399608 3.183133602142334 8999
1752803425725 2.685408115386963 9049
1752803434721 2.728508710861206 9099
1752803443709 2.7439935207366943 9149
1752803452712 2.5032694339752197 9199
1752803461699 2.820988893508911 9249
1752803470679 2.8578529357910156 9299
1752803496758 2.836641788482666 9349
1752803505768 2.308027744293213 9399
1752803514755 2.6432719230651855 9449
1752803523770 2.6058359146118164 9499
1752803532771 2.6871776580810547 9549
1752803558839 3.022491455078125 9599
1752803567854 2.482825517654419 9649
1752803576840 3.6429615020751953 9699
1752803585830 2.90565824508667 9749
1752803594856 2.808993339538574 9799
1752803603889 2.5235602855682373 9849
1752803630048 3.5652127265930176 9899
1752803639074 2.9255828857421875 9949
1752803648064 2.481729745864868 9999
1752803657080 2.7549140453338623 10049
1752803666106 2.5284032821655273 10099
1752803692272 2.3416218757629395 10149
1752803701269 3.5965240001678467 10199
1752803710273 2.3021669387817383 10249
1752803719286 2.5979387760162354 10299
1752803728304 2.1443519592285156 10349
1752803737324 2.5094473361968994 10399
1752803763507 2.8323898315429688 10449
1752803772503 2.5124878883361816 10499
1752803781508 3.00034236907959 10549
1752803790510 2.069056987762451 10599
1752803799500 2.485964775085449 10649
1752803825476 2.743046283721924 10699
1752803834487 2.200941562652588 10749
1752803843505 2.415708065032959 10799
1752803852501 2.859630584716797 10849
1752803861533 2.2219583988189697 10899
1752803870553 3.036918878555298 10949
1752803896617 2.7838258743286133 10999
1752803905647 2.794442892074585 11049
1752803914637 2.6750001907348633 11099
1752803923651 3.121131181716919 11149
1752803932628 2.503664970397949 11199
1752803959680 2.390615940093994 11249
1752803968665 2.5694704055786133 11299
1752803977700 2.260979652404785 11349
1752803986699 2.0228641033172607 11399
1752803995706 2.2693185806274414 11449
1752804004704 2.428938627243042 11499
1752804031642 2.730128288269043 11549
1752804040651 2.0446043014526367 11599
1752804049645 2.3094725608825684 11649
1752804058629 2.2280282974243164 11699
1752804067633 2.7057247161865234 11749
1752804093809 2.0575387477874756 11799
1752804102795 2.3609747886657715 11849
1752804111800 2.239943265914917 11899
1752804120832 3.0069847106933594 11949
1752804129821 2.917026996612549 11999
1752804138814 2.1937255859375 12049
1752804164770 2.359774589538574 12099
1752804173780 2.4488890171051025 12149
1752804182764 2.9014205932617188 12199
1752804191746 2.8027191162109375 12249
1752804200776 2.604923725128174 12299
1752804226686 2.474294424057007 12349
1752804235713 2.0112357139587402 12399
1752804244700 2.509758949279785 12449
1752804253689 2.669783115386963 12499
1752804262706 2.7668213844299316 12549
1752804271676 2.178403377532959 12599
1752804297743 2.4678969383239746 12649
1752804306743 2.487964391708374 12699
1752804315742 2.297722339630127 12749
1752804324718 2.9178364276885986 12799
1752804333714 2.52264404296875 12849
1752804360841 2.2206671237945557 12899
1752804369842 2.526370048522949 12949
1752804378845 2.2254881858825684 12999
1752804387806 3.046200752258301 13049
1752804396766 2.9388864040374756 13099
1752804405714 2.563326597213745 13149
1752804431783 2.596210479736328 13199
1752804440775 2.6878933906555176 13249
1752804449786 2.179171562194824 13299
1752804458776 2.5041275024414062 13349
1752804467752 2.117307662963867 13399
1752804494524 2.6700756549835205 13449
1752804503502 2.509185791015625 13499
1752804512512 2.599931001663208 13549
1752804521506 2.1384410858154297 13599
1752804530527 1.9627127647399902 13649
1752804539480 2.21614146232605 13699
1752804566598 2.524993896484375 13749
1752804575575 2.962993621826172 13799
1752804584546 3.028632164001465 13849
1752804593540 2.786674737930298 13899
1752804602513 2.171198606491089 13949
1752804628502 2.3118348121643066 13999
1752804637494 2.120394229888916 14049
1752804646471 2.7648937702178955 14099
1752804655466 2.2496707439422607 14149
1752804664476 2.4778432846069336 14199
1752804690392 2.195162773132324 14249
1752804699373 2.0731236934661865 14299
1752804708364 1.929692268371582 14349
1752804717360 2.3121697902679443 14399
1752804726358 2.4174814224243164 14449
1752804735339 2.6105589866638184 14499
1752804761630 1.9924957752227783 14549
1752804770610 2.625744342803955 14599
1752804779597 2.0752475261688232 14649
1752804788603 2.5417051315307617 14699
1752804797612 2.520210027694702 14749
1752804823605 2.5011985301971436 14799
1752804832598 2.3784103393554688 14849
1752804841555 2.3137223720550537 14899
1752804850531 2.3032898902893066 14949
1752804859527 2.107133150100708 14999
1752804868520 1.9918681383132935 15049
1752804894681 2.387054204940796 15099
1752804903676 2.2262682914733887 15149
1752804912685 1.883965253829956 15199
1752804921665 2.3652503490448 15249
1752804930651 2.200289011001587 15299
1752804957657 2.210206985473633 15349
1752804966635 2.7927398681640625 15399
1752804975630 2.0514965057373047 15449
1752804984614 2.425661563873291 15499
1752804993581 1.9370965957641602 15549
1752805002566 2.4418673515319824 15599
1752805028680 2.1839122772216797 15649
1752805037677 2.0479679107666016 15699
1752805046681 2.3977129459381104 15749
1752805055687 2.3006844520568848 15799
1752805064703 2.4461512565612793 15849
1752805090719 2.436335563659668 15899
1752805099697 1.921285629272461 15949
1752805108665 1.9632800817489624 15999
1752805117670 1.834823489189148 16049
1752805126651 1.9539062976837158 16099
1752805135664 2.311018466949463 16149
1752805161907 2.0492029190063477 16199
1752805170897 2.726278781890869 16249
1752805179877 2.274712562561035 16299
1752805188873 2.1227264404296875 16349
1752805197870 2.435490608215332 16399
1752805224026 2.4542579650878906 16449
1752805233004 2.438932180404663 16499
1752805241987 2.559627056121826 16549
1752805250972 2.740356206893921 16599
1752805259973 1.927325963973999 16649
1752805268960 2.278238534927368 16699
1752805294930 2.3535425662994385 16749
1752805303937 2.6844849586486816 16799
1752805312912 2.097486734390259 16849
1752805321887 2.611168622970581 16899
1752805330903 2.3764235973358154 16949
1752805356805 1.9551756381988525 16999
1752805365761 2.3065905570983887 17049
1752805374739 2.069706916809082 17099
1752805383762 1.9391059875488281 17149
1752805392746 2.423041343688965 17199
1752805401747 2.946810722351074 17249
1752805427695 2.2602691650390625 17299
1752805436692 2.332463502883911 17349
1752805445673 2.542910575866699 17399
1752805454683 2.3353400230407715 17449
1752805463676 2.549534559249878 17499
1752805490710 2.8362183570861816 17549
1752805499691 2.046128511428833 17599
1752805508677 2.538862705230713 17649
1752805517649 2.2875845432281494 17699
1752805526627 2.4867734909057617 17749
1752805535647 2.392181873321533 17799
1752805561419 2.3444926738739014 17849
1752805570434 2.9803571701049805 17899
1752805579404 2.1099026203155518 17949
1752805588373 2.55399751663208 17999
1752805597365 2.4060468673706055 18049
1752805623553 2.3551876544952393 18099
1752805632565 2.3722963333129883 18149
1752805641545 2.5943474769592285 18199
1752805650541 2.185258150100708 18249
1752805659534 2.1123952865600586 18299
1752805668532 2.224029302597046 18349
1752805694365 1.949009895324707 18399
1752805703315 2.574873924255371 18449
1752805712304 2.3829104900360107 18499
1752805721292 2.6011288166046143 18549
1752805730273 2.5265519618988037 18599
1752805756326 2.189222812652588 18649
1752805765323 2.303774833679199 18699
1752805774299 2.421607494354248 18749
1752805783304 2.2311201095581055 18799
1752805792280 1.9053092002868652 18849
1752805801298 2.091233730316162 18899
1752805827314 2.0378642082214355 18949
1752805836305 2.2460455894470215 18999
1752805845313 2.2603983879089355 19049
1752805854288 2.3679745197296143 19099
1752805863286 1.9024701118469238 19149
1752805889116 2.2019457817077637 19199
1752805898114 2.106492519378662 19249
1752805907122 2.371551036834717 19299
1752805916127 2.3325653076171875 19349
1752805925100 1.8595740795135498 19399
1752805934092 2.1574161052703857 19449
1752805960709 3.3488402366638184 19499
1752805969670 2.353942632675171 19549
1752805978660 2.4296021461486816 19599
1752805987653 1.9923737049102783 19649
1752805996676 2.615656852722168 19699
1752806022698 2.441361904144287 19749
1752806031690 2.3825182914733887 19799
1752806040689 2.3014490604400635 19849
1752806049695 2.527432918548584 19899
1752806058704 1.8949614763259888 19949
1752806067631 2.2026243209838867 19999
1752806093852 2.6178789138793945 20049
1752806102854 2.458784818649292 20099
1752806111867 1.999155044555664 20149
1752806120854 2.0927562713623047 20199
1752806129835 2.1211671829223633 20249
1752806155902 1.8562300205230713 20299
1752806164915 2.1940724849700928 20349
1752806173919 2.3523035049438477 20399
1752806182888 2.3108320236206055 20449
1752806191866 1.8095108270645142 20499
1752806200794 2.710200071334839 20549
1752806226884 2.140045642852783 20599
1752806235884 1.992370367050171 20649
1752806244883 2.5496275424957275 20699
1752806253876 2.576298475265503 20749
1752806262898 2.0309932231903076 20799
1752806288831 2.54661226272583 20849
1752806297830 1.9654362201690674 20899
1752806306802 2.1893362998962402 20949
1752806315802 2.07247257232666 20999
1752806324789 2.4732608795166016 21049
1752806350669 2.207448720932007 21099
1752806359703 2.3376173973083496 21149
1752806368681 2.619678497314453 21199
1752806377655 2.0560860633850098 21249
1752806386647 2.3354904651641846 21299
1752806395655 2.670332431793213 21349
1752806422583 2.007047176361084 21399
1752806431551 2.257082939147949 21449
1752806440562 2.5510289669036865 21499
1752806449571 2.2893543243408203 21549
1752806458578 1.9807019233703613 21599
1752806484462 2.180678367614746 21649
1752806493430 2.27842116355896 21699
1752806502418 2.1518585681915283 21749
1752806511411 2.2551302909851074 21799
1752806520407 2.937272548675537 21849
1752806529415 2.145298480987549 21899
1752806555587 2.0968332290649414 21949
1752806564571 2.975553035736084 21999
1752806573559 2.5780982971191406 22049
1752806582564 2.3277206420898438 22099
1752806591562 2.118105411529541 22149
1752806617482 1.8033668994903564 22199
1752806626459 2.240910053253174 22249
1752806635448 2.4201788902282715 22299
1752806644436 2.3674840927124023 22349
1752806653436 2.2556636333465576 22399
1752806662413 2.315312385559082 22449
1752806688621 2.070460796356201 22499
1752806697600 2.0117130279541016 22549
1752806706614 2.766103744506836 22599
1752806715623 2.493807792663574 22649
1752806724631 2.398000955581665 22699
1752806750503 3.2918176651000977 22749
1752806759493 2.540264129638672 22799
1752806768477 1.8837814331054688 22849
1752806777475 2.226564407348633 22899
1752806786480 2.3741614818573 22949
1752806795480 2.290407657623291 22999
1752806821438 2.4999606609344482 23049
1752806830434 2.6039490699768066 23099
1752806839416 2.070707321166992 23149
1752806848391 2.4208364486694336 23199
1752806857374 1.8199992179870605 23249
1752806883506 2.4582881927490234 23299
1752806892481 2.026988983154297 23349
1752806901449 2.5815439224243164 23399
1752806910447 2.0756564140319824 23449
1752806919450 2.493328809738159 23499
1752806928428 2.2596054077148438 23549
1752806954538 2.0380330085754395 23599
1752806963584 1.7658075094223022 23649
1752806972596 2.6638779640197754 23699
1752806981605 2.327108144760132 23749
1752806990610 2.423428535461426 23799
1752807016813 2.5683491230010986 23849
1752807025791 2.576340675354004 23899
1752807034770 1.9623076915740967 23949
1752807043781 2.312314510345459 23999
1752807052812 2.1909422874450684 24049
1752807061825 2.052121639251709 24099
1752807088339 1.9309215545654297 24149
1752807097336 2.666003465652466 24199
1752807106325 1.8523650169372559 24249
1752807115345 2.2907023429870605 24299
1752807124344 2.1350412368774414 24349
1752807150407 2.1944985389709473 24399
1752807159391 2.44714617729187 24449
1752807168398 2.079360008239746 24499
1752807177385 2.293153762817383 24549
1752807186383 2.662461996078491 24599
1752807195370 2.294700860977173 24649
1752807221535 1.8444713354110718 24699
1752807230533 1.9532214403152466 24749
1752807239518 2.131251096725464 24799
1752807248518 1.8057234287261963 24849
1752807257536 2.383321523666382 24899
1752807283608 2.0476722717285156 24949
1752807292594 2.0348501205444336 24999
1752807301585 2.5883102416992188 25049
1752807310589 2.2332699298858643 25099
1752807319588 2.2716922760009766 25149
1752807328563 2.627896547317505 25199
1752807354819 1.9486278295516968 25249
1752807363808 2.1197874546051025 25299
1752807372797 2.2636661529541016 25349
1752807381802 2.7415103912353516 25399
1752807390782 2.302377700805664 25449
1752807416610 2.5769686698913574 25499
1752807425611 1.9876141548156738 25549
1752807434606 2.0832102298736572 25599
1752807443597 2.7150180339813232 25649
1752807452578 2.1031646728515625 25699
1752807461530 2.0392141342163086 25749
1752807487680 2.0673584938049316 25799
1752807496648 2.6256282329559326 25849
1752807505628 2.4922499656677246 25899
1752807514611 2.418156147003174 25949
1752807523589 2.2123148441314697 25999
1752807549688 2.2304234504699707 26049
1752807558672 1.8303738832473755 26099
1752807567662 2.361043930053711 26149
1752807576663 2.034085988998413 26199
1752807585658 2.1451416015625 26249
1752807594612 2.735994338989258 26299
1752807620578 2.3377480506896973 26349
1752807629554 2.3973517417907715 26399
1752807638541 2.0060064792633057 26449
1752807647529 2.77944278717041 26499
1752807656534 2.2835164070129395 26549
1752807682789 2.8518619537353516 26599
1752807691774 2.1362245082855225 26649
1752807700755 1.824798822402954 26699
1752807709740 2.7824790477752686 26749
1752807718727 2.000117778778076 26799
1752807727686 2.6423838138580322 26849
1752807753885 2.2133543491363525 26899
1752807762868 2.0779128074645996 26949
1752807771870 1.8600558042526245 26999
1752807780864 2.0801310539245605 27049
1752807789846 2.057722568511963 27099
1752807816812 2.3184704780578613 27149
1752807825799 2.3281421661376953 27199
1752807834770 2.2461423873901367 27249
1752807843778 2.469743013381958 27299
1752807852745 1.9360098838806152 27349
1752807861669 2.410991668701172 27399
