1752801285182 2.31392502784729 273
1752801352069 1.3282012939453125 547
1752801419083 0.8333466649055481 821
1752801486019 0.5438393950462341 1095
1752801552249 0.6196698546409607 1369
1752801619919 0.5674731731414795 1643
1752801687022 0.4805442690849304 1917
1752801754108 0.483039915561676 2191
1752801820329 0.4703737199306488 2465
1752801886596 0.44790980219841003 2739
1752801953767 0.48476532101631165 3013
1752802020854 0.43237876892089844 3287
1752802087289 0.41537368297576904 3561
1752802154537 0.3945845067501068 3835
1752802220918 0.42668280005455017 4109
1752802288233 0.40959376096725464 4383
1752802354518 0.4737720787525177 4657
1752802421864 0.41729122400283813 4931
1752802488171 0.3907727301120758 5205
1752802554400 0.4276247024536133 5479
1752802621151 0.4053966999053955 5753
1752802688761 0.39870426058769226 6027
1752802755965 0.40505141019821167 6301
1752802823165 0.373129665851593 6575
1752802890499 0.40687453746795654 6849
1752802956870 0.41519880294799805 7123
1752803023494 0.37268897891044617 7397
1752803089610 0.4059653580188751 7671
1752803156796 0.3986939489841461 7945
1752803223123 0.41853147745132446 8219
1752803290487 0.36730775237083435 8493
1752803356952 0.3986712694168091 8767
1752803423340 0.3870864808559418 9041
1752803489706 0.3519519865512848 9315
1752803556048 0.37500935792922974 9589
1752803622602 0.3980318009853363 9863
1752803689147 0.37663733959198 10137
1752803755732 0.3451206684112549 10411
1752803821986 0.42756953835487366 10685
1752803888471 0.35727694630622864 10959
1752803955829 0.37332865595817566 11233
1752804023199 0.35318130254745483 11507
1752804089611 0.3718903362751007 11781
1752804155947 0.34909623861312866 12055
1752804222130 0.4279003143310547 12329
1752804288558 0.38035982847213745 12603
1752804355934 0.3753441870212555 12877
1752804422211 0.3721737861633301 13151
1752804489275 0.3767108619213104 13425
1752804556669 0.41506701707839966 13699
1752804622899 0.40240272879600525 13973
1752804689114 0.3812705874443054 14247
1752804755600 0.34802839159965515 14521
1752804821913 0.3417559862136841 14795
1752804888356 0.35262808203697205 15069
1752804955592 0.33563175797462463 15343
1752805021966 0.3627847731113434 15617
1752805088352 0.34801799058914185 15891
1752805154835 0.3165048360824585 16165
1752805221264 0.34956350922584534 16439
1752805287508 0.3620122969150543 16713
1752805353692 0.3416192829608917 16987
1752805419922 0.3652064800262451 17261
1752805487319 0.3569904863834381 17535
1752805553358 0.3359774649143219 17809
1752805619786 0.3558003008365631 18083
1752805685856 0.35273483395576477 18357
1752805752153 0.35815131664276123 18631
1752805818520 0.3669673204421997 18905
1752805884594 0.337069571018219 19179
1752805951125 0.3542463481426239 19453
1752806017785 0.3424014449119568 19727
1752806084260 0.3778901696205139 20001
1752806150640 0.3221137225627899 20275
1752806216952 0.31762462854385376 20549
1752806283255 0.30985480546951294 20823
1752806349463 0.3546118140220642 21097
1752806416629 0.35363632440567017 21371
1752806482810 0.33977562189102173 21645
1752806549193 0.34016451239585876 21919
1752806615498 0.3531884551048279 22193
1752806681878 0.39142289757728577 22467
1752806748133 0.34273993968963623 22741
1752806814383 0.33802759647369385 23015
1752806880777 0.312817245721817 23289
1752806946953 0.338257372379303 23563
1752807013725 0.3422170579433441 23837
1752807080595 0.30169540643692017 24111
1752807146979 0.3283251225948334 24385
1752807213403 0.339823842048645 24659
1752807279781 0.307070791721344 24933
1752807346333 0.32027456164360046 25207
1752807412474 0.30957701802253723 25481
1752807478798 0.36550068855285645 25755
1752807545167 0.3090614676475525 26029
1752807611363 0.3207867741584778 26303
1752807677861 0.3255426585674286 26577
1752807744273 0.3034778833389282 26851
1752807811530 0.3367424011230469 27125
1752807877747 0.32901954650878906 27399
