1752801285182 198.834716796875 273
1752801352069 76.25828552246094 547
1752801419083 32.851356506347656 821
1752801486019 25.412446975708008 1095
1752801552249 23.75560188293457 1369
1752801619919 23.041521072387695 1643
1752801687022 22.56404685974121 1917
1752801754108 22.19688606262207 2191
1752801820329 21.882965087890625 2465
1752801886596 21.666152954101562 2739
1752801953767 21.497129440307617 3013
1752802020854 21.34368896484375 3287
1752802087289 21.18929100036621 3561
1752802154537 21.09297752380371 3835
1752802220918 21.01810646057129 4109
1752802288233 20.946247100830078 4383
1752802354518 20.848676681518555 4657
1752802421864 20.79487419128418 4931
1752802488171 20.759809494018555 5205
1752802554400 20.70513916015625 5479
1752802621151 20.617464065551758 5753
1752802688761 20.617143630981445 6027
1752802755965 20.553810119628906 6301
1752802823165 20.506486892700195 6575
1752802890499 20.42472267150879 6849
1752802956870 20.430217742919922 7123
1752803023494 20.409753799438477 7397
1752803089610 20.367176055908203 7671
1752803156796 20.318933486938477 7945
1752803223123 20.350189208984375 8219
1752803290487 20.324064254760742 8493
1752803356952 20.181591033935547 8767
1752803423340 20.060869216918945 9041
1752803489706 20.16208267211914 9315
1752803556048 20.0185604095459 9589
1752803622602 19.882869720458984 9863
1752803689147 19.73176383972168 10137
1752803755732 19.677188873291016 10411
1752803821986 19.572662353515625 10685
1752803888471 19.38604736328125 10959
1752803955829 19.310256958007812 11233
1752804023199 19.251209259033203 11507
1752804089611 19.17694091796875 11781
1752804155947 19.133447647094727 12055
1752804222130 19.077211380004883 12329
1752804288558 19.034130096435547 12603
1752804355934 18.990955352783203 12877
1752804422211 18.972475051879883 13151
1752804489275 18.94486427307129 13425
1752804556669 18.920936584472656 13699
1752804622899 18.91854476928711 13973
1752804689114 18.950401306152344 14247
1752804755600 18.947134017944336 14521
1752804821913 18.942668914794922 14795
1752804888356 18.934656143188477 15069
1752804955592 18.930849075317383 15343
1752805021966 18.907976150512695 15617
1752805088352 18.923086166381836 15891
1752805154835 18.888938903808594 16165
1752805221264 18.89931869506836 16439
1752805287508 18.910614013671875 16713
1752805353692 18.918394088745117 16987
1752805419922 18.900636672973633 17261
1752805487319 18.9343204498291 17535
1752805553358 18.898229598999023 17809
1752805619786 18.897523880004883 18083
1752805685856 18.887418746948242 18357
1752805752153 18.8903865814209 18631
1752805818520 18.890247344970703 18905
1752805884594 18.889118194580078 19179
1752805951125 18.880481719970703 19453
1752806017785 18.908235549926758 19727
1752806084260 18.893692016601562 20001
1752806150640 18.886682510375977 20275
1752806216952 18.904739379882812 20549
1752806283255 18.881732940673828 20823
1752806349463 18.912424087524414 21097
1752806416629 18.928064346313477 21371
1752806482810 18.902935028076172 21645
1752806549193 18.882190704345703 21919
1752806615498 18.881772994995117 22193
1752806681878 18.88435935974121 22467
1752806748133 18.92329978942871 22741
1752806814383 18.88218116760254 23015
1752806880777 18.89488983154297 23289
1752806946953 18.90367317199707 23563
1752807013725 18.953813552856445 23837
1752807080595 18.974864959716797 24111
1752807146979 18.9128360748291 24385
1752807213403 18.906944274902344 24659
1752807279781 18.909265518188477 24933
1752807346333 18.947463989257812 25207
1752807412474 18.909563064575195 25481
1752807478798 18.891746520996094 25755
1752807545167 18.925485610961914 26029
1752807611363 18.897762298583984 26303
1752807677861 18.95233917236328 26577
1752807744273 18.978588104248047 26851
1752807811530 18.927324295043945 27125
1752807877747 18.929189682006836 27399
