1752801228324 2.35267972946167 49
1752801237217 2.633528709411621 99
1752801246122 2.1872830390930176 149
1752801255051 2.696265697479248 199
1752801264009 2.590919017791748 249
1752801290813 1.4657249450683594 299
1752801299754 2.039045810699463 349
1752801308692 1.6725149154663086 399
1752801317640 1.2040430307388306 449
1752801326610 0.9949702024459839 499
1752801353325 0.7887653708457947 549
1752801362318 1.0844290256500244 599
1752801371270 0.8248980045318604 649
1752801380246 0.8895461559295654 699
1752801389231 0.6451873779296875 749
1752801398227 0.6492974758148193 799
1752801425045 0.7633981704711914 849
1752801433993 0.6197223663330078 899
1752801442978 0.4502067565917969 949
1752801451921 0.6517053246498108 999
1752801460925 0.4893852174282074 1049
1752801487718 0.46488505601882935 1099
1752801496687 0.4034852981567383 1149
1752801505645 0.30174410343170166 1199
1752801514650 0.36416369676589966 1249
1752801523653 0.8879919648170471 1299
1752801532657 0.5053761005401611 1349
1752801559066 0.6508713364601135 1399
1752801568025 0.568597674369812 1449
1752801577012 0.2864462733268738 1499
1752801585991 0.4728991389274597 1549
1752801594967 0.4270533323287964 1599
1752801621967 0.5378117561340332 1649
1752801630948 0.5479618310928345 1699
1752801639926 0.6044802069664001 1749
1752801648929 0.42898932099342346 1799
1752801657906 0.5785855054855347 1849
1752801666906 0.729022741317749 1899
1752801693777 0.24308842420578003 1949
1752801702775 0.5772319436073303 1999
1752801711766 0.3029066324234009 2049
1752801720762 0.5623400807380676 2099
1752801729743 0.4124893546104431 2149
1752801756468 0.2974749803543091 2199
1752801765443 0.5621258020401001 2249
1752801774403 0.5810582041740417 2299
1752801783406 0.6968532204627991 2349
1752801792400 0.673913836479187 2399
1752801801397 0.4389418959617615 2449
1752801827406 0.38656747341156006 2499
1752801836371 0.36397647857666016 2549
1752801845365 0.38959643244743347 2599
1752801854361 0.7286640405654907 2649
1752801863361 0.4205261766910553 2699
1752801889313 0.6631765365600586 2749
1752801898289 0.4313676357269287 2799
1752801907300 0.8161556124687195 2849
1752801916302 0.6140350699424744 2899
1752801925276 0.37088751792907715 2949
1752801934264 0.4092824459075928 2999
1752801961196 0.4048667550086975 3049
1752801970181 0.21554511785507202 3099
1752801979180 0.539067804813385 3149
1752801988176 0.3747059106826782 3199
1752801997160 0.5663436055183411 3249
1752802024001 0.2103319764137268 3299
1752802032979 0.3081297278404236 3349
1752802041972 0.4991368353366852 3399
1752802050953 0.22533568739891052 3449
1752802059953 0.29298871755599976 3499
1752802068949 0.2515934705734253 3549
1752802095046 0.4062899947166443 3599
1752802104013 0.37070953845977783 3649
1752802113017 0.20535963773727417 3699
1752802122023 0.22565792500972748 3749
1752802131027 0.311288446187973 3799
1752802157995 0.5698742270469666 3849
1752802166992 0.6002166867256165 3899
1752802175981 0.30937451124191284 3949
1752802184982 0.6047965288162231 3999
1752802193977 0.34912943840026855 4049
1752802202965 0.36480945348739624 4099
1752802229006 0.5163195133209229 4149
1752802238011 0.33249497413635254 4199
1752802246995 0.7725672721862793 4249
1752802255997 0.5489554405212402 4299
1752802264979 0.6271745562553406 4349
1752802292035 0.6903438568115234 4399
1752802301013 0.30669793486595154 4449
1752802309989 0.5881104469299316 4499
1752802319006 0.4069227874279022 4549
1752802328007 0.6001981496810913 4599
1752802337022 0.4326586127281189 4649
1752802362973 0.8984681963920593 4699
1752802371953 0.4375991225242615 4749
1752802380925 0.21261483430862427 4799
1752802389910 0.6620404720306396 4849
1752802398892 0.24415631592273712 4899
1752802426051 0.4759628176689148 4949
1752802435040 0.4104442596435547 4999
1752802444053 0.46462416648864746 5049
1752802453065 0.4010075628757477 5099
1752802462092 0.35579124093055725 5149
1752802471073 0.6631087064743042 5199
1752802497008 0.3664909601211548 5249
1752802506020 0.4582247734069824 5299
1752802515009 0.6592206954956055 5349
1752802523995 0.40250590443611145 5399
1752802532997 0.2731354534626007 5449
1752802558937 0.26403653621673584 5499
1752802567938 0.4045441746711731 5549
1752802577074 0.4083707332611084 5599
1752802586064 0.29063230752944946 5649
1752802595104 0.184600830078125 5699
1752802604065 0.38932090997695923 5749
1752802630398 0.5110474824905396 5799
1752802639382 0.22997666895389557 5849
1752802648401 0.3622383773326874 5899
1752802657407 0.244811549782753 5949
1752802666416 0.43803656101226807 5999
1752802693640 0.3120725154876709 6049
1752802702643 0.348710834980011 6099
1752802711646 0.871854841709137 6149
1752802720643 0.18008241057395935 6199
1752802729630 0.43758121132850647 6249
1752802738572 0.620147168636322 6299
1752802765583 0.3273026943206787 6349
1752802774547 0.24440792202949524 6399
1752802783543 0.35462626814842224 6449
1752802792533 0.47587859630584717 6499
1752802801537 0.1986398994922638 6549
1752802828472 0.7679548859596252 6599
1752802837456 0.1895216405391693 6649
1752802846442 0.3505387306213379 6699
1752802855444 0.16065245866775513 6749
1752802864443 0.6768773794174194 6799
1752802873360 0.22512049973011017 6849
1752802900374 0.5752339363098145 6899
1752802909374 0.368865430355072 6949
1752802918398 0.3408290445804596 6999
1752802927377 0.4082498848438263 7049
1752802936371 0.3501300513744354 7099
1752802962546 0.43242496252059937 7149
1752802971570 0.5676290988922119 7199
1752802980591 0.4618428349494934 7249
1752802989573 0.17910753190517426 7299
1752802998549 0.6336240768432617 7349
1752803024753 0.20236879587173462 7399
1752803033747 0.18802165985107422 7449
1752803042740 0.45039689540863037 7499
1752803051747 0.47434961795806885 7549
1752803060741 0.49072587490081787 7599
1752803069740 0.23449602723121643 7649
1752803095586 0.3334743082523346 7699
1752803104552 0.47257301211357117 7749
1752803113559 0.371316134929657 7799
1752803122557 0.23977085947990417 7849
1752803131551 0.6799782514572144 7899
1752803158462 0.27406805753707886 7949
1752803167436 0.2726159989833832 7999
1752803176446 0.21018439531326294 8049
1752803185430 0.2762076258659363 8099
1752803194449 0.5703921914100647 8149
1752803203485 0.4142420291900635 8199
1752803229514 0.19002452492713928 8249
1752803238560 0.46419596672058105 8299
1752803247574 0.2914339303970337 8349
1752803256580 0.4288064241409302 8399
1752803265561 0.16646628081798553 8449
1752803292517 0.28501081466674805 8499
1752803301507 0.39749205112457275 8549
1752803310494 0.5339330434799194 8599
1752803319487 0.3991544544696808 8649
1752803328464 0.20377039909362793 8699
1752803337430 0.6847891211509705 8749
1752803363602 0.2430398315191269 8799
1752803372608 0.23640191555023193 8849
1752803381615 0.4691879451274872 8899
1752803390609 0.29781317710876465 8949
1752803399608 0.5999220609664917 8999
1752803425725 0.37014874815940857 9049
1752803434721 0.27197083830833435 9099
1752803443709 0.13910962641239166 9149
1752803452712 0.32273441553115845 9199
1752803461699 0.21966317296028137 9249
1752803470679 0.27905261516571045 9299
1752803496758 0.30103799700737 9349
1752803505768 0.39580094814300537 9399
1752803514755 0.2845124900341034 9449
1752803523770 0.31311625242233276 9499
1752803532771 0.2702115774154663 9549
1752803558839 0.5069831609725952 9599
1752803567854 0.1930338740348816 9649
1752803576840 0.3516653776168823 9699
1752803585830 0.5087220668792725 9749
1752803594856 0.3329581022262573 9799
1752803603889 0.41410374641418457 9849
1752803630048 0.3338121175765991 9899
1752803639074 0.3610176146030426 9949
1752803648064 0.3642757534980774 9999
1752803657080 0.25854313373565674 10049
1752803666106 0.1805265098810196 10099
1752803692272 0.509853184223175 10149
1752803701269 0.3710114359855652 10199
1752803710273 0.3355042040348053 10249
1752803719286 0.3835718333721161 10299
1752803728304 0.3319532871246338 10349
1752803737324 0.20767836272716522 10399
1752803763507 0.45838454365730286 10449
1752803772503 0.33101797103881836 10499
1752803781508 0.6907974481582642 10549
1752803790510 0.3562290072441101 10599
1752803799500 0.22674676775932312 10649
1752803825476 0.23804084956645966 10699
1752803834487 0.140895813703537 10749
1752803843505 0.33791032433509827 10799
1752803852501 0.31807810068130493 10849
1752803861533 0.23662535846233368 10899
1752803870553 0.6103231310844421 10949
1752803896617 0.14691928029060364 10999
1752803905647 0.34854966402053833 11049
1752803914637 0.33085009455680847 11099
1752803923651 0.6145317554473877 11149
1752803932628 0.8426799774169922 11199
1752803959680 0.283844530582428 11249
1752803968665 0.3041979670524597 11299
1752803977700 0.23864932358264923 11349
1752803986699 0.23878537118434906 11399
1752803995706 0.18959413468837738 11449
1752804004704 0.2546755075454712 11499
1752804031642 0.32650744915008545 11549
1752804040651 0.33279576897621155 11599
1752804049645 0.31013256311416626 11649
1752804058629 0.3083634376525879 11699
1752804067633 0.19725528359413147 11749
1752804093809 0.2952233552932739 11799
1752804102795 0.3210146427154541 11849
1752804111800 0.27536776661872864 11899
1752804120832 0.8461853265762329 11949
1752804129821 0.2906172573566437 11999
1752804138814 0.43144920468330383 12049
1752804164770 0.4738346338272095 12099
1752804173780 0.25458279252052307 12149
1752804182764 0.5460398197174072 12199
1752804191746 0.5867879390716553 12249
1752804200776 0.4684299826622009 12299
1752804226686 0.7278447151184082 12349
1752804235713 0.45356422662734985 12399
1752804244700 0.4854673147201538 12449
1752804253689 0.37904268503189087 12499
1752804262706 0.7023353576660156 12549
1752804271676 0.3635992109775543 12599
1752804297743 0.3263867497444153 12649
1752804306743 0.4281160831451416 12699
1752804315742 0.47302526235580444 12749
1752804324718 0.3527427911758423 12799
1752804333714 0.4300793409347534 12849
1752804360841 0.4338323473930359 12899
1752804369842 0.37482136487960815 12949
1752804378845 0.31136104464530945 12999
1752804387806 0.3701702952384949 13049
1752804396766 0.5951714515686035 13099
1752804405714 0.35799503326416016 13149
1752804431783 0.5475058555603027 13199
1752804440775 0.5871373414993286 13249
1752804449786 0.16435717046260834 13299
1752804458776 0.30105122923851013 13349
1752804467752 0.16919276118278503 13399
1752804494524 0.29534777998924255 13449
1752804503502 0.39371633529663086 13499
1752804512512 0.5434955358505249 13549
1752804521506 0.4251343607902527 13599
1752804530527 0.23448196053504944 13649
1752804539480 0.26020967960357666 13699
1752804566598 0.393558144569397 13749
1752804575575 0.636465311050415 13799
1752804584546 0.34950676560401917 13849
1752804593540 0.37797945737838745 13899
1752804602513 0.29680708050727844 13949
1752804628502 0.14309144020080566 13999
1752804637494 0.5591819286346436 14049
1752804646471 0.3320959210395813 14099
1752804655466 0.4576835036277771 14149
1752804664476 0.23089474439620972 14199
1752804690392 0.2923091650009155 14249
1752804699373 0.5607999563217163 14299
1752804708364 0.21883904933929443 14349
1752804717360 0.29999345541000366 14399
1752804726358 0.27764075994491577 14449
1752804735339 0.4061931371688843 14499
1752804761630 0.16248872876167297 14549
1752804770610 0.310867041349411 14599
1752804779597 0.4460206627845764 14649
1752804788603 0.3327072858810425 14699
1752804797612 0.3892449736595154 14749
1752804823605 0.27034300565719604 14799
1752804832598 0.5099239349365234 14849
1752804841555 0.502983570098877 14899
1752804850531 0.5143628120422363 14949
1752804859527 0.24752622842788696 14999
1752804868520 0.2773534059524536 15049
1752804894681 0.16082294285297394 15099
1752804903676 0.26856139302253723 15149
1752804912685 0.19030871987342834 15199
1752804921665 0.34016209840774536 15249
1752804930651 0.23008160293102264 15299
1752804957657 0.37851908802986145 15349
1752804966635 0.31717348098754883 15399
1752804975630 0.40689319372177124 15449
1752804984614 0.369223415851593 15499
1752804993581 0.4577710032463074 15549
1752805002566 0.30933713912963867 15599
1752805028680 0.3222659230232239 15649
1752805037677 0.4723741412162781 15699
1752805046681 0.3184853792190552 15749
1752805055687 0.4088647961616516 15799
1752805064703 0.4326987564563751 15849
1752805090719 0.5292949080467224 15899
1752805099697 0.37141740322113037 15949
1752805108665 0.15221643447875977 15999
1752805117670 0.16789445281028748 16049
1752805126651 0.14204031229019165 16099
1752805135664 0.38458895683288574 16149
1752805161907 0.47815001010894775 16199
1752805170897 0.44273099303245544 16249
1752805179877 0.1675567626953125 16299
1752805188873 0.24659767746925354 16349
1752805197870 0.2630758285522461 16399
1752805224026 0.39734452962875366 16449
1752805233004 0.24558088183403015 16499
1752805241987 0.21829840540885925 16549
1752805250972 0.4614725112915039 16599
1752805259973 0.27005720138549805 16649
1752805268960 0.4854881465435028 16699
1752805294930 0.22739490866661072 16749
1752805303937 0.2818734645843506 16799
1752805312912 0.38716089725494385 16849
1752805321887 0.24964767694473267 16899
1752805330903 0.5558483600616455 16949
1752805356805 0.2792476415634155 16999
1752805365761 0.23599204421043396 17049
1752805374739 0.18276187777519226 17099
1752805383762 0.4196774959564209 17149
1752805392746 0.5334600210189819 17199
1752805401747 0.5756107568740845 17249
1752805427695 0.279247522354126 17299
1752805436692 0.4804787039756775 17349
1752805445673 0.1743348091840744 17399
1752805454683 0.31487950682640076 17449
1752805463676 0.32212117314338684 17499
1752805490710 0.17874981462955475 17549
1752805499691 0.14508411288261414 17599
1752805508677 0.42273008823394775 17649
1752805517649 0.3496529459953308 17699
1752805526627 0.19604487717151642 17749
1752805535647 0.36239171028137207 17799
1752805561419 0.33121681213378906 17849
1752805570434 0.27250218391418457 17899
1752805579404 0.2748781442642212 17949
1752805588373 0.28032124042510986 17999
1752805597365 0.2579176425933838 18049
1752805623553 0.314153790473938 18099
1752805632565 0.39738184213638306 18149
1752805641545 0.3593387305736542 18199
1752805650541 0.21542955935001373 18249
1752805659534 0.3609471023082733 18299
1752805668532 0.23705288767814636 18349
1752805694365 0.13933147490024567 18399
1752805703315 0.3074408173561096 18449
1752805712304 0.24386784434318542 18499
1752805721292 0.6221808195114136 18549
1752805730273 0.47742289304733276 18599
1752805756326 0.542328953742981 18649
1752805765323 0.47778069972991943 18699
1752805774299 0.3811895251274109 18749
1752805783304 0.5168584585189819 18799
1752805792280 0.22906938195228577 18849
1752805801298 0.23625564575195312 18899
1752805827314 0.31798818707466125 18949
1752805836305 0.39810651540756226 18999
1752805845313 0.33241355419158936 19049
1752805854288 0.23283421993255615 19099
1752805863286 0.25850334763526917 19149
1752805889116 0.3626881241798401 19199
1752805898114 0.36461612582206726 19249
1752805907122 0.31655555963516235 19299
1752805916127 0.27085310220718384 19349
1752805925100 0.2947666049003601 19399
1752805934092 0.19310830533504486 19449
1752805960709 0.4274280071258545 19499
1752805969670 0.26259246468544006 19549
1752805978660 0.28508931398391724 19599
1752805987653 0.336233526468277 19649
1752805996676 0.26468273997306824 19699
1752806022698 0.43617475032806396 19749
1752806031690 0.3236723840236664 19799
1752806040689 0.3439632058143616 19849
1752806049695 0.47851479053497314 19899
1752806058704 0.37950125336647034 19949
1752806067631 0.26528796553611755 19999
1752806093852 0.33546870946884155 20049
1752806102854 0.33659547567367554 20099
1752806111867 0.12358849495649338 20149
1752806120854 0.25673550367355347 20199
1752806129835 0.1683620810508728 20249
1752806155902 0.12559117376804352 20299
1752806164915 0.5293131470680237 20349
1752806173919 0.4801900386810303 20399
1752806182888 0.47421765327453613 20449
1752806191866 0.5266579985618591 20499
1752806200794 0.5526427030563354 20549
1752806226884 0.15175312757492065 20599
1752806235884 0.2908446192741394 20649
1752806244883 0.232364684343338 20699
1752806253876 0.47454094886779785 20749
1752806262898 0.17715352773666382 20799
1752806288831 0.4607878029346466 20849
1752806297830 0.280242919921875 20899
1752806306802 0.4312022924423218 20949
1752806315802 0.17314030230045319 20999
1752806324789 0.17977990210056305 21049
1752806350669 0.24936634302139282 21099
1752806359703 0.32245874404907227 21149
1752806368681 0.5732642412185669 21199
1752806377655 0.16455362737178802 21249
1752806386647 0.3293645977973938 21299
1752806395655 0.4347955584526062 21349
1752806422583 0.27646276354789734 21399
1752806431551 0.4004054367542267 21449
1752806440562 0.4331764876842499 21499
1752806449571 0.3044348359107971 21549
1752806458578 0.12017454206943512 21599
1752806484462 0.3955511152744293 21649
1752806493430 0.4149722754955292 21699
1752806502418 0.3424524664878845 21749
1752806511411 0.39761602878570557 21799
1752806520407 0.4863014221191406 21849
1752806529415 0.24108168482780457 21899
1752806555587 0.1903734803199768 21949
1752806564571 0.4191800653934479 21999
1752806573559 0.3354526162147522 22049
1752806582564 0.20093518495559692 22099
1752806591562 0.3414934277534485 22149
1752806617482 0.1312723010778427 22199
1752806626459 0.38529103994369507 22249
1752806635448 0.4241723120212555 22299
1752806644436 0.3673192858695984 22349
1752806653436 0.634850263595581 22399
1752806662413 0.36439305543899536 22449
1752806688621 0.3085457980632782 22499
1752806697600 0.2769959568977356 22549
1752806706614 0.5523037910461426 22599
1752806715623 0.3635019063949585 22649
1752806724631 0.546538233757019 22699
1752806750503 0.3784932494163513 22749
1752806759493 0.5056187510490417 22799
1752806768477 0.223017156124115 22849
1752806777475 0.46663957834243774 22899
1752806786480 0.3222339153289795 22949
1752806795480 0.25000444054603577 22999
1752806821438 0.659661054611206 23049
1752806830434 0.722891092300415 23099
1752806839416 0.3981623947620392 23149
1752806848391 0.2931470274925232 23199
1752806857374 0.35295891761779785 23249
1752806883506 0.2344469428062439 23299
1752806892481 0.3935648798942566 23349
1752806901449 0.37516605854034424 23399
1752806910447 0.29214370250701904 23449
1752806919450 0.4970925748348236 23499
1752806928428 0.40395671129226685 23549
1752806954538 0.7857342958450317 23599
1752806963584 0.21355459094047546 23649
1752806972596 0.46354448795318604 23699
1752806981605 0.25386038422584534 23749
1752806990610 0.34837761521339417 23799
1752807016813 0.5714908242225647 23849
1752807025791 0.2143598198890686 23899
1752807034770 0.21289119124412537 23949
1752807043781 0.42673924565315247 23999
1752807052812 0.3874971568584442 24049
1752807061825 0.16789168119430542 24099
1752807088339 0.182532399892807 24149
1752807097336 0.3726259469985962 24199
1752807106325 0.13630953431129456 24249
1752807115345 0.33512258529663086 24299
1752807124344 0.13343101739883423 24349
1752807150407 0.1378113478422165 24399
1752807159391 0.2544935941696167 24449
1752807168398 0.3720502257347107 24499
1752807177385 0.4248305559158325 24549
1752807186383 0.5228930711746216 24599
1752807195370 0.5912220478057861 24649
1752807221535 0.2975893020629883 24699
1752807230533 0.25187307596206665 24749
1752807239518 0.1734275370836258 24799
1752807248518 0.23391643166542053 24849
1752807257536 0.35207822918891907 24899
1752807283608 0.3420851230621338 24949
1752807292594 0.25557148456573486 24999
1752807301585 0.3465714752674103 25049
1752807310589 0.24845300614833832 25099
1752807319588 0.4559955894947052 25149
1752807328563 0.31434375047683716 25199
1752807354819 0.416434109210968 25249
1752807363808 0.3264855146408081 25299
1752807372797 0.49297288060188293 25349
1752807381802 0.32043659687042236 25399
1752807390782 0.2128516435623169 25449
1752807416610 0.42402613162994385 25499
1752807425611 0.21249790489673615 25549
1752807434606 0.3595379590988159 25599
1752807443597 0.4127660095691681 25649
1752807452578 0.39934396743774414 25699
1752807461530 0.3747365176677704 25749
1752807487680 0.14059610664844513 25799
1752807496648 0.40485626459121704 25849
1752807505628 0.3198525309562683 25899
1752807514611 0.2130873203277588 25949
1752807523589 0.4050747752189636 25999
1752807549688 0.2952900528907776 26049
1752807558672 0.26541316509246826 26099
1752807567662 0.2982676327228546 26149
1752807576663 0.315595805644989 26199
1752807585658 0.483201801776886 26249
1752807594612 0.43795278668403625 26299
1752807620578 0.32448017597198486 26349
1752807629554 0.3878040313720703 26399
1752807638541 0.1785411238670349 26449
1752807647529 0.3155215382575989 26499
1752807656534 0.39502662420272827 26549
1752807682789 0.4450124204158783 26599
1752807691774 0.19053111970424652 26649
1752807700755 0.2986120581626892 26699
1752807709740 0.40545591711997986 26749
1752807718727 0.24547697603702545 26799
1752807727686 0.517106294631958 26849
1752807753885 0.13952378928661346 26899
1752807762868 0.3559078574180603 26949
1752807771870 0.13198566436767578 26999
1752807780864 0.3082215189933777 27049
1752807789846 0.13410767912864685 27099
1752807816812 0.6092274188995361 27149
1752807825799 0.2708089351654053 27199
1752807834770 0.15845054388046265 27249
1752807843778 0.5302104353904724 27299
1752807852745 0.21386590600013733 27349
1752807861669 0.4406721889972687 27399
