1752801228324 17.31950569152832 49
1752801237217 25.73129653930664 99
1752801246122 13.901305198669434 149
1752801255051 15.561034202575684 199
1752801264009 8.626474380493164 249
1752801290813 6.9912028312683105 299
1752801299754 7.77068567276001 349
1752801308692 6.666394233703613 399
1752801317640 7.252594947814941 449
1752801326610 6.625250816345215 499
1752801353325 4.004838943481445 549
1752801362318 6.138213157653809 599
1752801371270 4.747325420379639 649
1752801380246 5.763188362121582 699
1752801389231 4.431314468383789 749
1752801398227 6.637209892272949 799
1752801425045 4.818259239196777 849
1752801433993 5.066243648529053 899
1752801442978 4.088764190673828 949
1752801451921 5.749825477600098 999
1752801460925 3.5658888816833496 1049
1752801487718 4.943580627441406 1099
1752801496687 2.6562740802764893 1149
1752801505645 3.9672935009002686 1199
1752801514650 3.656134605407715 1249
1752801523653 5.495288372039795 1299
1752801532657 3.5032033920288086 1349
1752801559066 5.2467498779296875 1399
1752801568025 4.127106666564941 1449
1752801577012 2.855762004852295 1499
1752801585991 4.297834396362305 1549
1752801594967 3.209782838821411 1599
1752801621967 3.99102520942688 1649
1752801630948 3.590717315673828 1699
1752801639926 4.450653076171875 1749
1752801648929 4.983929634094238 1799
1752801657906 4.040618419647217 1849
1752801666906 4.47504997253418 1899
1752801693777 3.6885476112365723 1949
1752801702775 3.916182518005371 1999
1752801711766 3.048891067504883 2049
1752801720762 3.663693428039551 2099
1752801729743 3.239677667617798 2149
1752801756468 3.307847023010254 2199
1752801765443 3.4937310218811035 2249
1752801774403 3.757072925567627 2299
1752801783406 3.500458240509033 2349
1752801792400 5.791757106781006 2399
1752801801397 3.4232873916625977 2449
1752801827406 3.398993492126465 2499
1752801836371 3.912505865097046 2549
1752801845365 3.5204873085021973 2599
1752801854361 5.34523344039917 2649
1752801863361 3.761939764022827 2699
1752801889313 4.132575988769531 2749
1752801898289 3.5765702724456787 2799
1752801907300 6.390186786651611 2849
1752801916302 3.6650187969207764 2899
1752801925276 2.4161934852600098 2949
1752801934264 2.6853604316711426 2999
1752801961196 3.269333839416504 3049
1752801970181 2.5696897506713867 3099
1752801979180 3.7117161750793457 3149
1752801988176 2.8336775302886963 3199
1752801997160 4.081327438354492 3249
1752802024001 3.303809881210327 3299
1752802032979 3.691380739212036 3349
1752802041972 4.685878753662109 3399
1752802050953 3.2272958755493164 3449
1752802059953 4.215433597564697 3499
1752802068949 2.7427241802215576 3549
1752802095046 3.022702693939209 3599
1752802104013 3.8250300884246826 3649
1752802113017 2.990974187850952 3699
1752802122023 2.82128643989563 3749
1752802131027 3.4387545585632324 3799
1752802157995 4.824482440948486 3849
1752802166992 3.4678237438201904 3899
1752802175981 2.004505157470703 3949
1752802184982 3.649294376373291 3999
1752802193977 3.701630115509033 4049
1752802202965 2.73148250579834 4099
1752802229006 3.8757941722869873 4149
1752802238011 2.604048728942871 4199
1752802246995 4.898332595825195 4249
1752802255997 3.0491318702697754 4299
1752802264979 4.479287147521973 4349
1752802292035 2.871044158935547 4399
1752802301013 3.9136524200439453 4449
1752802309989 3.1103978157043457 4499
1752802319006 4.483616828918457 4549
1752802328007 2.8804080486297607 4599
1752802337022 4.227320671081543 4649
1752802362973 4.8368730545043945 4699
1752802371953 3.824228286743164 4749
1752802380925 2.9234800338745117 4799
1752802389910 4.400365829467773 4849
1752802398892 2.0110011100769043 4899
1752802426051 3.597036838531494 4949
1752802435040 4.737402439117432 4999
1752802444053 2.7759947776794434 5049
1752802453065 3.3673434257507324 5099
1752802462092 2.799363851547241 5149
1752802471073 5.248128414154053 5199
1752802497008 4.93642520904541 5249
1752802506020 3.3426599502563477 5299
1752802515009 3.857910394668579 5349
1752802523995 3.3122575283050537 5399
1752802532997 2.4567654132843018 5449
1752802558937 3.24491024017334 5499
1752802567938 4.908168792724609 5549
1752802577074 2.346280574798584 5599
1752802586064 2.9366397857666016 5649
1752802595104 3.215717315673828 5699
1752802604065 3.063652992248535 5749
1752802630398 3.5601768493652344 5799
1752802639382 3.517914056777954 5849
1752802648401 3.030721426010132 5899
1752802657407 3.164489984512329 5949
1752802666416 3.053579807281494 5999
1752802693640 2.4256210327148438 6049
1752802702643 3.3812217712402344 6099
1752802711646 3.198281764984131 6149
1752802720643 2.1348769664764404 6199
1752802729630 4.67810583114624 6249
1752802738572 4.247640132904053 6299
1752802765583 3.913835287094116 6349
1752802774547 3.8024890422821045 6399
1752802783543 2.585300922393799 6449
1752802792533 3.072665214538574 6499
1752802801537 3.718379020690918 6549
1752802828472 5.409483909606934 6599
1752802837456 2.1050257682800293 6649
1752802846442 2.9052019119262695 6699
1752802855444 3.1748993396759033 6749
1752802864443 3.243772506713867 6799
1752802873360 3.427795648574829 6849
1752802900374 4.056147575378418 6899
1752802909374 2.874882698059082 6949
1752802918398 3.4022984504699707 6999
1752802927377 2.984135150909424 7049
1752802936371 3.7452659606933594 7099
1752802962546 3.110222816467285 7149
1752802971570 3.8088598251342773 7199
1752802980591 4.070415496826172 7249
1752802989573 2.252018451690674 7299
1752802998549 2.8134958744049072 7349
1752803024753 2.5069780349731445 7399
1752803033747 2.458840847015381 7449
1752803042740 3.510866165161133 7499
1752803051747 3.0132617950439453 7549
1752803060741 2.9648537635803223 7599
1752803069740 2.6190195083618164 7649
1752803095586 2.320927619934082 7699
1752803104552 3.0299198627471924 7749
1752803113559 3.138890266418457 7799
1752803122557 2.4939117431640625 7849
1752803131551 4.966732025146484 7899
1752803158462 2.725210189819336 7949
1752803167436 2.5254874229431152 7999
1752803176446 2.607632637023926 8049
1752803185430 2.396012306213379 8099
1752803194449 3.529994249343872 8149
1752803203485 3.6138980388641357 8199
1752803229514 3.2946536540985107 8249
1752803238560 2.7090320587158203 8299
1752803247574 3.268063545227051 8349
1752803256580 2.890709638595581 8399
1752803265561 2.379289150238037 8449
1752803292517 3.2172999382019043 8499
1752803301507 4.336050033569336 8549
1752803310494 3.956667423248291 8599
1752803319487 3.241710662841797 8649
1752803328464 2.564014434814453 8699
1752803337430 2.6059319972991943 8749
1752803363602 2.660398244857788 8799
1752803372608 4.435370922088623 8849
1752803381615 2.947139263153076 8899
1752803390609 3.835696220397949 8949
1752803399608 3.947028160095215 8999
1752803425725 2.9390039443969727 9049
1752803434721 3.5779895782470703 9099
1752803443709 2.2321736812591553 9149
1752803452712 2.1694960594177246 9199
1752803461699 3.2052886486053467 9249
1752803470679 2.342756748199463 9299
1752803496758 2.356600522994995 9349
1752803505768 2.5498335361480713 9399
1752803514755 2.2497708797454834 9449
1752803523770 2.829432964324951 9499
1752803532771 3.3289732933044434 9549
1752803558839 3.384303092956543 9599
1752803567854 2.799959421157837 9649
1752803576840 3.359583854675293 9699
1752803585830 3.355374813079834 9749
1752803594856 2.923736095428467 9799
1752803603889 3.345613718032837 9849
1752803630048 3.176955461502075 9899
1752803639074 3.0519771575927734 9949
1752803648064 2.7306830883026123 9999
1752803657080 2.4478745460510254 10049
1752803666106 2.2326574325561523 10099
1752803692272 2.9321327209472656 10149
1752803701269 3.371957302093506 10199
1752803710273 3.3692188262939453 10249
1752803719286 4.424158573150635 10299
1752803728304 2.3269166946411133 10349
1752803737324 2.59653639793396 10399
1752803763507 3.677827835083008 10449
1752803772503 3.0880398750305176 10499
1752803781508 3.244296073913574 10549
1752803790510 2.3600544929504395 10599
1752803799500 2.9634976387023926 10649
1752803825476 3.2087841033935547 10699
1752803834487 2.1983416080474854 10749
1752803843505 2.7884926795959473 10799
1752803852501 3.075678825378418 10849
1752803861533 2.2018203735351562 10899
1752803870553 3.32973051071167 10949
1752803896617 3.2448203563690186 10999
1752803905647 2.9543001651763916 11049
1752803914637 5.006376266479492 11099
1752803923651 4.578681468963623 11149
1752803932628 3.5010430812835693 11199
1752803959680 2.894077777862549 11249
1752803968665 2.841508626937866 11299
1752803977700 2.5999302864074707 11349
1752803986699 2.517366409301758 11399
1752803995706 2.1733522415161133 11449
1752804004704 3.2662880420684814 11499
1752804031642 3.399693489074707 11549
1752804040651 1.9782695770263672 11599
1752804049645 2.372938632965088 11649
1752804058629 2.4304068088531494 11699
1752804067633 2.4517228603363037 11749
1752804093809 2.389810085296631 11799
1752804102795 5.112381935119629 11849
1752804111800 2.501523971557617 11899
1752804120832 5.7218146324157715 11949
1752804129821 2.873250961303711 11999
1752804138814 2.5906424522399902 12049
1752804164770 3.6144654750823975 12099
1752804173780 2.5287728309631348 12149
1752804182764 3.1789674758911133 12199
1752804191746 3.379321813583374 12249
1752804200776 3.295745849609375 12299
1752804226686 3.5360798835754395 12349
1752804235713 2.4925949573516846 12399
1752804244700 2.3532257080078125 12449
1752804253689 2.6436848640441895 12499
1752804262706 3.293736457824707 12549
1752804271676 3.0226173400878906 12599
1752804297743 3.215041160583496 12649
1752804306743 3.009272575378418 12699
1752804315742 2.720818042755127 12749
1752804324718 6.037055015563965 12799
1752804333714 2.745518922805786 12849
1752804360841 3.00856876373291 12899
1752804369842 3.015533208847046 12949
1752804378845 2.39642333984375 12999
1752804387806 3.911015272140503 13049
1752804396766 3.3436646461486816 13099
1752804405714 2.768906354904175 13149
1752804431783 3.7446370124816895 13199
1752804440775 3.2987723350524902 13249
1752804449786 2.3882784843444824 13299
1752804458776 2.5362725257873535 13349
1752804467752 2.370966672897339 13399
1752804494524 3.344385862350464 13449
1752804503502 2.709449529647827 13499
1752804512512 3.2003307342529297 13549
1752804521506 2.1486105918884277 13599
1752804530527 2.0028300285339355 13649
1752804539480 3.0476951599121094 13699
1752804566598 2.2994370460510254 13749
1752804575575 3.075014591217041 13799
1752804584546 3.3363170623779297 13849
1752804593540 5.963376998901367 13899
1752804602513 3.3448987007141113 13949
1752804628502 2.0946567058563232 13999
1752804637494 2.8316822052001953 14049
1752804646471 3.6200671195983887 14099
1752804655466 3.11053204536438 14149
1752804664476 2.590677261352539 14199
1752804690392 2.0809683799743652 14249
1752804699373 2.624366283416748 14299
1752804708364 2.198392152786255 14349
1752804717360 2.10512113571167 14399
1752804726358 3.0962142944335938 14449
1752804735339 2.671245574951172 14499
1752804761630 2.013209581375122 14549
1752804770610 3.365473985671997 14599
1752804779597 2.679887294769287 14649
1752804788603 2.2535440921783447 14699
1752804797612 3.8078815937042236 14749
1752804823605 2.275280237197876 14799
1752804832598 2.4309756755828857 14849
1752804841555 2.877789258956909 14899
1752804850531 3.3088979721069336 14949
1752804859527 2.18471622467041 14999
1752804868520 1.965585708618164 15049
1752804894681 2.5319619178771973 15099
1752804903676 3.097018241882324 15149
1752804912685 1.9778021574020386 15199
1752804921665 2.4205076694488525 15249
1752804930651 2.105201005935669 15299
1752804957657 3.6238350868225098 15349
1752804966635 3.7876994609832764 15399
1752804975630 2.122058391571045 15449
1752804984614 2.576900005340576 15499
1752804993581 2.9182047843933105 15549
1752805002566 2.9671473503112793 15599
1752805028680 2.6081442832946777 15649
1752805037677 2.9690277576446533 15699
1752805046681 2.521648645401001 15749
1752805055687 2.4173429012298584 15799
1752805064703 3.735511541366577 15849
1752805090719 3.4958953857421875 15899
1752805099697 1.877622365951538 15949
1752805108665 2.8145852088928223 15999
1752805117670 2.03523588180542 16049
1752805126651 2.2217464447021484 16099
1752805135664 2.457024335861206 16149
1752805161907 3.0837106704711914 16199
1752805170897 2.542104721069336 16249
1752805179877 2.7616453170776367 16299
1752805188873 2.2453250885009766 16349
1752805197870 3.0422654151916504 16399
1752805224026 2.735607147216797 16449
1752805233004 2.6591529846191406 16499
1752805241987 3.1076831817626953 16549
1752805250972 3.0795061588287354 16599
1752805259973 2.047159194946289 16649
1752805268960 2.7191479206085205 16699
1752805294930 3.0232458114624023 16749
1752805303937 3.157808303833008 16799
1752805312912 3.1989529132843018 16849
1752805321887 2.7558977603912354 16899
1752805330903 2.9956254959106445 16949
1752805356805 2.3689732551574707 16999
1752805365761 3.404792308807373 17049
1752805374739 2.194671869277954 17099
1752805383762 2.728032112121582 17149
1752805392746 2.795017719268799 17199
1752805401747 2.5854294300079346 17249
1752805427695 2.2012393474578857 17299
1752805436692 2.1297781467437744 17349
1752805445673 2.2740039825439453 17399
1752805454683 2.4823880195617676 17449
1752805463676 2.7103357315063477 17499
1752805490710 2.9005188941955566 17549
1752805499691 2.2812108993530273 17599
1752805508677 3.043782949447632 17649
1752805517649 3.1965789794921875 17699
1752805526627 2.528304100036621 17749
1752805535647 3.1686105728149414 17799
1752805561419 2.321716547012329 17849
1752805570434 3.119166851043701 17899
1752805579404 2.2513105869293213 17949
1752805588373 3.3143396377563477 17999
1752805597365 2.350141763687134 18049
1752805623553 2.80039644241333 18099
1752805632565 2.779276132583618 18149
1752805641545 2.7019920349121094 18199
1752805650541 2.167489528656006 18249
1752805659534 2.100804328918457 18299
1752805668532 2.7383012771606445 18349
1752805694365 1.8120434284210205 18399
1752805703315 2.8670225143432617 18449
1752805712304 2.14203143119812 18499
1752805721292 3.041320323944092 18549
1752805730273 2.2574901580810547 18599
1752805756326 3.3123154640197754 18649
1752805765323 3.620584011077881 18699
1752805774299 4.621467590332031 18749
1752805783304 3.0815212726593018 18799
1752805792280 2.0304741859436035 18849
1752805801298 3.3551456928253174 18899
1752805827314 2.988117218017578 18949
1752805836305 3.898646354675293 18999
1752805845313 2.72723388671875 19049
1752805854288 3.550262928009033 19099
1752805863286 2.225348711013794 19149
1752805889116 3.4293372631073 19199
1752805898114 2.179694414138794 19249
1752805907122 2.401261568069458 19299
1752805916127 1.994849681854248 19349
1752805925100 2.773983955383301 19399
1752805934092 2.302894115447998 19449
1752805960709 5.872147560119629 19499
1752805969670 2.538386821746826 19549
1752805978660 3.972900152206421 19599
1752805987653 3.093127489089966 19649
1752805996676 3.3953609466552734 19699
1752806022698 2.789308547973633 19749
1752806031690 3.2557201385498047 19799
1752806040689 3.458327293395996 19849
1752806049695 2.9719436168670654 19899
1752806058704 3.521709442138672 19949
1752806067631 2.433070182800293 19999
1752806093852 2.66072416305542 20049
1752806102854 2.6981358528137207 20099
1752806111867 2.0856974124908447 20149
1752806120854 2.568202495574951 20199
1752806129835 2.0279593467712402 20249
1752806155902 2.1053409576416016 20299
1752806164915 3.254969596862793 20349
1752806173919 4.454037189483643 20399
1752806182888 2.832754373550415 20449
1752806191866 3.1847453117370605 20499
1752806200794 3.924023151397705 20549
1752806226884 2.222799301147461 20599
1752806235884 1.8955928087234497 20649
1752806244883 2.8180713653564453 20699
1752806253876 4.139494895935059 20749
1752806262898 3.0467960834503174 20799
1752806288831 2.6009678840637207 20849
1752806297830 1.953188419342041 20899
1752806306802 3.0645461082458496 20949
1752806315802 2.5163843631744385 20999
1752806324789 2.8896281719207764 21049
1752806350669 1.8779242038726807 21099
1752806359703 2.4837331771850586 21149
1752806368681 2.6431801319122314 21199
1752806377655 2.769306182861328 21249
1752806386647 2.073014259338379 21299
1752806395655 3.3936023712158203 21349
1752806422583 3.4903852939605713 21399
1752806431551 2.9100255966186523 21449
1752806440562 3.477614402770996 21499
1752806449571 2.1744918823242188 21549
1752806458578 2.3578858375549316 21599
1752806484462 2.3293206691741943 21649
1752806493430 3.279017686843872 21699
1752806502418 2.305975914001465 21749
1752806511411 2.5228211879730225 21799
1752806520407 3.101384162902832 21849
1752806529415 2.324799060821533 21899
1752806555587 2.531802177429199 21949
1752806564571 3.049614906311035 21999
1752806573559 2.865593910217285 22049
1752806582564 2.2135348320007324 22099
1752806591562 2.316426992416382 22149
1752806617482 2.2040672302246094 22199
1752806626459 2.305462121963501 22249
1752806635448 2.3072948455810547 22299
1752806644436 2.832015037536621 22349
1752806653436 3.6638078689575195 22399
1752806662413 4.342043876647949 22449
1752806688621 2.7345902919769287 22499
1752806697600 2.020076274871826 22549
1752806706614 3.6973299980163574 22599
1752806715623 3.8298206329345703 22649
1752806724631 2.688366413116455 22699
1752806750503 3.7698848247528076 22749
1752806759493 3.689591884613037 22799
1752806768477 1.8631187677383423 22849
1752806777475 3.465174913406372 22899
1752806786480 2.4619336128234863 22949
1752806795480 2.584300994873047 22999
1752806821438 2.74118709564209 23049
1752806830434 4.1765336990356445 23099
1752806839416 2.1202147006988525 23149
1752806848391 2.578202247619629 23199
1752806857374 1.8457446098327637 23249
1752806883506 2.499499559402466 23299
1752806892481 2.949295997619629 23349
1752806901449 3.95884370803833 23399
1752806910447 2.4869260787963867 23449
1752806919450 2.9254651069641113 23499
1752806928428 2.665968894958496 23549
1752806954538 2.268543243408203 23599
1752806963584 1.617677092552185 23649
1752806972596 2.960446834564209 23699
1752806981605 2.9795467853546143 23749
1752806990610 2.3540377616882324 23799
1752807016813 2.8413197994232178 23849
1752807025791 3.02801513671875 23899
1752807034770 2.521218776702881 23949
1752807043781 3.6663808822631836 23999
1752807052812 3.211972236633301 24049
1752807061825 1.845091462135315 24099
1752807088339 2.924412250518799 24149
1752807097336 3.5778021812438965 24199
1752807106325 2.193207025527954 24249
1752807115345 3.409191370010376 24299
1752807124344 2.3400535583496094 24349
1752807150407 2.2907161712646484 24399
1752807159391 3.2423598766326904 24449
1752807168398 2.5152106285095215 24499
1752807177385 3.3699116706848145 24549
1752807186383 3.022029399871826 24599
1752807195370 2.8467626571655273 24649
1752807221535 1.9864317178726196 24699
1752807230533 2.6377742290496826 24749
1752807239518 3.801576614379883 24799
1752807248518 1.9171652793884277 24849
1752807257536 2.491863489151001 24899
1752807283608 1.9724574089050293 24949
1752807292594 2.456930160522461 24999
1752807301585 2.5738747119903564 25049
1752807310589 2.664391040802002 25099
1752807319588 3.2840375900268555 25149
1752807328563 3.2086074352264404 25199
1752807354819 2.4408950805664062 25249
1752807363808 2.7574117183685303 25299
1752807372797 3.2998263835906982 25349
1752807381802 2.5734264850616455 25399
1752807390782 2.5235848426818848 25449
1752807416610 3.599839687347412 25499
1752807425611 2.615805149078369 25549
1752807434606 2.462589979171753 25599
1752807443597 4.284344673156738 25649
1752807452578 2.8327412605285645 25699
1752807461530 3.3101749420166016 25749
1752807487680 1.9237555265426636 25799
1752807496648 3.3000779151916504 25849
1752807505628 3.4753012657165527 25899
1752807514611 2.1325650215148926 25949
1752807523589 2.5271568298339844 25999
1752807549688 4.127241134643555 26049
1752807558672 2.2510972023010254 26099
1752807567662 1.9724321365356445 26149
1752807576663 2.45064640045166 26199
1752807585658 2.7245683670043945 26249
1752807594612 3.570889949798584 26299
1752807620578 3.2421696186065674 26349
1752807629554 3.0996603965759277 26399
1752807638541 1.8705768585205078 26449
1752807647529 3.44512677192688 26499
1752807656534 4.259849548339844 26549
1752807682789 4.090425491333008 26599
1752807691774 2.317427635192871 26649
1752807700755 2.3566317558288574 26699
1752807709740 4.309484004974365 26749
1752807718727 1.9961830377578735 26799
1752807727686 3.648531198501587 26849
1752807753885 1.7679357528686523 26899
1752807762868 2.4016096591949463 26949
1752807771870 1.8551722764968872 26999
1752807780864 2.1508383750915527 27049
1752807789846 2.631467819213867 27099
1752807816812 3.8384909629821777 27149
1752807825799 2.616245746612549 27199
1752807834770 2.0130856037139893 27249
1752807843778 3.0222065448760986 27299
1752807852745 3.6706109046936035 27349
1752807861669 3.2071890830993652 27399
