1752801228324 22.54985237121582 49
1752801237217 20.650917053222656 99
1752801246122 18.746902465820312 149
1752801255051 16.256494522094727 199
1752801264009 13.216172218322754 249
1752801290813 10.345129013061523 299
1752801299754 8.154717445373535 349
1752801308692 6.324334144592285 399
1752801317640 4.944910526275635 449
1752801326610 3.792372703552246 499
1752801353325 2.8277196884155273 549
1752801362318 2.282924175262451 599
1752801371270 1.8953285217285156 649
1752801380246 1.6063401699066162 699
1752801389231 1.3528919219970703 749
1752801398227 1.5816948413848877 799
1752801425045 1.2631707191467285 849
1752801433993 1.1872892379760742 899
1752801442978 1.1335835456848145 949
1752801451921 1.1886142492294312 999
1752801460925 1.064375400543213 1049
1752801487718 1.1614296436309814 1099
1752801496687 0.9895907044410706 1149
1752801505645 1.111539602279663 1199
1752801514650 1.2433052062988281 1249
1752801523653 0.9843395948410034 1299
1752801532657 1.0456777811050415 1349
1752801559066 1.541707992553711 1399
1752801568025 1.3395811319351196 1449
1752801577012 1.3485621213912964 1499
1752801585991 1.483778476715088 1549
1752801594967 1.6453943252563477 1599
1752801621967 1.0618482828140259 1649
1752801630948 1.2424577474594116 1699
1752801639926 1.4825947284698486 1749
1752801648929 1.1539702415466309 1799
1752801657906 1.2817139625549316 1849
1752801666906 1.4572372436523438 1899
1752801693777 1.393453598022461 1949
1752801702775 0.9781107306480408 1999
1752801711766 1.0984232425689697 2049
1752801720762 1.0353814363479614 2099
1752801729743 0.9894972443580627 2149
1752801756468 1.3362789154052734 2199
1752801765443 1.4204463958740234 2249
1752801774403 1.5067150592803955 2299
1752801783406 1.2985634803771973 2349
1752801792400 0.9877248406410217 2399
1752801801397 1.4640800952911377 2449
1752801827406 1.1319445371627808 2499
1752801836371 1.320746660232544 2549
1752801845365 1.209020733833313 2599
1752801854361 1.3776556253433228 2649
1752801863361 1.363541841506958 2699
1752801889313 1.3929333686828613 2749
1752801898289 1.5202244520187378 2799
1752801907300 1.522339105606079 2849
1752801916302 1.311640977859497 2899
1752801925276 1.424370527267456 2949
1752801934264 1.3326115608215332 2999
1752801961196 1.372328758239746 3049
1752801970181 1.2983410358428955 3099
1752801979180 1.5437040328979492 3149
1752801988176 1.4141778945922852 3199
1752801997160 1.0102497339248657 3249
1752802024001 1.2234790325164795 3299
1752802032979 1.3258628845214844 3349
1752802041972 1.6966630220413208 3399
1752802050953 1.4696354866027832 3449
1752802059953 1.4479765892028809 3499
1752802068949 1.4280483722686768 3549
1752802095046 1.3268554210662842 3599
1752802104013 1.4872963428497314 3649
1752802113017 1.4657148122787476 3699
1752802122023 1.4479703903198242 3749
1752802131027 1.5650603771209717 3799
1752802157995 1.361527681350708 3849
1752802166992 1.5018539428710938 3899
1752802175981 1.255284070968628 3949
1752802184982 1.227644443511963 3999
1752802193977 1.4393625259399414 4049
1752802202965 1.4095876216888428 4099
1752802229006 1.475841760635376 4149
1752802238011 1.2146738767623901 4199
1752802246995 1.2568329572677612 4249
1752802255997 1.4737986326217651 4299
1752802264979 1.2850944995880127 4349
1752802292035 1.1769829988479614 4399
1752802301013 1.397739291191101 4449
1752802309989 1.4112367630004883 4499
1752802319006 1.6931642293930054 4549
1752802328007 1.4152283668518066 4599
1752802337022 1.3885974884033203 4649
1752802362973 1.2856829166412354 4699
1752802371953 1.2984938621520996 4749
1752802380925 1.5065538883209229 4799
1752802389910 1.632668375968933 4849
1752802398892 1.7218468189239502 4899
1752802426051 1.3747830390930176 4949
1752802435040 1.4745441675186157 4999
1752802444053 1.1343252658843994 5049
1752802453065 1.447424292564392 5099
1752802462092 1.322648048400879 5149
1752802471073 1.3797006607055664 5199
1752802497008 1.5249242782592773 5249
1752802506020 1.379585862159729 5299
1752802515009 1.4650882482528687 5349
1752802523995 1.174354076385498 5399
1752802532997 1.409625768661499 5449
1752802558937 1.2189501523971558 5499
1752802567938 1.4904073476791382 5549
1752802577074 1.5588302612304688 5599
1752802586064 1.3829874992370605 5649
1752802595104 1.5455089807510376 5699
1752802604065 1.3367828130722046 5749
1752802630398 1.4098196029663086 5799
1752802639382 1.5098785161972046 5849
1752802648401 1.4355237483978271 5899
1752802657407 1.5683772563934326 5949
1752802666416 1.5072520971298218 5999
1752802693640 1.536023497581482 6049
1752802702643 1.6585705280303955 6099
1752802711646 1.4635593891143799 6149
1752802720643 1.455920696258545 6199
1752802729630 1.2996535301208496 6249
1752802738572 1.2809956073760986 6299
1752802765583 1.6208465099334717 6349
1752802774547 1.3799762725830078 6399
1752802783543 1.716552734375 6449
1752802792533 1.6304486989974976 6499
1752802801537 1.4510962963104248 6549
1752802828472 1.8515448570251465 6599
1752802837456 1.4097638130187988 6649
1752802846442 1.9674203395843506 6699
1752802855444 1.7097492218017578 6749
1752802864443 1.8140604496002197 6799
1752802873360 1.463477611541748 6849
1752802900374 1.5529797077178955 6899
1752802909374 1.728952407836914 6949
1752802918398 1.641638994216919 6999
1752802927377 1.7130224704742432 7049
1752802936371 1.5074622631072998 7099
1752802962546 1.266089916229248 7149
1752802971570 1.651183843612671 7199
1752802980591 1.4580248594284058 7249
1752802989573 1.621799111366272 7299
1752802998549 1.429614543914795 7349
1752803024753 1.4361706972122192 7399
1752803033747 1.70102858543396 7449
1752803042740 1.547723412513733 7499
1752803051747 1.5752724409103394 7549
1752803060741 1.62337064743042 7599
1752803069740 1.5849363803863525 7649
1752803095586 1.727290391921997 7699
1752803104552 1.4789650440216064 7749
1752803113559 1.4464279413223267 7799
1752803122557 1.7472171783447266 7849
1752803131551 1.571223497390747 7899
1752803158462 1.6837646961212158 7949
1752803167436 1.6823289394378662 7999
1752803176446 1.4325106143951416 8049
1752803185430 1.7093195915222168 8099
1752803194449 1.8551642894744873 8149
1752803203485 1.8183246850967407 8199
1752803229514 1.8567545413970947 8249
1752803238560 1.568015694618225 8299
1752803247574 1.6044923067092896 8349
1752803256580 1.7558871507644653 8399
1752803265561 1.7603332996368408 8449
1752803292517 1.8982884883880615 8499
1752803301507 1.6936867237091064 8549
1752803310494 1.587068796157837 8599
1752803319487 1.5874518156051636 8649
1752803328464 1.6375477313995361 8699
1752803337430 1.5189769268035889 8749
1752803363602 1.9146831035614014 8799
1752803372608 1.912726879119873 8849
1752803381615 1.7270541191101074 8899
1752803390609 1.6990604400634766 8949
1752803399608 1.7922544479370117 8999
1752803425725 1.8393831253051758 9049
1752803434721 1.7819080352783203 9099
1752803443709 1.8275998830795288 9149
1752803452712 1.7238718271255493 9199
1752803461699 1.9621740579605103 9249
1752803470679 1.809428095817566 9299
1752803496758 1.92716383934021 9349
1752803505768 2.0061306953430176 9399
1752803514755 1.810264229774475 9449
1752803523770 1.8281292915344238 9499
1752803532771 1.8107514381408691 9549
1752803558839 1.7852263450622559 9599
1752803567854 1.715903639793396 9649
1752803576840 1.662412166595459 9699
1752803585830 1.7288357019424438 9749
1752803594856 1.9345464706420898 9799
1752803603889 1.863903284072876 9849
1752803630048 1.9006741046905518 9899
1752803639074 1.9961191415786743 9949
1752803648064 2.00177264213562 9999
1752803657080 2.1856698989868164 10049
1752803666106 1.852522611618042 10099
1752803692272 2.1525120735168457 10149
1752803701269 1.930016040802002 10199
1752803710273 1.9314645528793335 10249
1752803719286 2.016451358795166 10299
1752803728304 2.102963447570801 10349
1752803737324 2.1685357093811035 10399
1752803763507 1.7085556983947754 10449
1752803772503 2.1538991928100586 10499
1752803781508 2.052511692047119 10549
1752803790510 2.0567336082458496 10599
1752803799500 2.0644311904907227 10649
1752803825476 2.1010165214538574 10699
1752803834487 2.2068381309509277 10749
1752803843505 2.1383025646209717 10799
1752803852501 2.1491734981536865 10849
1752803861533 2.2153351306915283 10899
1752803870553 2.0913472175598145 10949
1752803896617 2.3472228050231934 10999
1752803905647 2.245363712310791 11049
1752803914637 2.2150020599365234 11099
1752803923651 2.2497758865356445 11149
1752803932628 2.215872287750244 11199
1752803959680 2.433608055114746 11249
1752803968665 2.1588120460510254 11299
1752803977700 2.2237730026245117 11349
1752803986699 2.279439687728882 11399
1752803995706 2.3190903663635254 11449
1752804004704 2.295074462890625 11499
1752804031642 2.2862603664398193 11549
1752804040651 2.3530404567718506 11599
1752804049645 2.29972243309021 11649
1752804058629 2.3266263008117676 11699
1752804067633 2.3553528785705566 11749
1752804093809 2.3971948623657227 11799
1752804102795 2.3747665882110596 11849
1752804111800 2.3423874378204346 11899
1752804120832 2.4697723388671875 11949
1752804129821 2.366292715072632 11999
1752804138814 2.4193708896636963 12049
1752804164770 2.265302896499634 12099
1752804173780 2.3438220024108887 12149
1752804182764 2.341218948364258 12199
1752804191746 2.466789722442627 12249
1752804200776 2.4531145095825195 12299
1752804226686 2.4194588661193848 12349
1752804235713 2.408853054046631 12399
1752804244700 2.4152207374572754 12449
1752804253689 2.3879554271698 12499
1752804262706 2.421372890472412 12549
1752804271676 2.4625091552734375 12599
1752804297743 2.5259177684783936 12649
1752804306743 2.4784913063049316 12699
1752804315742 2.4656424522399902 12749
1752804324718 2.4563560485839844 12799
1752804333714 2.4957046508789062 12849
1752804360841 2.4404897689819336 12899
1752804369842 2.486126661300659 12949
1752804378845 2.4004034996032715 12999
1752804387806 2.4275426864624023 13049
1752804396766 2.478351593017578 13099
1752804405714 2.531668186187744 13149
1752804431783 2.501124143600464 13199
1752804440775 2.4869861602783203 13249
1752804449786 2.4220831394195557 13299
1752804458776 2.4670567512512207 13349
1752804467752 2.5045225620269775 13399
1752804494524 2.5226023197174072 13449
1752804503502 2.4500503540039062 13499
1752804512512 2.4008002281188965 13549
1752804521506 2.5176777839660645 13599
1752804530527 2.6368682384490967 13649
1752804539480 2.5230331420898438 13699
1752804566598 2.4954822063446045 13749
1752804575575 2.518221616744995 13799
1752804584546 2.531639575958252 13849
1752804593540 2.547213077545166 13899
1752804602513 2.639373540878296 13949
1752804628502 2.5154666900634766 13999
1752804637494 2.537900924682617 14049
1752804646471 2.4901840686798096 14099
1752804655466 2.5337276458740234 14149
1752804664476 2.438918113708496 14199
1752804690392 2.47393798828125 14249
1752804699373 2.5358519554138184 14299
1752804708364 2.5616893768310547 14349
1752804717360 2.561249256134033 14399
1752804726358 2.4879913330078125 14449
1752804735339 2.490037679672241 14499
1752804761630 2.539919376373291 14549
1752804770610 2.541120767593384 14599
1752804779597 2.5519556999206543 14649
1752804788603 2.5466527938842773 14699
1752804797612 2.537233829498291 14749
1752804823605 2.4694454669952393 14799
1752804832598 2.5113251209259033 14849
1752804841555 2.648228645324707 14899
1752804850531 2.5355286598205566 14949
1752804859527 2.5358731746673584 14999
1752804868520 2.6678807735443115 15049
1752804894681 2.477074146270752 15099
1752804903676 2.6138601303100586 15149
1752804912685 2.6428816318511963 15199
1752804921665 2.589514970779419 15249
1752804930651 2.468506336212158 15299
1752804957657 2.4383678436279297 15349
1752804966635 2.4665944576263428 15399
1752804975630 2.636941909790039 15449
1752804984614 2.5170845985412598 15499
1752804993581 2.6006526947021484 15549
1752805002566 2.669649839401245 15599
1752805028680 2.59822678565979 15649
1752805037677 2.590407133102417 15699
1752805046681 2.5869343280792236 15749
1752805055687 2.52958345413208 15799
1752805064703 2.6393637657165527 15849
1752805090719 2.6908185482025146 15899
1752805099697 2.6860413551330566 15949
1752805108665 2.567359447479248 15999
1752805117670 2.715388774871826 16049
1752805126651 2.612875461578369 16099
1752805135664 2.5636727809906006 16149
1752805161907 2.5530264377593994 16199
1752805170897 2.558298110961914 16249
1752805179877 2.506901741027832 16299
1752805188873 2.62606143951416 16349
1752805197870 2.6821300983428955 16399
1752805224026 2.6524224281311035 16449
1752805233004 2.692077159881592 16499
1752805241987 2.5017595291137695 16549
1752805250972 2.527804374694824 16599
1752805259973 2.459540843963623 16649
1752805268960 2.5174951553344727 16699
1752805294930 2.585362434387207 16749
1752805303937 2.5777556896209717 16799
1752805312912 2.7244319915771484 16849
1752805321887 2.5819315910339355 16899
1752805330903 2.6188771724700928 16949
1752805356805 2.6247615814208984 16999
1752805365761 2.591400146484375 17049
1752805374739 2.5386035442352295 17099
1752805383762 2.5574491024017334 17149
1752805392746 2.5889978408813477 17199
1752805401747 2.6684024333953857 17249
1752805427695 2.6040053367614746 17299
1752805436692 2.63716459274292 17349
1752805445673 2.8045082092285156 17399
1752805454683 2.5501413345336914 17449
1752805463676 2.556631565093994 17499
1752805490710 2.655452013015747 17549
1752805499691 2.644679069519043 17599
1752805508677 2.6560351848602295 17649
1752805517649 2.608844757080078 17699
1752805526627 2.5205109119415283 17749
1752805535647 2.6989381313323975 17799
1752805561419 2.580852508544922 17849
1752805570434 2.5398929119110107 17899
1752805579404 2.635021209716797 17949
1752805588373 2.6863925457000732 17999
1752805597365 2.634547233581543 18049
1752805623553 2.725076198577881 18099
1752805632565 2.6742048263549805 18149
1752805641545 2.560969352722168 18199
1752805650541 2.615104913711548 18249
1752805659534 2.4864354133605957 18299
1752805668532 2.5643696784973145 18349
1752805694365 2.5775527954101562 18399
1752805703315 2.480205535888672 18449
1752805712304 2.5122694969177246 18499
1752805721292 2.447195053100586 18549
1752805730273 2.585618734359741 18599
1752805756326 2.651401996612549 18649
1752805765323 2.6029725074768066 18699
1752805774299 2.6661791801452637 18749
1752805783304 2.677572727203369 18799
1752805792280 2.638195037841797 18849
1752805801298 2.6745615005493164 18899
1752805827314 2.6786842346191406 18949
1752805836305 2.5764408111572266 18999
1752805845313 2.634119987487793 19049
1752805854288 2.663372755050659 19099
1752805863286 2.621817111968994 19149
1752805889116 2.5824227333068848 19199
1752805898114 2.7364091873168945 19249
1752805907122 2.524909019470215 19299
1752805916127 2.67327618598938 19349
1752805925100 2.6374707221984863 19399
1752805934092 2.5910451412200928 19449
1752805960709 2.635815143585205 19499
1752805969670 2.5513930320739746 19549
1752805978660 2.558448553085327 19599
1752805987653 2.5664048194885254 19649
1752805996676 2.719991445541382 19699
1752806022698 2.5895071029663086 19749
1752806031690 2.6772079467773438 19799
1752806040689 2.522937774658203 19849
1752806049695 2.513493299484253 19899
1752806058704 2.6295993328094482 19949
1752806067631 2.5032858848571777 19999
1752806093852 2.610095500946045 20049
1752806102854 2.7053918838500977 20099
1752806111867 2.7388577461242676 20149
1752806120854 2.58133864402771 20199
1752806129835 2.575227975845337 20249
1752806155902 2.6408793926239014 20299
1752806164915 2.628633975982666 20349
1752806173919 2.6565558910369873 20399
1752806182888 2.5572876930236816 20449
1752806191866 2.701815128326416 20499
1752806200794 2.6531872749328613 20549
1752806226884 2.6974472999572754 20599
1752806235884 2.5894830226898193 20649
1752806244883 2.612623691558838 20699
1752806253876 2.6239171028137207 20749
1752806262898 2.528660774230957 20799
1752806288831 2.602066993713379 20849
1752806297830 2.763280153274536 20899
1752806306802 2.6642889976501465 20949
1752806315802 2.626619577407837 20999
1752806324789 2.6906638145446777 21049
1752806350669 2.6808860301971436 21099
1752806359703 2.5600857734680176 21149
1752806368681 2.6428756713867188 21199
1752806377655 2.7635223865509033 21249
1752806386647 2.4938738346099854 21299
1752806395655 2.6205830574035645 21349
1752806422583 2.719892978668213 21399
1752806431551 2.6595141887664795 21449
1752806440562 2.5813472270965576 21499
1752806449571 2.667062759399414 21549
1752806458578 2.461282730102539 21599
1752806484462 2.5077085494995117 21649
1752806493430 2.7025482654571533 21699
1752806502418 2.531766891479492 21749
1752806511411 2.688105583190918 21799
1752806520407 2.60183048248291 21849
1752806529415 2.6582202911376953 21899
1752806555587 2.5479202270507812 21949
1752806564571 2.6512746810913086 21999
1752806573559 2.4955780506134033 22049
1752806582564 2.732692241668701 22099
1752806591562 2.694153308868408 22149
1752806617482 2.6037354469299316 22199
1752806626459 2.686263084411621 22249
1752806635448 2.6273157596588135 22299
1752806644436 2.656677722930908 22349
1752806653436 2.621108055114746 22399
1752806662413 2.617100715637207 22449
1752806688621 2.619833469390869 22499
1752806697600 2.5229532718658447 22549
1752806706614 2.6663777828216553 22599
1752806715623 2.4994688034057617 22649
1752806724631 2.51731538772583 22699
1752806750503 2.5265612602233887 22749
1752806759493 2.6538076400756836 22799
1752806768477 2.6779375076293945 22849
1752806777475 2.7294583320617676 22899
1752806786480 2.5697262287139893 22949
1752806795480 2.722900390625 22999
1752806821438 2.6099636554718018 23049
1752806830434 2.759927272796631 23099
1752806839416 2.541355609893799 23149
1752806848391 2.6096956729888916 23199
1752806857374 2.6931509971618652 23249
1752806883506 2.6795222759246826 23299
1752806892481 2.769444704055786 23349
1752806901449 2.609595775604248 23399
1752806910447 2.577200412750244 23449
1752806919450 2.671949863433838 23499
1752806928428 2.6919569969177246 23549
1752806954538 2.642829656600952 23599
1752806963584 2.6598854064941406 23649
1752806972596 2.651740550994873 23699
1752806981605 2.743117332458496 23749
1752806990610 2.50833797454834 23799
1752807016813 2.6770570278167725 23849
1752807025791 2.652256488800049 23899
1752807034770 2.570267915725708 23949
1752807043781 2.655097007751465 23999
1752807052812 2.6935441493988037 24049
1752807061825 2.6193361282348633 24099
1752807088339 2.5780961513519287 24149
1752807097336 2.575728416442871 24199
1752807106325 2.587775230407715 24249
1752807115345 2.599059820175171 24299
1752807124344 2.6277825832366943 24349
1752807150407 2.6346702575683594 24399
1752807159391 2.4812865257263184 24449
1752807168398 2.6176629066467285 24499
1752807177385 2.580108642578125 24549
1752807186383 2.543726921081543 24599
1752807195370 2.7633862495422363 24649
1752807221535 2.5793137550354004 24699
1752807230533 2.6460373401641846 24749
1752807239518 2.6089513301849365 24799
1752807248518 2.642268657684326 24849
1752807257536 2.764101505279541 24899
1752807283608 2.526273727416992 24949
1752807292594 2.4289438724517822 24999
1752807301585 2.6087002754211426 25049
1752807310589 2.7230048179626465 25099
1752807319588 2.660365581512451 25149
1752807328563 2.646472454071045 25199
1752807354819 2.585124969482422 25249
1752807363808 2.6036462783813477 25299
1752807372797 2.6840598583221436 25349
1752807381802 2.523646354675293 25399
1752807390782 2.599013328552246 25449
1752807416610 2.672652006149292 25499
1752807425611 2.6868345737457275 25549
1752807434606 2.625800132751465 25599
1752807443597 2.6472179889678955 25649
1752807452578 2.7252113819122314 25699
1752807461530 2.7476871013641357 25749
1752807487680 2.623237133026123 25799
1752807496648 2.7153878211975098 25849
1752807505628 2.6299710273742676 25899
1752807514611 2.562286138534546 25949
1752807523589 2.6123809814453125 25999
1752807549688 2.7620043754577637 26049
1752807558672 2.5438711643218994 26099
1752807567662 2.6598172187805176 26149
1752807576663 2.5388054847717285 26199
1752807585658 2.6485397815704346 26249
1752807594612 2.6913411617279053 26299
1752807620578 2.6454975605010986 26349
1752807629554 2.5260815620422363 26399
1752807638541 2.538201332092285 26449
1752807647529 2.5869359970092773 26499
1752807656534 2.7467293739318848 26549
1752807682789 2.616997003555298 26599
1752807691774 2.646407127380371 26649
1752807700755 2.5790953636169434 26699
1752807709740 2.6159443855285645 26749
1752807718727 2.664994716644287 26799
1752807727686 2.5352702140808105 26849
1752807753885 2.5377378463745117 26899
1752807762868 2.6480724811553955 26949
1752807771870 2.689119815826416 26999
1752807780864 2.529966115951538 27049
1752807789846 2.6108150482177734 27099
1752807816812 2.5313074588775635 27149
1752807825799 2.705125093460083 27199
1752807834770 2.616081953048706 27249
1752807843778 2.6256933212280273 27299
1752807852745 2.6613473892211914 27349
1752807861669 2.658810615539551 27399
