1752801285182 0.17998602986335754 273
1752801352069 0.07064460217952728 547
1752801419083 0.05809928476810455 821
1752801486019 0.04945686087012291 1095
1752801552249 0.04871046915650368 1369
1752801619919 0.046233825385570526 1643
1752801687022 0.043539974838495255 1917
1752801754108 0.0426897294819355 2191
1752801820329 0.041615162044763565 2465
1752801886596 0.04236824810504913 2739
1752801953767 0.040845151990652084 3013
1752802020854 0.03903581574559212 3287
1752802087289 0.0391567125916481 3561
1752802154537 0.0385998897254467 3835
1752802220918 0.03919803351163864 4109
1752802288233 0.03759107366204262 4383
1752802354518 0.03972901776432991 4657
1752802421864 0.038038648664951324 4931
1752802488171 0.03699728101491928 5205
1752802554400 0.03811948746442795 5479
1752802621151 0.037995293736457825 5753
1752802688761 0.03746357560157776 6027
1752802755965 0.03672128543257713 6301
1752802823165 0.03575429692864418 6575
1752802890499 0.0366850309073925 6849
1752802956870 0.036761391907930374 7123
1752803023494 0.03609104081988335 7397
1752803089610 0.036230526864528656 7671
1752803156796 0.03614841401576996 7945
1752803223123 0.03600490838289261 8219
1752803290487 0.034790631383657455 8493
1752803356952 0.03592456877231598 8767
1752803423340 0.03535633906722069 9041
1752803489706 0.034829527139663696 9315
1752803556048 0.034402526915073395 9589
1752803622602 0.03560550510883331 9863
1752803689147 0.03493186831474304 10137
1752803755732 0.03359753265976906 10411
1752803821986 0.035733599215745926 10685
1752803888471 0.033698491752147675 10959
1752803955829 0.034061163663864136 11233
1752804023199 0.03290330991148949 11507
1752804089611 0.0344635508954525 11781
1752804155947 0.033411744982004166 12055
1752804222130 0.03471246734261513 12329
1752804288558 0.033853814005851746 12603
1752804355934 0.03452357277274132 12877
1752804422211 0.03382756561040878 13151
1752804489275 0.03393236920237541 13425
1752804556669 0.03458096459507942 13699
1752804622899 0.033952269703149796 13973
1752804689114 0.034101031720638275 14247
1752804755600 0.033304136246442795 14521
1752804821913 0.03317893669009209 14795
1752804888356 0.03290529549121857 15069
1752804955592 0.032435085624456406 15343
1752805021966 0.032520342618227005 15617
1752805088352 0.03270088881254196 15891
1752805154835 0.03212369605898857 16165
1752805221264 0.033480364829301834 16439
1752805287508 0.03321553394198418 16713
1752805353692 0.03245614841580391 16987
1752805419922 0.03309188410639763 17261
1752805487319 0.03285497799515724 17535
1752805553358 0.03257615864276886 17809
1752805619786 0.033196207135915756 18083
1752805685856 0.0320826917886734 18357
1752805752153 0.03269727900624275 18631
1752805818520 0.03335198014974594 18905
1752805884594 0.03227713331580162 19179
1752805951125 0.03263426572084427 19453
1752806017785 0.03246384114027023 19727
1752806084260 0.03272932767868042 20001
1752806150640 0.032042622566223145 20275
1752806216952 0.03154701367020607 20549
1752806283255 0.032151348888874054 20823
1752806349463 0.031631603837013245 21097
1752806416629 0.033079225569963455 21371
1752806482810 0.03187676519155502 21645
1752806549193 0.03251379728317261 21919
1752806615498 0.032648805528879166 22193
1752806681878 0.03384687379002571 22467
1752806748133 0.031519029289484024 22741
1752806814383 0.03207392618060112 23015
1752806880777 0.031529489904642105 23289
1752806946953 0.03205658867955208 23563
1752807013725 0.032038815319538116 23837
1752807080595 0.031208574771881104 24111
1752807146979 0.03182050585746765 24385
1752807213403 0.03285081684589386 24659
1752807279781 0.03087177500128746 24933
1752807346333 0.03121303953230381 25207
1752807412474 0.03113061748445034 25481
1752807478798 0.03332574665546417 25755
1752807545167 0.031481362879276276 26029
1752807611363 0.03158680349588394 26303
1752807677861 0.031518515199422836 26577
1752807744273 0.031024327501654625 26851
1752807811530 0.032239366322755814 27125
1752807877747 0.031742069870233536 27399
