1752801285182 3.150146722793579 273
1752801352069 2.4331469535827637 547
1752801419083 2.0129714012145996 821
1752801486019 1.7050269842147827 1095
1752801552249 1.6217341423034668 1369
1752801619919 1.4689913988113403 1643
1752801687022 1.3943164348602295 1917
1752801754108 1.4193646907806396 2191
1752801820329 1.3319724798202515 2465
1752801886596 1.3542364835739136 2739
1752801953767 1.3087948560714722 3013
1752802020854 1.2825210094451904 3287
1752802087289 1.2561627626419067 3561
1752802154537 1.2548571825027466 3835
1752802220918 1.2378735542297363 4109
1752802288233 1.1971153020858765 4383
1752802354518 1.194649577140808 4657
1752802421864 1.186346411705017 4931
1752802488171 1.1886942386627197 5205
1752802554400 1.1763691902160645 5479
1752802621151 1.1735750436782837 5753
1752802688761 1.1780120134353638 6027
1752802755965 1.149657130241394 6301
1752802823165 1.1641968488693237 6575
1752802890499 1.1670773029327393 6849
1752802956870 1.1619049310684204 7123
1752803023494 1.1283131837844849 7397
1752803089610 1.1612577438354492 7671
1752803156796 1.1283494234085083 7945
1752803223123 1.1431201696395874 8219
1752803290487 1.1488462686538696 8493
1752803356952 1.159498929977417 8767
1752803423340 1.14163076877594 9041
1752803489706 1.117633581161499 9315
1752803556048 1.1280343532562256 9589
1752803622602 1.1444662809371948 9863
1752803689147 1.116821527481079 10137
1752803755732 1.132829189300537 10411
1752803821986 1.2181155681610107 10685
1752803888471 1.2586276531219482 10959
1752803955829 1.260450839996338 11233
1752804023199 1.2800198793411255 11507
1752804089611 1.3030035495758057 11781
1752804155947 1.3317307233810425 12055
1752804222130 1.404165267944336 12329
1752804288558 1.4201446771621704 12603
1752804355934 1.4147639274597168 12877
1752804422211 1.4229097366333008 13151
1752804489275 1.4706331491470337 13425
1752804556669 1.4820384979248047 13699
1752804622899 1.5066909790039062 13973
1752804689114 1.5161607265472412 14247
1752804755600 1.528428316116333 14521
1752804821913 1.543088674545288 14795
1752804888356 1.5513306856155396 15069
1752804955592 1.5676153898239136 15343
1752805021966 1.6441525220870972 15617
1752805088352 1.6218276023864746 15891
1752805154835 1.6078420877456665 16165
1752805221264 1.6727603673934937 16439
1752805287508 1.7035348415374756 16713
1752805353692 1.693221926689148 16987
1752805419922 1.715030312538147 17261
1752805487319 1.7326785326004028 17535
1752805553358 1.7334412336349487 17809
1752805619786 1.7575023174285889 18083
1752805685856 1.7915641069412231 18357
1752805752153 1.8008084297180176 18631
1752805818520 1.8030781745910645 18905
1752805884594 1.788231372833252 19179
1752805951125 1.8345354795455933 19453
1752806017785 1.857810616493225 19727
1752806084260 1.819095253944397 20001
1752806150640 1.8114800453186035 20275
1752806216952 1.7785627841949463 20549
1752806283255 1.8003262281417847 20823
1752806349463 1.8097792863845825 21097
1752806416629 1.8047701120376587 21371
1752806482810 1.815973162651062 21645
1752806549193 1.8443267345428467 21919
1752806615498 1.8708760738372803 22193
1752806681878 1.8824986219406128 22467
1752806748133 1.882696270942688 22741
1752806814383 1.8887908458709717 23015
1752806880777 1.8793575763702393 23289
1752806946953 1.9114344120025635 23563
1752807013725 1.934798240661621 23837
1752807080595 1.927726149559021 24111
1752807146979 1.9320391416549683 24385
1752807213403 1.933182716369629 24659
1752807279781 1.9067949056625366 24933
1752807346333 1.940324068069458 25207
1752807412474 1.905840516090393 25481
1752807478798 1.9793286323547363 25755
1752807545167 1.9582245349884033 26029
1752807611363 1.993859052658081 26303
1752807677861 2.0019123554229736 26577
1752807744273 1.9860953092575073 26851
1752807811530 2.016669988632202 27125
1752807877747 2.004847526550293 27399
