1752801285182 16.020788192749023 273
1752801352069 4.798070430755615 547
1752801419083 3.9246394634246826 821
1752801486019 3.537959575653076 1095
1752801552249 3.547376871109009 1369
1752801619919 3.4426820278167725 1643
1752801687022 3.2972240447998047 1917
1752801754108 3.265366792678833 2191
1752801820329 3.1635241508483887 2465
1752801886596 3.2052299976348877 2739
1752801953767 3.213271379470825 3013
1752802020854 3.145494222640991 3287
1752802087289 3.1274900436401367 3561
1752802154537 3.1303348541259766 3835
1752802220918 3.167030096054077 4109
1752802288233 3.083216667175293 4383
1752802354518 3.1630914211273193 4657
1752802421864 3.1011593341827393 4931
1752802488171 3.0761330127716064 5205
1752802554400 3.1206862926483154 5479
1752802621151 3.045883893966675 5753
1752802688761 3.027862548828125 6027
1752802755965 2.9996390342712402 6301
1752802823165 2.9818105697631836 6575
1752802890499 2.9567408561706543 6849
1752802956870 3.014954090118408 7123
1752803023494 2.9816513061523438 7397
1752803089610 2.974886178970337 7671
1752803156796 3.0069611072540283 7945
1752803223123 3.0395114421844482 8219
1752803290487 2.9349451065063477 8493
1752803356952 2.9352176189422607 8767
1752803423340 2.8923158645629883 9041
1752803489706 2.839550495147705 9315
1752803556048 2.788745403289795 9589
1752803622602 2.7679741382598877 9863
1752803689147 2.7011899948120117 10137
1752803755732 2.630194664001465 10411
1752803821986 2.721224069595337 10685
1752803888471 2.5780742168426514 10959
1752803955829 2.536046028137207 11233
1752804023199 2.4886369705200195 11507
1752804089611 2.484325885772705 11781
1752804155947 2.451904058456421 12055
1752804222130 2.528757333755493 12329
1752804288558 2.4658074378967285 12603
1752804355934 2.4417877197265625 12877
1752804422211 2.4324276447296143 13151
1752804489275 2.42863130569458 13425
1752804556669 2.4464051723480225 13699
1752804622899 2.4332733154296875 13973
1752804689114 2.409961223602295 14247
1752804755600 2.3779850006103516 14521
1752804821913 2.3555314540863037 14795
1752804888356 2.3695106506347656 15069
1752804955592 2.3347110748291016 15343
1752805021966 2.3611834049224854 15617
1752805088352 2.3384788036346436 15891
1752805154835 2.3302364349365234 16165
1752805221264 2.3886101245880127 16439
1752805287508 2.3937718868255615 16713
1752805353692 2.3290419578552246 16987
1752805419922 2.3913843631744385 17261
1752805487319 2.376119375228882 17535
1752805553358 2.344202756881714 17809
1752805619786 2.3625590801239014 18083
1752805685856 2.3506507873535156 18357
1752805752153 2.363010883331299 18631
1752805818520 2.3478548526763916 18905
1752805884594 2.2903568744659424 19179
1752805951125 2.3171026706695557 19453
1752806017785 2.3523576259613037 19727
1752806084260 2.374110460281372 20001
1752806150640 2.302821397781372 20275
1752806216952 2.247725486755371 20549
1752806283255 2.3092424869537354 20823
1752806349463 2.3188862800598145 21097
1752806416629 2.3588509559631348 21371
1752806482810 2.299170732498169 21645
1752806549193 2.320805788040161 21919
1752806615498 2.334599018096924 22193
1752806681878 2.3882501125335693 22467
1752806748133 2.303440809249878 22741
1752806814383 2.311537265777588 23015
1752806880777 2.2709145545959473 23289
1752806946953 2.3095755577087402 23563
1752807013725 2.310788869857788 23837
1752807080595 2.2715742588043213 24111
1752807146979 2.3029608726501465 24385
1752807213403 2.3074731826782227 24659
1752807279781 2.233825206756592 24933
1752807346333 2.264169931411743 25207
1752807412474 2.241151809692383 25481
1752807478798 2.3302111625671387 25755
1752807545167 2.2526936531066895 26029
1752807611363 2.2815515995025635 26303
1752807677861 2.2505390644073486 26577
1752807744273 2.2320029735565186 26851
1752807811530 2.2991697788238525 27125
1752807877747 2.284633159637451 27399
