1752801228324 3.039200782775879 49
1752801237217 2.659541130065918 99
1752801246122 2.2757768630981445 149
1752801255051 2.5973458290100098 199
1752801264009 1.9986789226531982 249
1752801290813 2.3627712726593018 299
1752801299754 2.553831100463867 349
1752801308692 2.384716749191284 399
1752801317640 1.772261142730713 449
1752801326610 2.0287184715270996 499
1752801353325 1.7340614795684814 549
1752801362318 2.7111635208129883 599
1752801371270 1.7465531826019287 649
1752801380246 2.216155529022217 699
1752801389231 1.4976192712783813 749
1752801398227 1.9642516374588013 799
1752801425045 1.4819270372390747 849
1752801433993 1.7354099750518799 899
1752801442978 1.1592910289764404 949
1752801451921 1.7677403688430786 999
1752801460925 2.1557791233062744 1049
1752801487718 1.6266170740127563 1099
1752801496687 1.1948506832122803 1149
1752801505645 1.6083295345306396 1199
1752801514650 1.8421612977981567 1249
1752801523653 1.480327844619751 1299
1752801532657 1.68161940574646 1349
1752801559066 1.538927435874939 1399
1752801568025 1.5809382200241089 1449
1752801577012 1.5563266277313232 1499
1752801585991 1.3425018787384033 1549
1752801594967 1.1760835647583008 1599
1752801621967 1.359473705291748 1649
1752801630948 1.3278625011444092 1699
1752801639926 1.4248573780059814 1749
1752801648929 1.2379285097122192 1799
1752801657906 1.290065884590149 1849
1752801666906 1.6506500244140625 1899
1752801693777 1.1096816062927246 1949
1752801702775 1.3763033151626587 1999
1752801711766 1.8852207660675049 2049
1752801720762 1.5506577491760254 2099
1752801729743 1.4497789144515991 2149
1752801756468 1.4351933002471924 2199
1752801765443 1.4801841974258423 2249
1752801774403 1.1776968240737915 2299
1752801783406 1.1194623708724976 2349
1752801792400 1.2020608186721802 2399
1752801801397 0.913643479347229 2449
1752801827406 1.3656023740768433 2499
1752801836371 0.9066712856292725 2549
1752801845365 1.7368648052215576 2599
1752801854361 1.3187967538833618 2649
1752801863361 1.2615389823913574 2699
1752801889313 1.1293985843658447 2749
1752801898289 1.350919485092163 2799
1752801907300 1.845327377319336 2849
1752801916302 1.1236095428466797 2899
1752801925276 1.1790443658828735 2949
1752801934264 1.099186658859253 2999
1752801961196 1.3280059099197388 3049
1752801970181 1.0062665939331055 3099
1752801979180 1.0107719898223877 3149
1752801988176 1.739682674407959 3199
1752801997160 1.0529491901397705 3249
1752802024001 0.9462054371833801 3299
1752802032979 1.3191521167755127 3349
1752802041972 1.1353219747543335 3399
1752802050953 1.3817715644836426 3449
1752802059953 1.2630302906036377 3499
1752802068949 1.127685308456421 3549
1752802095046 1.5502865314483643 3599
1752802104013 1.3298227787017822 3649
1752802113017 1.2454886436462402 3699
1752802122023 1.2521772384643555 3749
1752802131027 0.9464544057846069 3799
1752802157995 1.153415560722351 3849
1752802166992 1.380812168121338 3899
1752802175981 1.4255859851837158 3949
1752802184982 1.138611078262329 3999
1752802193977 0.999893307685852 4049
1752802202965 0.9474345445632935 4099
1752802229006 1.3824093341827393 4149
1752802238011 1.4641865491867065 4199
1752802246995 1.387225866317749 4249
1752802255997 0.9633018970489502 4299
1752802264979 0.9160303473472595 4349
1752802292035 0.8572564721107483 4399
1752802301013 1.0567315816879272 4449
1752802309989 1.0770738124847412 4499
1752802319006 1.3578078746795654 4549
1752802328007 0.9241350889205933 4599
1752802337022 1.3450913429260254 4649
1752802362973 1.1700376272201538 4699
1752802371953 1.3678303956985474 4749
1752802380925 1.0878416299819946 4799
1752802389910 1.3745077848434448 4849
1752802398892 1.1320035457611084 4899
1752802426051 0.9592921137809753 4949
1752802435040 1.1613000631332397 4999
1752802444053 1.1519954204559326 5049
1752802453065 1.2111966609954834 5099
1752802462092 1.2166574001312256 5149
1752802471073 1.625025749206543 5199
1752802497008 0.8134432435035706 5249
1752802506020 1.169994831085205 5299
1752802515009 1.1903324127197266 5349
1752802523995 1.1904523372650146 5399
1752802532997 1.1564068794250488 5449
1752802558937 1.3693565130233765 5499
1752802567938 1.1111103296279907 5549
1752802577074 1.0187875032424927 5599
1752802586064 0.8913277387619019 5649
1752802595104 1.015350103378296 5699
1752802604065 1.1101456880569458 5749
1752802630398 1.1501352787017822 5799
1752802639382 1.3547351360321045 5849
1752802648401 1.0067951679229736 5899
1752802657407 1.2848249673843384 5949
1752802666416 1.4455153942108154 5999
1752802693640 1.0293529033660889 6049
1752802702643 1.4054007530212402 6099
1752802711646 1.2038359642028809 6149
1752802720643 1.3091449737548828 6199
1752802729630 1.1607719659805298 6249
1752802738572 1.5690069198608398 6299
1752802765583 0.9362208843231201 6349
1752802774547 1.7032289505004883 6399
1752802783543 1.337190866470337 6449
1752802792533 1.1396796703338623 6499
1752802801537 1.0614392757415771 6549
1752802828472 1.6203875541687012 6599
1752802837456 1.0972506999969482 6649
1752802846442 0.9436542391777039 6699
1752802855444 0.8777310848236084 6749
1752802864443 1.060539722442627 6799
1752802873360 1.0152630805969238 6849
1752802900374 1.347866415977478 6899
1752802909374 1.4281933307647705 6949
1752802918398 0.8743032217025757 6999
1752802927377 0.9080874919891357 7049
1752802936371 1.4516618251800537 7099
1752802962546 1.1951251029968262 7149
1752802971570 1.0922884941101074 7199
1752802980591 0.935660719871521 7249
1752802989573 0.994757354259491 7299
1752802998549 0.9737829566001892 7349
1752803024753 1.0408265590667725 7399
1752803033747 1.0957456827163696 7449
1752803042740 0.994611382484436 7499
1752803051747 1.1365580558776855 7549
1752803060741 1.0073342323303223 7599
1752803069740 1.3372074365615845 7649
1752803095586 1.166211485862732 7699
1752803104552 0.8770309686660767 7749
1752803113559 1.0310724973678589 7799
1752803122557 0.944731593132019 7849
1752803131551 1.2092949151992798 7899
1752803158462 1.1084421873092651 7949
1752803167436 1.0013335943222046 7999
1752803176446 0.9917104840278625 8049
1752803185430 1.1763803958892822 8099
1752803194449 0.8172326683998108 8149
1752803203485 0.8573081493377686 8199
1752803229514 1.175328016281128 8249
1752803238560 1.4047620296478271 8299
1752803247574 1.1858718395233154 8349
1752803256580 0.9200271368026733 8399
1752803265561 1.0123906135559082 8449
1752803292517 1.0018901824951172 8499
1752803301507 1.055915117263794 8549
1752803310494 1.4412028789520264 8599
1752803319487 0.9444162845611572 8649
1752803328464 0.951912522315979 8699
1752803337430 1.0215041637420654 8749
1752803363602 0.8263018131256104 8799
1752803372608 1.243863821029663 8849
1752803381615 0.9525063037872314 8899
1752803390609 1.0020474195480347 8949
1752803399608 1.3086638450622559 8999
1752803425725 1.2552437782287598 9049
1752803434721 0.840816855430603 9099
1752803443709 1.089663028717041 9149
1752803452712 1.1264456510543823 9199
1752803461699 1.1742708683013916 9249
1752803470679 0.9314695000648499 9299
1752803496758 1.4790668487548828 9349
1752803505768 0.8051776885986328 9399
1752803514755 0.9548078775405884 9449
1752803523770 1.0387043952941895 9499
1752803532771 0.8131887912750244 9549
1752803558839 0.8153961300849915 9599
1752803567854 1.098802089691162 9649
1752803576840 1.5600838661193848 9699
1752803585830 0.8631551265716553 9749
1752803594856 0.9843798875808716 9799
1752803603889 1.2366538047790527 9849
1752803630048 1.3535672426223755 9899
1752803639074 1.4020168781280518 9949
1752803648064 0.6105704307556152 9999
1752803657080 1.3714382648468018 10049
1752803666106 1.1342461109161377 10099
1752803692272 1.0309709310531616 10149
1752803701269 1.6399309635162354 10199
1752803710273 0.6830623149871826 10249
1752803719286 1.0101685523986816 10299
1752803728304 1.3415534496307373 10349
1752803737324 1.4876805543899536 10399
1752803763507 1.0588632822036743 10449
1752803772503 1.2269994020462036 10499
1752803781508 1.500844955444336 10549
1752803790510 0.8984388113021851 10599
1752803799500 1.2037142515182495 10649
1752803825476 1.4601306915283203 10699
1752803834487 1.1110848188400269 10749
1752803843505 1.1581275463104248 10799
1752803852501 1.2412400245666504 10849
1752803861533 1.1540288925170898 10899
1752803870553 1.1205989122390747 10949
1752803896617 1.1230988502502441 10999
1752803905647 1.2018637657165527 11049
1752803914637 1.1874217987060547 11099
1752803923651 1.0940334796905518 11149
1752803932628 1.2108087539672852 11199
1752803959680 1.1324028968811035 11249
1752803968665 1.1498582363128662 11299
1752803977700 1.2294892072677612 11349
1752803986699 1.3296637535095215 11399
1752803995706 1.2309706211090088 11449
1752804004704 1.3005709648132324 11499
1752804031642 1.1879279613494873 11549
1752804040651 0.9382500648498535 11599
1752804049645 1.2997987270355225 11649
1752804058629 1.1497372388839722 11699
1752804067633 1.0268632173538208 11749
1752804093809 1.5829514265060425 11799
1752804102795 1.4275729656219482 11849
1752804111800 1.155796766281128 11899
1752804120832 1.9841349124908447 11949
1752804129821 1.5090982913970947 11999
1752804138814 1.1845338344573975 12049
1752804164770 1.317331075668335 12099
1752804173780 1.5265564918518066 12149
1752804182764 1.352285385131836 12199
1752804191746 1.2836899757385254 12249
1752804200776 1.304233193397522 12299
1752804226686 1.3724381923675537 12349
1752804235713 1.480385184288025 12399
1752804244700 1.4724071025848389 12449
1752804253689 1.8100916147232056 12499
1752804262706 1.3593149185180664 12549
1752804271676 1.3824101686477661 12599
1752804297743 1.4628978967666626 12649
1752804306743 1.3602384328842163 12699
1752804315742 1.438579797744751 12749
1752804324718 1.529826045036316 12799
1752804333714 1.300466775894165 12849
1752804360841 1.2564173936843872 12899
1752804369842 1.1818172931671143 12949
1752804378845 1.237626075744629 12999
1752804387806 1.4879186153411865 13049
1752804396766 1.4790433645248413 13099
1752804405714 1.3166999816894531 13149
1752804431783 1.3198838233947754 13199
1752804440775 1.5059561729431152 13249
1752804449786 1.438023567199707 13299
1752804458776 1.6038289070129395 13349
1752804467752 1.2689454555511475 13399
1752804494524 1.6028354167938232 13449
1752804503502 1.7884721755981445 13499
1752804512512 1.412834882736206 13549
1752804521506 1.1418285369873047 13599
1752804530527 1.1618189811706543 13649
1752804539480 1.4183999300003052 13699
1752804566598 1.3880854845046997 13749
1752804575575 1.7319154739379883 13799
1752804584546 1.6808850765228271 13849
1752804593540 1.8845127820968628 13899
1752804602513 1.846588373184204 13949
1752804628502 1.3402281999588013 13999
1752804637494 1.8157471418380737 14049
1752804646471 1.9081248044967651 14099
1752804655466 1.6353095769882202 14149
1752804664476 1.3743518590927124 14199
1752804690392 1.4028773307800293 14249
1752804699373 1.2768118381500244 14299
1752804708364 1.3598190546035767 14349
1752804717360 1.2467858791351318 14399
1752804726358 1.435267686843872 14449
1752804735339 1.28448486328125 14499
1752804761630 1.3287103176116943 14549
1752804770610 1.3796422481536865 14599
1752804779597 1.9211505651474 14649
1752804788603 1.5457367897033691 14699
1752804797612 2.24100923538208 14749
1752804823605 1.9222620725631714 14799
1752804832598 1.3533313274383545 14849
1752804841555 1.6759710311889648 14899
1752804850531 1.8740899562835693 14949
1752804859527 1.567068099975586 14999
1752804868520 1.5170624256134033 15049
1752804894681 1.5864592790603638 15099
1752804903676 1.4409661293029785 15149
1752804912685 1.212300419807434 15199
1752804921665 1.2253046035766602 15249
1752804930651 1.6430418491363525 15299
1752804957657 1.67775297164917 15349
1752804966635 1.4393068552017212 15399
1752804975630 1.4484267234802246 15449
1752804984614 1.821506381034851 15499
1752804993581 1.452754259109497 15549
1752805002566 1.734840989112854 15599
1752805028680 1.518007516860962 15649
1752805037677 1.4589827060699463 15699
1752805046681 1.7414171695709229 15749
1752805055687 1.576004981994629 15799
1752805064703 1.7677667140960693 15849
1752805090719 1.5880647897720337 15899
1752805099697 1.4162623882293701 15949
1752805108665 1.5275508165359497 15999
1752805117670 1.571233868598938 16049
1752805126651 1.4566982984542847 16099
1752805135664 1.3959375619888306 16149
1752805161907 1.4989118576049805 16199
1752805170897 1.8289644718170166 16249
1752805179877 1.5338596105575562 16299
1752805188873 1.5455117225646973 16349
1752805197870 1.9958504438400269 16399
1752805224026 1.6283286809921265 16449
1752805233004 1.9540554285049438 16499
1752805241987 2.24245023727417 16549
1752805250972 1.7303588390350342 16599
1752805259973 1.8054924011230469 16649
1752805268960 1.696955680847168 16699
1752805294930 1.770195484161377 16749
1752805303937 1.6286885738372803 16799
1752805312912 1.5725905895233154 16849
1752805321887 1.7667222023010254 16899
1752805330903 1.6630427837371826 16949
1752805356805 1.5991464853286743 16999
1752805365761 1.7980375289916992 17049
1752805374739 1.6757285594940186 17099
1752805383762 1.4988638162612915 17149
1752805392746 1.6754848957061768 17199
1752805401747 1.727750539779663 17249
1752805427695 1.8035554885864258 17299
1752805436692 1.567596435546875 17349
1752805445673 1.6389168500900269 17399
1752805454683 1.5115633010864258 17449
1752805463676 1.646864652633667 17499
1752805490710 1.6975427865982056 17549
1752805499691 1.607496976852417 17599
1752805508677 1.76882004737854 17649
1752805517649 1.6318172216415405 17699
1752805526627 2.221353530883789 17749
1752805535647 1.742163896560669 17799
1752805561419 1.6359944343566895 17849
1752805570434 1.8058652877807617 17899
1752805579404 1.400019884109497 17949
1752805588373 1.6753036975860596 17999
1752805597365 1.7491734027862549 18049
1752805623553 1.3850219249725342 18099
1752805632565 2.180903434753418 18149
1752805641545 1.5236310958862305 18199
1752805650541 1.894775629043579 18249
1752805659534 1.597163438796997 18299
1752805668532 1.5682644844055176 18349
1752805694365 1.5759906768798828 18399
1752805703315 1.9545382261276245 18449
1752805712304 1.900299310684204 18499
1752805721292 2.34102201461792 18549
1752805730273 2.148251533508301 18599
1752805756326 2.3005688190460205 18649
1752805765323 1.7953367233276367 18699
1752805774299 1.8747797012329102 18749
1752805783304 1.698099136352539 18799
1752805792280 1.647392749786377 18849
1752805801298 1.7892259359359741 18899
1752805827314 1.6927521228790283 18949
1752805836305 1.6490142345428467 18999
1752805845313 1.7794339656829834 19049
1752805854288 1.8469680547714233 19099
1752805863286 1.7749512195587158 19149
1752805889116 1.9529625177383423 19199
1752805898114 2.070896625518799 19249
1752805907122 1.6178162097930908 19299
1752805916127 1.8241046667099 19349
1752805925100 1.3917300701141357 19399
1752805934092 2.2982258796691895 19449
1752805960709 2.101372718811035 19499
1752805969670 1.7373086214065552 19549
1752805978660 1.6782933473587036 19599
1752805987653 1.580714464187622 19649
1752805996676 1.8376057147979736 19699
1752806022698 1.8059718608856201 19749
1752806031690 1.811789870262146 19799
1752806040689 1.9943901300430298 19849
1752806049695 2.511958122253418 19899
1752806058704 1.6469652652740479 19949
1752806067631 2.094939708709717 19999
1752806093852 1.797305941581726 20049
1752806102854 1.8743574619293213 20099
1752806111867 1.6654915809631348 20149
1752806120854 1.5908974409103394 20199
1752806129835 1.8213000297546387 20249
1752806155902 1.5673813819885254 20299
1752806164915 1.6981101036071777 20349
1752806173919 1.8328282833099365 20399
1752806182888 1.692511796951294 20449
1752806191866 1.6428897380828857 20499
1752806200794 2.133765697479248 20549
1752806226884 1.8056294918060303 20599
1752806235884 2.1321468353271484 20649
1752806244883 1.7449772357940674 20699
1752806253876 1.6872565746307373 20749
1752806262898 1.7570853233337402 20799
1752806288831 1.7528266906738281 20849
1752806297830 1.6466290950775146 20899
1752806306802 2.19377064704895 20949
1752806315802 1.6235473155975342 20999
1752806324789 1.5349650382995605 21049
1752806350669 1.5969711542129517 21099
1752806359703 1.6222844123840332 21149
1752806368681 2.0427584648132324 21199
1752806377655 1.6178663969039917 21249
1752806386647 1.7571179866790771 21299
1752806395655 2.2473716735839844 21349
1752806422583 1.5671370029449463 21399
1752806431551 1.2547332048416138 21449
1752806440562 2.018535852432251 21499
1752806449571 1.7704012393951416 21549
1752806458578 2.01686429977417 21599
1752806484462 2.0804331302642822 21649
1752806493430 1.8531618118286133 21699
1752806502418 1.9589675664901733 21749
1752806511411 1.9035513401031494 21799
1752806520407 2.147531032562256 21849
1752806529415 1.6181882619857788 21899
1752806555587 1.8913464546203613 21949
1752806564571 1.8971027135849 21999
1752806573559 2.1163315773010254 22049
1752806582564 2.0683434009552 22099
1752806591562 1.7128430604934692 22149
1752806617482 1.7160437107086182 22199
1752806626459 1.5091850757598877 22249
1752806635448 2.034851551055908 22299
1752806644436 2.0775699615478516 22349
1752806653436 1.9884059429168701 22399
1752806662413 1.8943243026733398 22449
1752806688621 1.921943187713623 22499
1752806697600 1.771784782409668 22549
1752806706614 1.944189429283142 22599
1752806715623 1.7887012958526611 22649
1752806724631 1.9733914136886597 22699
1752806750503 2.2976582050323486 22749
1752806759493 2.055718421936035 22799
1752806768477 1.940556526184082 22849
1752806777475 1.8346714973449707 22899
1752806786480 2.0470356941223145 22949
1752806795480 1.5502526760101318 22999
1752806821438 2.226078510284424 23049
1752806830434 1.6147046089172363 23099
1752806839416 1.8710453510284424 23149
1752806848391 1.9259706735610962 23199
1752806857374 1.5892021656036377 23249
1752806883506 2.001793622970581 23299
1752806892481 1.7408158779144287 23349
1752806901449 2.092439889907837 23399
1752806910447 1.8900281190872192 23449
1752806919450 2.0652761459350586 23499
1752806928428 1.8771083354949951 23549
1752806954538 1.7730718851089478 23599
1752806963584 1.7218040227890015 23649
1752806972596 2.2057576179504395 23699
1752806981605 1.784595012664795 23749
1752806990610 2.1216557025909424 23799
1752807016813 1.9319088459014893 23849
1752807025791 2.0074894428253174 23899
1752807034770 1.8565647602081299 23949
1752807043781 1.770301342010498 23999
1752807052812 1.8195916414260864 24049
1752807061825 1.699428677558899 24099
1752807088339 1.6789522171020508 24149
1752807097336 1.8231050968170166 24199
1752807106325 1.9517364501953125 24249
1752807115345 1.9166781902313232 24299
1752807124344 1.874150037765503 24349
1752807150407 1.8810749053955078 24399
1752807159391 1.9806797504425049 24449
1752807168398 2.182649612426758 24499
1752807177385 2.1423392295837402 24549
1752807186383 2.4484877586364746 24599
1752807195370 2.001159191131592 24649
1752807221535 1.728005051612854 24699
1752807230533 1.6254172325134277 24749
1752807239518 1.9653971195220947 24799
1752807248518 2.0517616271972656 24849
1752807257536 2.0129141807556152 24899
1752807283608 2.075829029083252 24949
1752807292594 1.7867796421051025 24999
1752807301585 1.7842113971710205 25049
1752807310589 1.7733569145202637 25099
1752807319588 1.9318431615829468 25149
1752807328563 1.940903663635254 25199
1752807354819 1.4193124771118164 25249
1752807363808 1.8130598068237305 25299
1752807372797 2.0312931537628174 25349
1752807381802 1.882916808128357 25399
1752807390782 1.7590160369873047 25449
1752807416610 1.9117848873138428 25499
1752807425611 1.736815333366394 25549
1752807434606 1.6362553834915161 25599
1752807443597 2.278144598007202 25649
1752807452578 1.9175492525100708 25699
1752807461530 1.6394832134246826 25749
1752807487680 1.5600444078445435 25799
1752807496648 2.0722899436950684 25849
1752807505628 1.8432896137237549 25899
1752807514611 2.198927879333496 25949
1752807523589 1.8785791397094727 25999
1752807549688 2.3983192443847656 26049
1752807558672 1.785660743713379 26099
1752807567662 1.9577378034591675 26149
1752807576663 1.9929672479629517 26199
1752807585658 1.9319343566894531 26249
1752807594612 1.9507651329040527 26299
1752807620578 2.0075972080230713 26349
1752807629554 2.0043985843658447 26399
1752807638541 1.764814853668213 26449
1752807647529 2.330381393432617 26499
1752807656534 2.2911181449890137 26549
1752807682789 1.750363826751709 26599
1752807691774 1.9477736949920654 26649
1752807700755 1.7838187217712402 26699
1752807709740 2.170517921447754 26749
1752807718727 1.9130690097808838 26799
1752807727686 2.283486843109131 26849
1752807753885 2.0277652740478516 26899
1752807762868 2.3113272190093994 26949
1752807771870 1.6153329610824585 26999
1752807780864 1.9029818773269653 27049
1752807789846 1.6674662828445435 27099
1752807816812 2.0213804244995117 27149
1752807825799 2.0518722534179688 27199
1752807834770 2.097792625427246 27249
1752807843778 2.464111804962158 27299
1752807852745 2.0627944469451904 27349
1752807861669 2.4095911979675293 27399
