1752801228324 246.73402404785156 49
1752801237217 217.62796020507812 99
1752801246122 190.70530700683594 149
1752801255051 165.02708435058594 199
1752801264009 138.5615234375 249
1752801290813 114.04025268554688 299
1752801299754 92.81768798828125 349
1752801308692 75.26810455322266 399
1752801317640 61.68768310546875 449
1752801326610 50.2796630859375 499
1752801353325 42.69397735595703 549
1752801362318 37.36369323730469 599
1752801371270 33.8477783203125 649
1752801380246 31.208166122436523 699
1752801389231 29.08512306213379 749
1752801398227 27.972789764404297 799
1752801425045 26.774402618408203 849
1752801433993 25.80837059020996 899
1752801442978 25.273273468017578 949
1752801451921 24.67090606689453 999
1752801460925 24.618497848510742 1049
1752801487718 24.233041763305664 1099
1752801496687 24.1724853515625 1149
1752801505645 24.0484619140625 1199
1752801514650 23.601499557495117 1249
1752801523653 23.52042007446289 1299
1752801532657 23.63116455078125 1349
1752801559066 23.389141082763672 1399
1752801568025 22.94846534729004 1449
1752801577012 22.928359985351562 1499
1752801585991 23.063230514526367 1549
1752801594967 22.86625862121582 1599
1752801621967 22.844032287597656 1649
1752801630948 22.666175842285156 1699
1752801639926 22.786231994628906 1749
1752801648929 22.632261276245117 1799
1752801657906 22.456905364990234 1849
1752801666906 22.248193740844727 1899
1752801693777 22.386484146118164 1949
1752801702775 22.731929779052734 1999
1752801711766 22.34954071044922 2049
1752801720762 22.24091148376465 2099
1752801729743 22.263675689697266 2149
1752801756468 22.24509048461914 2199
1752801765443 22.023326873779297 2249
1752801774403 21.579851150512695 2299
1752801783406 22.014293670654297 2349
1752801792400 22.029186248779297 2399
1752801801397 21.612863540649414 2449
1752801827406 21.60508155822754 2499
1752801836371 21.503639221191406 2549
1752801845365 21.450082778930664 2599
1752801854361 21.734371185302734 2649
1752801863361 21.535146713256836 2699
1752801889313 21.516719818115234 2749
1752801898289 21.401878356933594 2799
1752801907300 21.850048065185547 2849
1752801916302 21.56500244140625 2899
1752801925276 21.385507583618164 2949
1752801934264 21.516632080078125 2999
1752801961196 21.558799743652344 3049
1752801970181 21.31071662902832 3099
1752801979180 21.2512149810791 3149
1752801988176 21.087495803833008 3199
1752801997160 21.166759490966797 3249
1752802024001 21.428747177124023 3299
1752802032979 21.28923797607422 3349
1752802041972 21.165735244750977 3399
1752802050953 21.31970977783203 3449
1752802059953 21.23118782043457 3499
1752802068949 21.131614685058594 3549
1752802095046 21.298967361450195 3599
1752802104013 21.038999557495117 3649
1752802113017 21.076791763305664 3699
1752802122023 20.89638900756836 3749
1752802131027 20.994489669799805 3799
1752802157995 20.748092651367188 3849
1752802166992 20.96356964111328 3899
1752802175981 21.119321823120117 3949
1752802184982 21.115999221801758 3999
1752802193977 21.238632202148438 4049
1752802202965 21.00003433227539 4099
1752802229006 20.878047943115234 4149
1752802238011 21.105079650878906 4199
1752802246995 20.9427547454834 4249
1752802255997 21.089038848876953 4299
1752802264979 20.968002319335938 4349
1752802292035 21.067228317260742 4399
1752802301013 21.036090850830078 4449
1752802309989 20.841676712036133 4499
1752802319006 20.48396110534668 4549
1752802328007 21.136056900024414 4599
1752802337022 20.86859703063965 4649
1752802362973 20.601085662841797 4699
1752802371953 21.081571578979492 4749
1752802380925 20.518085479736328 4799
1752802389910 20.763383865356445 4849
1752802398892 20.987478256225586 4899
1752802426051 20.76722526550293 4949
1752802435040 20.925861358642578 4999
1752802444053 21.011322021484375 5049
1752802453065 20.794124603271484 5099
1752802462092 21.0167179107666 5149
1752802471073 20.493619918823242 5199
1752802497008 20.86652374267578 5249
1752802506020 20.5440731048584 5299
1752802515009 20.795635223388672 5349
1752802523995 20.904855728149414 5399
1752802532997 20.669607162475586 5449
1752802558937 20.903255462646484 5499
1752802567938 20.45916175842285 5549
1752802577074 20.644168853759766 5599
1752802586064 20.4929256439209 5649
1752802595104 20.534591674804688 5699
1752802604065 20.44629669189453 5749
1752802630398 20.504005432128906 5799
1752802639382 20.6015567779541 5849
1752802648401 20.52875518798828 5899
1752802657407 20.657207489013672 5949
1752802666416 20.532434463500977 5999
1752802693640 20.352352142333984 6049
1752802702643 20.53856658935547 6099
1752802711646 20.38518714904785 6149
1752802720643 21.07511329650879 6199
1752802729630 20.74077606201172 6249
1752802738572 20.4023494720459 6299
1752802765583 20.426803588867188 6349
1752802774547 20.720027923583984 6399
1752802783543 20.280664443969727 6449
1752802792533 20.84606170654297 6499
1752802801537 20.48676109313965 6549
1752802828472 20.445417404174805 6599
1752802837456 20.326560974121094 6649
1752802846442 20.579551696777344 6699
1752802855444 20.212265014648438 6749
1752802864443 20.53403663635254 6799
1752802873360 20.370615005493164 6849
1752802900374 20.491426467895508 6899
1752802909374 20.267913818359375 6949
1752802918398 20.341541290283203 6999
1752802927377 20.344425201416016 7049
1752802936371 20.36150360107422 7099
1752802962546 20.714481353759766 7149
1752802971570 20.696386337280273 7199
1752802980591 20.593006134033203 7249
1752802989573 20.49890899658203 7299
1752802998549 20.796567916870117 7349
1752803024753 20.288070678710938 7399
1752803033747 20.552001953125 7449
1752803042740 20.25644302368164 7499
1752803051747 20.608076095581055 7549
1752803060741 20.45292854309082 7599
1752803069740 20.006006240844727 7649
1752803095586 20.490840911865234 7699
1752803104552 20.31804084777832 7749
1752803113559 20.663692474365234 7799
1752803122557 20.14208221435547 7849
1752803131551 20.254987716674805 7899
1752803158462 20.33184051513672 7949
1752803167436 20.55027961730957 7999
1752803176446 20.292865753173828 8049
1752803185430 20.017234802246094 8099
1752803194449 20.171857833862305 8149
1752803203485 20.433555603027344 8199
1752803229514 20.152812957763672 8249
1752803238560 20.388042449951172 8299
1752803247574 20.280502319335938 8349
1752803256580 20.36252784729004 8399
1752803265561 19.981460571289062 8449
1752803292517 20.184436798095703 8499
1752803301507 20.291749954223633 8549
1752803310494 20.29574203491211 8599
1752803319487 20.29048728942871 8649
1752803328464 20.03132438659668 8699
1752803337430 20.424068450927734 8749
1752803363602 20.15289306640625 8799
1752803372608 19.965911865234375 8849
1752803381615 20.03227996826172 8899
1752803390609 20.481002807617188 8949
1752803399608 19.741239547729492 8999
1752803425725 20.303911209106445 9049
1752803434721 20.172657012939453 9099
1752803443709 20.176013946533203 9149
1752803452712 20.082971572875977 9199
1752803461699 19.820472717285156 9249
1752803470679 19.88348388671875 9299
1752803496758 19.852684020996094 9349
1752803505768 20.219877243041992 9399
1752803514755 20.249176025390625 9449
1752803523770 20.08225440979004 9499
1752803532771 20.030975341796875 9549
1752803558839 20.278369903564453 9599
1752803567854 20.13043212890625 9649
1752803576840 19.846473693847656 9699
1752803585830 20.025880813598633 9749
1752803594856 19.782936096191406 9799
1752803603889 19.703779220581055 9849
1752803630048 19.83833122253418 9899
1752803639074 19.695873260498047 9949
1752803648064 19.53656768798828 9999
1752803657080 19.53992462158203 10049
1752803666106 19.53879737854004 10099
1752803692272 19.645689010620117 10149
1752803701269 19.507339477539062 10199
1752803710273 19.704023361206055 10249
1752803719286 19.54340362548828 10299
1752803728304 19.53602409362793 10349
1752803737324 19.734712600708008 10399
1752803763507 20.038955688476562 10449
1752803772503 19.857826232910156 10499
1752803781508 19.60391616821289 10549
1752803790510 19.654863357543945 10599
1752803799500 19.610010147094727 10649
1752803825476 19.166763305664062 10699
1752803834487 19.543411254882812 10749
1752803843505 19.363506317138672 10799
1752803852501 19.29092025756836 10849
1752803861533 19.352392196655273 10899
1752803870553 19.487619400024414 10949
1752803896617 19.328523635864258 10999
1752803905647 19.18405532836914 11049
1752803914637 19.27071189880371 11099
1752803923651 19.10320281982422 11149
1752803932628 19.420612335205078 11199
1752803959680 19.088993072509766 11249
1752803968665 19.39950180053711 11299
1752803977700 19.322906494140625 11349
1752803986699 19.191884994506836 11399
1752803995706 19.1779727935791 11449
1752804004704 19.47504425048828 11499
1752804031642 19.08405303955078 11549
1752804040651 19.32809829711914 11599
1752804049645 19.224824905395508 11649
1752804058629 19.100496292114258 11699
1752804067633 19.247343063354492 11749
1752804093809 19.04948616027832 11799
1752804102795 19.037450790405273 11849
1752804111800 19.395042419433594 11899
1752804120832 18.928287506103516 11949
1752804129821 19.21084976196289 11999
1752804138814 18.974895477294922 12049
1752804164770 19.37142562866211 12099
1752804173780 19.051029205322266 12149
1752804182764 19.015024185180664 12199
1752804191746 18.99403190612793 12249
1752804200776 18.833545684814453 12299
1752804226686 19.016315460205078 12349
1752804235713 18.935361862182617 12399
1752804244700 19.060564041137695 12449
1752804253689 19.269542694091797 12499
1752804262706 18.835121154785156 12549
1752804271676 19.126575469970703 12599
1752804297743 18.70281410217285 12649
1752804306743 18.84844398498535 12699
1752804315742 19.0794734954834 12749
1752804324718 18.801769256591797 12799
1752804333714 19.02562141418457 12849
1752804360841 18.99181365966797 12899
1752804369842 18.998443603515625 12949
1752804378845 19.124738693237305 12999
1752804387806 19.337228775024414 13049
1752804396766 18.955554962158203 13099
1752804405714 19.11492156982422 13149
1752804431783 19.009262084960938 13199
1752804440775 18.95282554626465 13249
1752804449786 18.970352172851562 13299
1752804458776 19.05827522277832 13349
1752804467752 18.959232330322266 13399
1752804494524 19.17570686340332 13449
1752804503502 19.067546844482422 13499
1752804512512 19.179258346557617 13549
1752804521506 18.950695037841797 13599
1752804530527 18.77679443359375 13649
1752804539480 18.945697784423828 13699
1752804566598 18.82532501220703 13749
1752804575575 18.979251861572266 13799
1752804584546 18.808944702148438 13849
1752804593540 19.020559310913086 13899
1752804602513 18.524084091186523 13949
1752804628502 19.377197265625 13999
1752804637494 19.078636169433594 14049
1752804646471 19.075363159179688 14099
1752804655466 18.76357650756836 14149
1752804664476 19.149036407470703 14199
1752804690392 19.0797119140625 14249
1752804699373 18.879980087280273 14299
1752804708364 18.687973022460938 14349
1752804717360 18.9497013092041 14399
1752804726358 19.098464965820312 14449
1752804735339 19.038238525390625 14499
1752804761630 18.947660446166992 14549
1752804770610 18.776533126831055 14599
1752804779597 19.076141357421875 14649
1752804788603 18.829984664916992 14699
1752804797612 18.859371185302734 14749
1752804823605 19.128339767456055 14799
1752804832598 19.03919219970703 14849
1752804841555 18.941728591918945 14899
1752804850531 18.794078826904297 14949
1752804859527 18.922195434570312 14999
1752804868520 18.819826126098633 15049
1752804894681 18.861303329467773 15099
1752804903676 18.84267807006836 15149
1752804912685 19.149023056030273 15199
1752804921665 18.963687896728516 15249
1752804930651 18.84596061706543 15299
1752804957657 18.961727142333984 15349
1752804966635 18.739620208740234 15399
1752804975630 18.868797302246094 15449
1752804984614 19.04998207092285 15499
1752804993581 18.842599868774414 15549
1752805002566 18.770105361938477 15599
1752805028680 19.083663940429688 15649
1752805037677 18.923892974853516 15699
1752805046681 18.86941146850586 15749
1752805055687 18.9637451171875 15799
1752805064703 18.684207916259766 15849
1752805090719 18.671886444091797 15899
1752805099697 18.83439826965332 15949
1752805108665 19.01456069946289 15999
1752805117670 18.694482803344727 16049
1752805126651 19.11774444580078 16099
1752805135664 19.146499633789062 16149
1752805161907 18.92576026916504 16199
1752805170897 19.102266311645508 16249
1752805179877 18.834531784057617 16299
1752805188873 18.82025718688965 16349
1752805197870 18.894752502441406 16399
1752805224026 18.756925582885742 16449
1752805233004 18.783950805664062 16499
1752805241987 19.04684066772461 16549
1752805250972 18.920032501220703 16599
1752805259973 18.98013687133789 16649
1752805268960 19.17396354675293 16699
1752805294930 18.72709846496582 16749
1752805303937 18.94721794128418 16799
1752805312912 18.78693962097168 16849
1752805321887 19.19369888305664 16899
1752805330903 18.820615768432617 16949
1752805356805 19.006168365478516 16999
1752805365761 18.797592163085938 17049
1752805374739 19.043474197387695 17099
1752805383762 19.04928207397461 17149
1752805392746 18.923072814941406 17199
1752805401747 18.556472778320312 17249
1752805427695 18.767606735229492 17299
1752805436692 18.85502815246582 17349
1752805445673 18.47478485107422 17399
1752805454683 18.93168830871582 17449
1752805463676 19.30607032775879 17499
1752805490710 18.927387237548828 17549
1752805499691 18.921133041381836 17599
1752805508677 18.842910766601562 17649
1752805517649 18.751628875732422 17699
1752805526627 19.04207420349121 17749
1752805535647 18.690845489501953 17799
1752805561419 18.990690231323242 17849
1752805570434 18.863557815551758 17899
1752805579404 19.097951889038086 17949
1752805588373 18.774686813354492 17999
1752805597365 18.763757705688477 18049
1752805623553 18.85564613342285 18099
1752805632565 19.011056900024414 18149
1752805641545 19.035741806030273 18199
1752805650541 18.71475601196289 18249
1752805659534 18.968284606933594 18299
1752805668532 19.10239028930664 18349
1752805694365 19.100658416748047 18399
1752805703315 19.145174026489258 18449
1752805712304 19.06575584411621 18499
1752805721292 18.95838737487793 18549
1752805730273 18.817493438720703 18599
1752805756326 18.648672103881836 18649
1752805765323 18.701618194580078 18699
1752805774299 18.579456329345703 18749
1752805783304 19.059011459350586 18799
1752805792280 19.00950050354004 18849
1752805801298 18.723651885986328 18899
1752805827314 18.863527297973633 18949
1752805836305 18.80706787109375 18999
1752805845313 18.68451499938965 19049
1752805854288 18.629074096679688 19099
1752805863286 18.91802406311035 19149
1752805889116 18.76215362548828 19199
1752805898114 18.69135093688965 19249
1752805907122 18.911413192749023 19299
1752805916127 18.8616886138916 19349
1752805925100 18.62540626525879 19399
1752805934092 18.945444107055664 19449
1752805960709 18.809005737304688 19499
1752805969670 18.995180130004883 19549
1752805978660 19.03801727294922 19599
1752805987653 19.101951599121094 19649
1752805996676 18.781084060668945 19699
1752806022698 19.24170684814453 19749
1752806031690 18.90055274963379 19799
1752806040689 18.99165153503418 19849
1752806049695 19.085533142089844 19899
1752806058704 19.115171432495117 19949
1752806067631 18.882991790771484 19999
1752806093852 19.13068389892578 20049
1752806102854 18.8475284576416 20099
1752806111867 18.781465530395508 20149
1752806120854 19.10315704345703 20199
1752806129835 18.941753387451172 20249
1752806155902 18.824420928955078 20299
1752806164915 18.720476150512695 20349
1752806173919 18.749103546142578 20399
1752806182888 19.22510528564453 20449
1752806191866 18.6897029876709 20499
1752806200794 18.842039108276367 20549
1752806226884 18.71100616455078 20599
1752806235884 19.13619041442871 20649
1752806244883 19.01938819885254 20699
1752806253876 18.934173583984375 20749
1752806262898 19.16883087158203 20799
1752806288831 18.983570098876953 20849
1752806297830 18.60064125061035 20899
1752806306802 18.909557342529297 20949
1752806315802 19.007497787475586 20999
1752806324789 18.788318634033203 21049
1752806350669 19.002748489379883 21099
1752806359703 19.211530685424805 21149
1752806368681 19.100767135620117 21199
1752806377655 18.63835334777832 21249
1752806386647 19.24418830871582 21299
1752806395655 18.91504669189453 21349
1752806422583 18.755373001098633 21399
1752806431551 19.08302116394043 21449
1752806440562 19.013423919677734 21499
1752806449571 18.87163734436035 21549
1752806458578 19.08188819885254 21599
1752806484462 19.159210205078125 21649
1752806493430 18.77045440673828 21699
1752806502418 19.04630470275879 21749
1752806511411 18.6857852935791 21799
1752806520407 18.78853988647461 21849
1752806529415 18.693130493164062 21899
1752806555587 19.34128761291504 21949
1752806564571 18.807544708251953 21999
1752806573559 18.9655704498291 22049
1752806582564 18.832599639892578 22099
1752806591562 18.779613494873047 22149
1752806617482 19.009002685546875 22199
1752806626459 19.11741828918457 22249
1752806635448 18.904098510742188 22299
1752806644436 18.767013549804688 22349
1752806653436 18.940229415893555 22399
1752806662413 18.581317901611328 22449
1752806688621 19.363750457763672 22499
1752806697600 19.045494079589844 22549
1752806706614 18.763355255126953 22599
1752806715623 18.919313430786133 22649
1752806724631 18.983354568481445 22699
1752806750503 19.09906005859375 22749
1752806759493 18.769596099853516 22799
1752806768477 18.710153579711914 22849
1752806777475 18.813297271728516 22899
1752806786480 18.970260620117188 22949
1752806795480 19.027727127075195 22999
1752806821438 19.088459014892578 23049
1752806830434 18.670429229736328 23099
1752806839416 19.003612518310547 23149
1752806848391 18.76972198486328 23199
1752806857374 18.92639923095703 23249
1752806883506 18.838245391845703 23299
1752806892481 18.663406372070312 23349
1752806901449 18.92440414428711 23399
1752806910447 18.942461013793945 23449
1752806919450 18.834308624267578 23499
1752806928428 18.87257957458496 23549
1752806954538 19.077484130859375 23599
1752806963584 18.860153198242188 23649
1752806972596 18.786558151245117 23699
1752806981605 18.762794494628906 23749
1752806990610 19.505220413208008 23799
1752807016813 19.21991729736328 23849
1752807025791 19.049560546875 23899
1752807034770 18.852073669433594 23949
1752807043781 18.858226776123047 23999
1752807052812 18.934345245361328 24049
1752807061825 18.930007934570312 24099
1752807088339 19.084686279296875 24149
1752807097336 18.881816864013672 24199
1752807106325 19.041797637939453 24249
1752807115345 18.984790802001953 24299
1752807124344 19.177621841430664 24349
1752807150407 18.78618621826172 24399
1752807159391 18.94692611694336 24449
1752807168398 18.810710906982422 24499
1752807177385 18.77894401550293 24549
1752807186383 18.84752655029297 24599
1752807195370 18.880687713623047 24649
1752807221535 19.025005340576172 24699
1752807230533 18.975357055664062 24749
1752807239518 19.153636932373047 24799
1752807248518 18.903614044189453 24849
1752807257536 18.584957122802734 24899
1752807283608 19.34025764465332 24949
1752807292594 19.14771270751953 24999
1752807301585 18.841615676879883 25049
1752807310589 18.733680725097656 25099
1752807319588 18.92494773864746 25149
1752807328563 18.98517417907715 25199
1752807354819 19.012184143066406 25249
1752807363808 18.909339904785156 25299
1752807372797 18.99654769897461 25349
1752807381802 19.100391387939453 25399
1752807390782 18.861547470092773 25449
1752807416610 19.184093475341797 25499
1752807425611 18.665678024291992 25549
1752807434606 19.148433685302734 25599
1752807443597 18.93312644958496 25649
1752807452578 18.69898223876953 25699
1752807461530 18.72887420654297 25749
1752807487680 19.19451904296875 25799
1752807496648 18.75572967529297 25849
1752807505628 18.881946563720703 25899
1752807514611 18.827579498291016 25949
1752807523589 18.984949111938477 25999
1752807549688 18.69549560546875 26049
1752807558672 19.002607345581055 26099
1752807567662 18.986360549926758 26149
1752807576663 19.18240737915039 26199
1752807585658 18.60598373413086 26249
1752807594612 19.123178482055664 26299
1752807620578 18.921558380126953 26349
1752807629554 18.94797134399414 26399
1752807638541 19.131011962890625 26449
1752807647529 18.93830680847168 26499
1752807656534 18.63241195678711 26549
1752807682789 19.031084060668945 26599
1752807691774 18.96598243713379 26649
1752807700755 19.04576301574707 26699
1752807709740 18.71156883239746 26749
1752807718727 19.05432891845703 26799
1752807727686 19.25652503967285 26849
1752807753885 19.08087921142578 26899
1752807762868 18.917171478271484 26949
1752807771870 18.887371063232422 26999
1752807780864 19.012855529785156 27049
1752807789846 18.96220588684082 27099
1752807816812 18.976709365844727 27149
1752807825799 18.817270278930664 27199
1752807834770 19.011215209960938 27249
1752807843778 18.99603271484375 27299
1752807852745 18.837141036987305 27349
1752807861669 18.78645896911621 27399
