1752801285182 16.007631301879883 273
1752801352069 6.330174922943115 547
1752801419083 5.233484268188477 821
1752801486019 4.4522576332092285 1095
1752801552249 4.373257637023926 1369
1752801619919 4.148917198181152 1643
1752801687022 3.9065053462982178 1917
1752801754108 3.8231632709503174 2191
1752801820329 3.7315282821655273 2465
1752801886596 3.803799629211426 2739
1752801953767 3.6492700576782227 3013
1752802020854 3.4816670417785645 3287
1752802087289 3.498577833175659 3561
1752802154537 3.444748878479004 3835
1752802220918 3.498537063598633 4109
1752802288233 3.349971294403076 4383
1752802354518 3.5494842529296875 4657
1752802421864 3.392703056335449 4931
1752802488171 3.2936034202575684 5205
1752802554400 3.3982973098754883 5479
1752802621151 3.3957223892211914 5753
1752802688761 3.344801187515259 6027
1752802755965 3.2741758823394775 6301
1752802823165 3.1817257404327393 6575
1752802890499 3.2737913131713867 6849
1752802956870 3.2750306129455566 7123
1752803023494 3.217252492904663 7397
1752803089610 3.2269043922424316 7671
1752803156796 3.217858076095581 7945
1752803223123 3.1975345611572266 8219
1752803290487 3.0913965702056885 8493
1752803356952 3.2010934352874756 8767
1752803423340 3.150613307952881 9041
1752803489706 3.1079208850860596 9315
1752803556048 3.067474842071533 9589
1752803622602 3.18672513961792 9863
1752803689147 3.1295626163482666 10137
1752803755732 3.005582094192505 10411
1752803821986 3.197575569152832 10685
1752803888471 3.013382911682129 10959
1752803955829 3.052156686782837 11233
1752804023199 2.9421486854553223 11507
1752804089611 3.095583200454712 11781
1752804155947 2.99448823928833 12055
1752804222130 3.1053738594055176 12329
1752804288558 3.0297577381134033 12603
1752804355934 3.0999042987823486 12877
1752804422211 3.031151533126831 13151
1752804489275 3.039172887802124 13425
1752804556669 3.097846746444702 13699
1752804622899 3.0363221168518066 13973
1752804689114 3.055171489715576 14247
1752804755600 2.9813921451568604 14521
1752804821913 2.971010684967041 14795
1752804888356 2.9407496452331543 15069
1752804955592 2.898094654083252 15343
1752805021966 2.897429943084717 15617
1752805088352 2.920347213745117 15891
1752805154835 2.867302894592285 16165
1752805221264 2.9905827045440674 16439
1752805287508 2.960798501968384 16713
1752805353692 2.8938887119293213 16987
1752805419922 2.9477767944335938 17261
1752805487319 2.9255526065826416 17535
1752805553358 2.9029252529144287 17809
1752805619786 2.9599087238311768 18083
1752805685856 2.8483521938323975 18357
1752805752153 2.907573938369751 18631
1752805818520 2.9735605716705322 18905
1752805884594 2.8755593299865723 19179
1752805951125 2.9045629501342773 19453
1752806017785 2.8840160369873047 19727
1752806084260 2.906777858734131 20001
1752806150640 2.8511946201324463 20275
1752806216952 2.809237241744995 20549
1752806283255 2.8632075786590576 20823
1752806349463 2.805321455001831 21097
1752806416629 2.946436643600464 21371
1752806482810 2.8329825401306152 21645
1752806549193 2.89306640625 21919
1752806615498 2.9025590419769287 22193
1752806681878 3.0125961303710938 22467
1752806748133 2.79314923286438 22741
1752806814383 2.847996234893799 23015
1752806880777 2.8006088733673096 23289
1752806946953 2.8453032970428467 23563
1752807013725 2.841841220855713 23837
1752807080595 2.7671453952789307 24111
1752807146979 2.822319269180298 24385
1752807213403 2.923692226409912 24659
1752807279781 2.737748861312866 24933
1752807346333 2.765845537185669 25207
1752807412474 2.7626969814300537 25481
1752807478798 2.9640374183654785 25755
1752807545167 2.79404878616333 26029
1752807611363 2.798753499984741 26303
1752807677861 2.7941458225250244 26577
1752807744273 2.749579668045044 26851
1752807811530 2.8595130443573 27125
1752807877747 2.8125975131988525 27399
