1752801228324 18.17093276977539 49
1752801237217 20.65160369873047 99
1752801246122 3.12929630279541 149
1752801255051 3.910938024520874 199
1752801264009 3.4494950771331787 249
1752801290813 2.817870616912842 299
1752801299754 1.7948050498962402 349
1752801308692 3.8349454402923584 399
1752801317640 2.1041650772094727 449
1752801326610 4.715816020965576 499
1752801353325 3.3630266189575195 549
1752801362318 2.550888776779175 599
1752801371270 1.8982406854629517 649
1752801380246 3.5138099193573 699
1752801389231 2.1463582515716553 749
1752801398227 1.267274022102356 799
1752801425045 1.317534327507019 849
1752801433993 2.0323641300201416 899
1752801442978 1.4120066165924072 949
1752801451921 3.7477924823760986 999
1752801460925 1.0220937728881836 1049
1752801487718 2.8278026580810547 1099
1752801496687 1.3450391292572021 1149
1752801505645 3.824068784713745 1199
1752801514650 3.057166814804077 1249
1752801523653 2.0649619102478027 1299
1752801532657 2.4619498252868652 1349
1752801559066 2.774792432785034 1399
1752801568025 1.3690531253814697 1449
1752801577012 2.949578046798706 1499
1752801585991 2.1498239040374756 1549
1752801594967 1.2693512439727783 1599
1752801621967 1.6734721660614014 1649
1752801630948 1.696434497833252 1699
1752801639926 1.6401753425598145 1749
1752801648929 1.3658573627471924 1799
1752801657906 2.808290719985962 1849
1752801666906 2.6057045459747314 1899
1752801693777 3.3588695526123047 1949
1752801702775 1.9572350978851318 1999
1752801711766 2.3652188777923584 2049
1752801720762 1.1748636960983276 2099
1752801729743 2.3993113040924072 2149
1752801756468 1.5174534320831299 2199
1752801765443 2.609060287475586 2249
1752801774403 1.5186234712600708 2299
1752801783406 1.9909873008728027 2349
1752801792400 3.2478480339050293 2399
1752801801397 3.6315879821777344 2449
1752801827406 0.4721134901046753 2499
1752801836371 1.5449934005737305 2549
1752801845365 1.7352393865585327 2599
1752801854361 2.6986007690429688 2649
1752801863361 1.9448758363723755 2699
1752801889313 2.7172834873199463 2749
1752801898289 1.2547038793563843 2799
1752801907300 3.5092904567718506 2849
1752801916302 1.6614811420440674 2899
1752801925276 1.487967848777771 2949
1752801934264 1.8453357219696045 2999
1752801961196 1.0683735609054565 3049
1752801970181 3.5589096546173096 3099
1752801979180 1.8883522748947144 3149
1752801988176 1.0560282468795776 3199
1752801997160 2.1255574226379395 3249
1752802024001 3.38248610496521 3299
1752802032979 0.9256631731987 3349
1752802041972 1.621730089187622 3399
1752802050953 2.955613851547241 3449
1752802059953 1.555993676185608 3499
1752802068949 1.2045516967773438 3549
1752802095046 1.1710073947906494 3599
1752802104013 2.4145493507385254 3649
1752802113017 2.475074052810669 3699
1752802122023 1.6619579792022705 3749
1752802131027 1.3577853441238403 3799
1752802157995 1.9839086532592773 3849
1752802166992 2.307368278503418 3899
1752802175981 1.186387538909912 3949
1752802184982 1.0735238790512085 3999
1752802193977 1.7491793632507324 4049
1752802202965 1.1444597244262695 4099
1752802229006 2.2340452671051025 4149
1752802238011 2.923548698425293 4199
1752802246995 1.2168382406234741 4249
1752802255997 1.1636452674865723 4299
1752802264979 2.2013745307922363 4349
1752802292035 2.5787508487701416 4399
1752802301013 1.3297704458236694 4449
1752802309989 1.1332502365112305 4499
1752802319006 4.007259845733643 4549
1752802328007 0.4156317114830017 4599
1752802337022 2.551478624343872 4649
1752802362973 2.857614040374756 4699
1752802371953 1.5740773677825928 4749
1752802380925 2.4321322441101074 4799
1752802389910 1.272679090499878 4849
1752802398892 2.238041400909424 4899
1752802426051 1.0209743976593018 4949
1752802435040 1.7492966651916504 4999
1752802444053 0.5417348742485046 5049
1752802453065 1.5271413326263428 5099
1752802462092 2.8585753440856934 5149
1752802471073 1.2304151058197021 5199
1752802497008 1.874529480934143 5249
1752802506020 0.9461259841918945 5299
1752802515009 2.3830018043518066 5349
1752802523995 2.852112293243408 5399
1752802532997 2.0696775913238525 5449
1752802558937 1.6056526899337769 5499
1752802567938 2.338667392730713 5549
1752802577074 1.27853262424469 5599
1752802586064 0.9972047805786133 5649
1752802595104 2.239442825317383 5699
1752802604065 1.8688241243362427 5749
1752802630398 1.011466145515442 5799
1752802639382 3.8711845874786377 5849
1752802648401 1.7632243633270264 5899
1752802657407 2.663001775741577 5949
1752802666416 1.4974020719528198 5999
1752802693640 1.2355366945266724 6049
1752802702643 0.649639904499054 6099
1752802711646 2.5212368965148926 6149
1752802720643 2.256985664367676 6199
1752802729630 0.808706521987915 6249
1752802738572 3.101235866546631 6299
1752802765583 1.7946014404296875 6349
1752802774547 1.169277310371399 6399
1752802783543 2.1852099895477295 6449
1752802792533 0.902312695980072 6499
1752802801537 1.3364897966384888 6549
1752802828472 1.0416765213012695 6599
1752802837456 1.8179609775543213 6649
1752802846442 2.0588464736938477 6699
1752802855444 0.6448733806610107 6749
1752802864443 2.2532854080200195 6799
1752802873360 2.460082769393921 6849
1752802900374 1.1035953760147095 6899
1752802909374 2.822599411010742 6949
1752802918398 2.815904140472412 6999
1752802927377 1.7476820945739746 7049
1752802936371 1.7561203241348267 7099
1752802962546 0.9895596504211426 7149
1752802971570 1.9514316320419312 7199
1752802980591 3.37591290473938 7249
1752802989573 1.8052153587341309 7299
1752802998549 1.7469477653503418 7349
1752803024753 1.063657522201538 7399
1752803033747 1.3861125707626343 7449
1752803042740 2.5471274852752686 7499
1752803051747 0.8350474834442139 7549
1752803060741 2.086092948913574 7599
1752803069740 1.9556323289871216 7649
1752803095586 0.7757655382156372 7699
1752803104552 1.9148918390274048 7749
1752803113559 2.1022932529449463 7799
1752803122557 2.783263921737671 7849
1752803131551 1.538343906402588 7899
1752803158462 1.2288076877593994 7949
1752803167436 1.8512299060821533 7999
1752803176446 2.2743940353393555 8049
1752803185430 0.616162121295929 8099
1752803194449 0.7066146731376648 8149
1752803203485 0.7836211919784546 8199
1752803229514 1.1778281927108765 8249
1752803238560 0.7743446230888367 8299
1752803247574 0.8084439039230347 8349
1752803256580 1.403019666671753 8399
1752803265561 2.5445075035095215 8449
1752803292517 1.265437364578247 8499
1752803301507 2.461455821990967 8549
1752803310494 1.7092492580413818 8599
1752803319487 1.2613465785980225 8649
1752803328464 0.8606627583503723 8699
1752803337430 0.5558205246925354 8749
1752803363602 0.8280138373374939 8799
1752803372608 1.02437162399292 8849
1752803381615 1.5620371103286743 8899
1752803390609 1.7176874876022339 8949
1752803399608 1.4148306846618652 8999
1752803425725 2.831364870071411 9049
1752803434721 0.9995301365852356 9099
1752803443709 1.7665331363677979 9149
1752803452712 1.8931907415390015 9199
1752803461699 2.6687586307525635 9249
1752803470679 1.185246467590332 9299
1752803496758 1.178128957748413 9349
1752803505768 1.463393211364746 9399
1752803514755 0.8006327748298645 9449
1752803523770 2.1872990131378174 9499
1752803532771 1.7778310775756836 9549
1752803558839 0.9371163249015808 9599
1752803567854 1.37326979637146 9649
1752803576840 0.7047936916351318 9699
1752803585830 2.4881200790405273 9749
1752803594856 2.0452721118927 9799
1752803603889 1.0016849040985107 9849
1752803630048 1.1887314319610596 9899
1752803639074 0.5838103294372559 9949
1752803648064 1.2844922542572021 9999
1752803657080 2.400573253631592 10049
1752803666106 0.9778562784194946 10099
1752803692272 0.5308831930160522 10149
1752803701269 0.6275374889373779 10199
1752803710273 2.5153417587280273 10249
1752803719286 2.3091769218444824 10299
1752803728304 1.4895689487457275 10349
1752803737324 1.9825249910354614 10399
1752803763507 1.0597693920135498 10449
1752803772503 1.348327398300171 10499
1752803781508 1.5040949583053589 10549
1752803790510 0.9963382482528687 10599
1752803799500 1.7664434909820557 10649
1752803825476 1.2565159797668457 10699
1752803834487 0.8669586181640625 10749
1752803843505 0.9168470501899719 10799
1752803852501 2.041226863861084 10849
1752803861533 0.6283981204032898 10899
1752803870553 1.6026252508163452 10949
1752803896617 2.6456995010375977 10999
1752803905647 1.2479865550994873 11049
1752803914637 2.7024097442626953 11099
1752803923651 2.9293081760406494 11149
1752803932628 1.9184188842773438 11199
1752803959680 1.5454360246658325 11249
1752803968665 2.0722525119781494 11299
1752803977700 0.6085287928581238 11349
1752803986699 1.0107128620147705 11399
1752803995706 1.4394781589508057 11449
1752804004704 1.549532413482666 11499
1752804031642 2.7970030307769775 11549
1752804040651 0.7388904094696045 11599
1752804049645 2.309424877166748 11649
1752804058629 1.4450701475143433 11699
1752804067633 1.004399061203003 11749
1752804093809 1.7508503198623657 11799
1752804102795 2.3470711708068848 11849
1752804111800 2.032949447631836 11899
1752804120832 1.3077073097229004 11949
1752804129821 2.2901928424835205 11999
1752804138814 0.54240483045578 12049
1752804164770 0.6235162019729614 12099
1752804173780 1.5394208431243896 12149
1752804182764 0.9204711318016052 12199
1752804191746 1.4232511520385742 12249
1752804200776 0.8634700775146484 12299
1752804226686 0.548700213432312 12349
1752804235713 1.4107283353805542 12399
1752804244700 1.7274307012557983 12449
1752804253689 2.2753210067749023 12499
1752804262706 0.6832039952278137 12549
1752804271676 1.9664089679718018 12599
1752804297743 0.8262671828269958 12649
1752804306743 1.20845365524292 12699
1752804315742 0.9950090646743774 12749
1752804324718 1.184813380241394 12799
1752804333714 2.47855281829834 12849
1752804360841 1.6994293928146362 12899
1752804369842 1.4206825494766235 12949
1752804378845 1.2420415878295898 12999
1752804387806 1.1435421705245972 13049
1752804396766 2.3249340057373047 13099
1752804405714 1.2431281805038452 13149
1752804431783 1.2586135864257812 13199
1752804440775 0.8581600189208984 13249
1752804449786 0.911997377872467 13299
1752804458776 1.5939764976501465 13349
1752804467752 2.3713648319244385 13399
1752804494524 2.5432980060577393 13449
1752804503502 0.6467750072479248 13499
1752804512512 1.1699581146240234 13549
1752804521506 2.448127508163452 13599
1752804530527 1.349120020866394 13649
1752804539480 1.1258745193481445 13699
1752804566598 2.0092971324920654 13749
1752804575575 1.636667251586914 13799
1752804584546 2.036313533782959 13849
1752804593540 2.0460546016693115 13899
1752804602513 0.7017301321029663 13949
1752804628502 0.773107647895813 13999
1752804637494 2.441955089569092 14049
1752804646471 1.2514339685440063 14099
1752804655466 1.3826924562454224 14149
1752804664476 1.3727372884750366 14199
1752804690392 0.4132225513458252 14249
1752804699373 1.425520420074463 14299
1752804708364 1.4570882320404053 14349
1752804717360 1.5981879234313965 14399
1752804726358 2.274407386779785 14449
1752804735339 1.2891684770584106 14499
1752804761630 1.6119489669799805 14549
1752804770610 1.510788083076477 14599
1752804779597 2.3372228145599365 14649
1752804788603 1.1732686758041382 14699
1752804797612 0.7798763513565063 14749
1752804823605 1.7438502311706543 14799
1752804832598 1.145589828491211 14849
1752804841555 1.5471709966659546 14899
1752804850531 1.3632893562316895 14949
1752804859527 2.559492826461792 14999
1752804868520 1.2784425020217896 15049
1752804894681 1.5572978258132935 15099
1752804903676 2.473843812942505 15149
1752804912685 2.128081798553467 15199
1752804921665 2.427102565765381 15249
1752804930651 1.2752528190612793 15299
1752804957657 2.245795965194702 15349
1752804966635 1.7796940803527832 15399
1752804975630 1.008366346359253 15449
1752804984614 1.0116252899169922 15499
1752804993581 1.1330996751785278 15549
1752805002566 1.9468472003936768 15599
1752805028680 0.873964250087738 15649
1752805037677 1.6419165134429932 15699
1752805046681 1.589416265487671 15749
1752805055687 1.7313014268875122 15799
1752805064703 1.6594425439834595 15849
1752805090719 2.9335155487060547 15899
1752805099697 1.51593017578125 15949
1752805108665 1.6264991760253906 15999
1752805117670 0.8478104472160339 16049
1752805126651 0.41528722643852234 16099
1752805135664 0.5162900686264038 16149
1752805161907 0.6902603507041931 16199
1752805170897 0.9528339505195618 16249
1752805179877 2.0645012855529785 16299
1752805188873 1.614444613456726 16349
1752805197870 3.2097971439361572 16399
1752805224026 0.6373030543327332 16449
1752805233004 0.8193319439888 16499
1752805241987 0.7885736227035522 16549
1752805250972 1.0104727745056152 16599
1752805259973 2.5867018699645996 16649
1752805268960 1.0505919456481934 16699
1752805294930 2.711648464202881 16749
1752805303937 2.2934844493865967 16799
1752805312912 1.0189464092254639 16849
1752805321887 1.071122407913208 16899
1752805330903 2.1719181537628174 16949
1752805356805 1.5927671194076538 16999
1752805365761 2.044325828552246 17049
1752805374739 2.8136777877807617 17099
1752805383762 3.25217866897583 17149
1752805392746 2.5122740268707275 17199
1752805401747 0.7994327545166016 17249
1752805427695 2.11861252784729 17299
1752805436692 1.0032000541687012 17349
1752805445673 1.7903562784194946 17399
1752805454683 1.3469130992889404 17449
1752805463676 3.499267578125 17499
1752805490710 1.8374656438827515 17549
1752805499691 0.8400644659996033 17599
1752805508677 1.1759790182113647 17649
1752805517649 1.1009365320205688 17699
1752805526627 1.4721771478652954 17749
1752805535647 1.1287062168121338 17799
1752805561419 1.623679757118225 17849
1752805570434 2.63746976852417 17899
1752805579404 0.6494532823562622 17949
1752805588373 0.9898159503936768 17999
1752805597365 0.7775364518165588 18049
1752805623553 0.5408082604408264 18099
1752805632565 1.1131837368011475 18149
1752805641545 0.7128285765647888 18199
1752805650541 1.6373754739761353 18249
1752805659534 1.7310117483139038 18299
1752805668532 1.7101346254348755 18349
1752805694365 2.0613930225372314 18399
1752805703315 0.5775059461593628 18449
1752805712304 0.5708035826683044 18499
1752805721292 1.952697515487671 18549
1752805730273 0.7661116719245911 18599
1752805756326 1.535127878189087 18649
1752805765323 1.116894245147705 18699
1752805774299 0.6610742211341858 18749
1752805783304 1.1232162714004517 18799
1752805792280 2.1237576007843018 18849
1752805801298 1.9193482398986816 18899
1752805827314 2.1666769981384277 18949
1752805836305 0.7490574717521667 18999
1752805845313 1.4128761291503906 19049
1752805854288 0.9227745532989502 19099
1752805863286 1.4047704935073853 19149
1752805889116 0.9074900150299072 19199
1752805898114 1.3900750875473022 19249
1752805907122 1.5936685800552368 19299
1752805916127 0.7025934457778931 19349
1752805925100 0.9207288026809692 19399
1752805934092 2.0291457176208496 19449
1752805960709 0.9844995737075806 19499
1752805969670 3.0655503273010254 19549
1752805978660 2.6678221225738525 19599
1752805987653 2.1573448181152344 19649
1752805996676 0.7071863412857056 19699
1752806022698 1.1858786344528198 19749
1752806031690 1.5409082174301147 19799
1752806040689 2.764077663421631 19849
1752806049695 0.945227861404419 19899
1752806058704 1.379880666732788 19949
1752806067631 1.4422117471694946 19999
1752806093852 1.6065701246261597 20049
1752806102854 1.9085980653762817 20099
1752806111867 0.8026015758514404 20149
1752806120854 3.024322509765625 20199
1752806129835 1.0796284675598145 20249
1752806155902 2.029573440551758 20299
1752806164915 1.3660200834274292 20349
1752806173919 0.8544974327087402 20399
1752806182888 0.34905296564102173 20449
1752806191866 1.6415702104568481 20499
1752806200794 2.6271121501922607 20549
1752806226884 2.176863431930542 20599
1752806235884 1.2222980260849 20649
1752806244883 1.0834875106811523 20699
1752806253876 1.3390724658966064 20749
1752806262898 1.670784831047058 20799
1752806288831 1.6705347299575806 20849
1752806297830 0.6755509376525879 20899
1752806306802 1.45828378200531 20949
1752806315802 1.9630608558654785 20999
1752806324789 2.8393890857696533 21049
1752806350669 1.7469006776809692 21099
1752806359703 0.5217780470848083 21149
1752806368681 1.7290812730789185 21199
1752806377655 0.8158563375473022 21249
1752806386647 1.3934173583984375 21299
1752806395655 0.8157956004142761 21349
1752806422583 2.294438362121582 21399
1752806431551 1.657168984413147 21449
1752806440562 0.9119754433631897 21499
1752806449571 1.2337554693222046 21549
1752806458578 1.6076480150222778 21599
1752806484462 2.0413479804992676 21649
1752806493430 0.882472813129425 21699
1752806502418 1.3746353387832642 21749
1752806511411 0.9914130568504333 21799
1752806520407 2.4742865562438965 21849
1752806529415 1.0157932043075562 21899
1752806555587 1.447458267211914 21949
1752806564571 1.0379400253295898 21999
1752806573559 2.1308484077453613 22049
1752806582564 0.9688078165054321 22099
1752806591562 0.6254374384880066 22149
1752806617482 2.8022680282592773 22199
1752806626459 1.4572808742523193 22249
1752806635448 1.1387029886245728 22299
1752806644436 1.4892857074737549 22349
1752806653436 1.7108978033065796 22399
1752806662413 1.8730578422546387 22449
1752806688621 2.1150360107421875 22499
1752806697600 1.5694193840026855 22549
1752806706614 1.3549764156341553 22599
1752806715623 0.7818352580070496 22649
1752806724631 1.0697323083877563 22699
1752806750503 1.2117940187454224 22749
1752806759493 0.9599130153656006 22799
1752806768477 1.6938955783843994 22849
1752806777475 1.7867380380630493 22899
1752806786480 1.5640904903411865 22949
1752806795480 0.6479988694190979 22999
1752806821438 0.894812822341919 23049
1752806830434 2.201392650604248 23099
1752806839416 1.519774317741394 23149
1752806848391 1.7933040857315063 23199
1752806857374 0.6124427318572998 23249
1752806883506 1.587120532989502 23299
1752806892481 0.33564791083335876 23349
1752806901449 1.8088550567626953 23399
1752806910447 1.6076549291610718 23449
1752806919450 1.3797494173049927 23499
1752806928428 0.7039752006530762 23549
1752806954538 1.2486121654510498 23599
1752806963584 1.6682847738265991 23649
1752806972596 1.1599293947219849 23699
1752806981605 0.9106315970420837 23749
1752806990610 1.140049934387207 23799
1752807016813 1.127821922302246 23849
1752807025791 1.0786516666412354 23899
1752807034770 1.7033491134643555 23949
1752807043781 1.543105959892273 23999
1752807052812 0.8991907835006714 24049
1752807061825 2.3624696731567383 24099
1752807088339 1.5736993551254272 24149
1752807097336 0.8841956257820129 24199
1752807106325 1.3722172975540161 24249
1752807115345 0.8388701677322388 24299
1752807124344 2.968447685241699 24349
1752807150407 1.5356736183166504 24399
1752807159391 2.0706777572631836 24449
1752807168398 1.4417047500610352 24499
1752807177385 1.870246171951294 24549
1752807186383 2.0053815841674805 24599
1752807195370 1.6865798234939575 24649
1752807221535 0.46186473965644836 24699
1752807230533 0.9047863483428955 24749
1752807239518 1.1745166778564453 24799
1752807248518 1.8398668766021729 24849
1752807257536 2.0835764408111572 24899
1752807283608 0.6864480376243591 24949
1752807292594 1.615782380104065 24999
1752807301585 1.1619327068328857 25049
1752807310589 0.8868051171302795 25099
1752807319588 1.7875186204910278 25149
1752807328563 1.2287997007369995 25199
1752807354819 1.1468943357467651 25249
1752807363808 0.8058347702026367 25299
1752807372797 2.551968574523926 25349
1752807381802 0.8714520335197449 25399
1752807390782 0.7759702801704407 25449
1752807416610 5.445079326629639 25499
1752807425611 0.8778277039527893 25549
1752807434606 1.458689570426941 25599
1752807443597 1.0997233390808105 25649
1752807452578 1.5045974254608154 25699
1752807461530 1.5593054294586182 25749
1752807487680 1.8282337188720703 25799
1752807496648 2.022987127304077 25849
1752807505628 1.8893767595291138 25899
1752807514611 2.4988503456115723 25949
1752807523589 1.01934814453125 25999
1752807549688 0.9738287329673767 26049
1752807558672 2.038304090499878 26099
1752807567662 2.0162599086761475 26149
1752807576663 1.7079578638076782 26199
1752807585658 0.7576148509979248 26249
1752807594612 2.093109607696533 26299
1752807620578 1.0775606632232666 26349
1752807629554 1.146018624305725 26399
1752807638541 1.0887662172317505 26449
1752807647529 1.186562418937683 26499
1752807656534 1.3799011707305908 26549
1752807682789 1.4703850746154785 26599
1752807691774 2.573577404022217 26649
1752807700755 2.4409000873565674 26699
1752807709740 2.3523361682891846 26749
1752807718727 1.8234760761260986 26799
1752807727686 1.0000176429748535 26849
1752807753885 1.4968178272247314 26899
1752807762868 2.9085330963134766 26949
1752807771870 0.866420328617096 26999
1752807780864 0.7286480665206909 27049
1752807789846 1.7275038957595825 27099
1752807816812 2.1808922290802 27149
1752807825799 1.236982822418213 27199
1752807834770 1.1909681558609009 27249
1752807843778 0.9995898604393005 27299
1752807852745 0.9856089353561401 27349
1752807861669 1.46708083152771 27399
