1752801228324 0.19689509272575378 49
1752801237217 0.2733192443847656 99
1752801246122 0.15069381892681122 149
1752801255051 0.16847242414951324 199
1752801264009 0.0966174304485321 249
1752801290813 0.0778186246752739 299
1752801299754 0.08597736060619354 349
1752801308692 0.07439509779214859 399
1752801317640 0.07959592342376709 449
1752801326610 0.07184217870235443 499
1752801353325 0.045471109449863434 549
1752801362318 0.06825008243322372 599
1752801371270 0.05302591249346733 649
1752801380246 0.06396988779306412 699
1752801389231 0.049109648913145065 749
1752801398227 0.07175511866807938 799
1752801425045 0.05315375328063965 849
1752801433993 0.055728211998939514 899
1752801442978 0.04520329460501671 949
1752801451921 0.062483061105012894 999
1752801460925 0.041198570281267166 1049
1752801487718 0.053798556327819824 1099
1752801496687 0.03115527704358101 1149
1752801505645 0.04401247948408127 1199
1752801514650 0.04127882048487663 1249
1752801523653 0.060394614934921265 1299
1752801532657 0.03984987735748291 1349
1752801559066 0.057741016149520874 1399
1752801568025 0.046044521033763885 1449
1752801577012 0.03263235092163086 1499
1752801585991 0.048083554953336716 1549
1752801594967 0.03633221611380577 1599
1752801621967 0.04436478763818741 1649
1752801630948 0.040206179022789 1699
1752801639926 0.049204692244529724 1749
1752801648929 0.054780129343271255 1799
1752801657906 0.04460722208023071 1849
1752801666906 0.04952716827392578 1899
1752801693777 0.04053625464439392 1949
1752801702775 0.0445069819688797 1999
1752801711766 0.034731872379779816 2049
1752801720762 0.041159648448228836 2099
1752801729743 0.03614060953259468 2149
1752801756468 0.03726821020245552 2199
1752801765443 0.03978056460618973 2249
1752801774403 0.04201039671897888 2299
1752801783406 0.04007532075047493 2349
1752801792400 0.062234606593847275 2399
1752801801397 0.037718985229730606 2449
1752801827406 0.038393016904592514 2499
1752801836371 0.04278695210814476 2549
1752801845365 0.03954514488577843 2599
1752801854361 0.05839988961815834 2649
1752801863361 0.0417545884847641 2699
1752801889313 0.04521775245666504 2749
1752801898289 0.039981693029403687 2799
1752801907300 0.0696450024843216 2849
1752801916302 0.041333600878715515 2899
1752801925276 0.028390800580382347 2949
1752801934264 0.030339855700731277 2999
1752801961196 0.03651362285017967 3049
1752801970181 0.02901344746351242 3099
1752801979180 0.04127628356218338 3149
1752801988176 0.032337501645088196 3199
1752801997160 0.04524130001664162 3249
1752802024001 0.03683590143918991 3299
1752802032979 0.04112238064408302 3349
1752802041972 0.05138605087995529 3399
1752802050953 0.03647765517234802 3449
1752802059953 0.04647223278880119 3499
1752802068949 0.031188081949949265 3549
1752802095046 0.034340959042310715 3599
1752802104013 0.04241408407688141 3649
1752802113017 0.033918701112270355 3699
1752802122023 0.03206555172801018 3749
1752802131027 0.03824982792139053 3799
1752802157995 0.05254475399851799 3849
1752802166992 0.039422836154699326 3899
1752802175981 0.024155624210834503 3949
1752802184982 0.04055499657988548 3999
1752802193977 0.04069506376981735 4049
1752802202965 0.03130129352211952 4099
1752802229006 0.04356138035655022 4149
1752802238011 0.029813528060913086 4199
1752802246995 0.05412830039858818 4249
1752802255997 0.034854475408792496 4299
1752802264979 0.04929577559232712 4349
1752802292035 0.03295138105750084 4399
1752802301013 0.0429864265024662 4449
1752802309989 0.035747505724430084 4499
1752802319006 0.04914422333240509 4549
1752802328007 0.03317445516586304 4599
1752802337022 0.04640330746769905 4649
1752802362973 0.05342700332403183 4699
1752802371953 0.04249705746769905 4749
1752802380925 0.03283006697893143 4799
1752802389910 0.04866265133023262 4849
1752802398892 0.023473381996154785 4899
1752802426051 0.039980534464120865 4949
1752802435040 0.05140313878655434 4999
1752802444053 0.0318550281226635 5049
1752802453065 0.03807026147842407 5099
1752802462092 0.03218483552336693 5149
1752802471073 0.058095965534448624 5199
1752802497008 0.05337734520435333 5249
1752802506020 0.038264721632003784 5299
1752802515009 0.0431678369641304 5349
1752802523995 0.03741983324289322 5399
1752802532997 0.028452660888433456 5449
1752802558937 0.03640907257795334 5499
1752802567938 0.05323973298072815 5549
1752802577074 0.026893772184848785 5599
1752802586064 0.032738376408815384 5649
1752802595104 0.03580154478549957 5699
1752802604065 0.0348249115049839 5749
1752802630398 0.039510320872068405 5799
1752802639382 0.0394253209233284 5849
1752802648401 0.03417883813381195 5899
1752802657407 0.03594745695590973 5949
1752802666416 0.03423178941011429 5999
1752802693640 0.027929000556468964 6049
1752802702643 0.03771771118044853 6099
1752802711646 0.03639677166938782 6149
1752802720643 0.024844098836183548 6199
1752802729630 0.05082455649971962 6249
1752802738572 0.047139644622802734 6299
1752802765583 0.04313477873802185 6349
1752802774547 0.042473603039979935 6399
1752802783543 0.02973748743534088 6449
1752802792533 0.03493572026491165 6499
1752802801537 0.04135516285896301 6549
1752802828472 0.059664830565452576 6599
1752802837456 0.024462036788463593 6649
1752802846442 0.03265892714262009 6699
1752802855444 0.03499854356050491 6749
1752802864443 0.036423202604055405 6799
1752802873360 0.038496315479278564 6849
1752802900374 0.045152779668569565 6899
1752802909374 0.03259570524096489 6949
1752802918398 0.037665605545043945 6999
1752802927377 0.03352947533130646 7049
1752802936371 0.04143069311976433 7099
1752802962546 0.03508809208869934 7149
1752802971570 0.042816244065761566 7199
1752802980591 0.04446001723408699 7249
1752802989573 0.026009954512119293 7299
1752802998549 0.03208089992403984 7349
1752803024753 0.02887100912630558 7399
1752803033747 0.028051819652318954 7449
1752803042740 0.03901826590299606 7499
1752803051747 0.03399234265089035 7549
1752803060741 0.033947691321372986 7599
1752803069740 0.029848428443074226 7649
1752803095586 0.027354178950190544 7699
1752803104552 0.034599170088768005 7749
1752803113559 0.03565775975584984 7799
1752803122557 0.028688805177807808 7849
1752803131551 0.05459611117839813 7899
1752803158462 0.030858715996146202 7949
1752803167436 0.029030371457338333 7999
1752803176446 0.029759543016552925 8049
1752803185430 0.02783019095659256 8099
1752803194449 0.03906825929880142 8149
1752803203485 0.04026878625154495 8199
1752803229514 0.036331068724393845 8249
1752803238560 0.031787481158971786 8299
1752803247574 0.03640129417181015 8349
1752803256580 0.0325855053961277 8399
1752803265561 0.027019133791327477 8449
1752803292517 0.03582238033413887 8499
1752803301507 0.04754980280995369 8549
1752803310494 0.04361294209957123 8599
1752803319487 0.036149147897958755 8649
1752803328464 0.02892276458442211 8699
1752803337430 0.0300152450799942 8749
1752803363602 0.029658684507012367 8799
1752803372608 0.04845999553799629 8849
1752803381615 0.03380119055509567 8899
1752803390609 0.04205168038606644 8949
1752803399608 0.04390766844153404 8999
1752803425725 0.033073216676712036 9049
1752803434721 0.039200782775878906 9099
1752803443709 0.025749672204256058 9149
1752803452712 0.02508418634533882 9199
1752803461699 0.03568067401647568 9249
1752803470679 0.027030207216739655 9299
1752803496758 0.027443217113614082 9349
1752803505768 0.028604751452803612 9399
1752803514755 0.025902897119522095 9449
1752803523770 0.03173263370990753 9499
1752803532771 0.03665371611714363 9549
1752803558839 0.03778020292520523 9599
1752803567854 0.031224854290485382 9649
1752803576840 0.03837050497531891 9699
1752803585830 0.03739970549941063 9749
1752803594856 0.03287149965763092 9799
1752803603889 0.03701212629675865 9849
1752803630048 0.03634536266326904 9899
1752803639074 0.034507378935813904 9949
1752803648064 0.030458122491836548 9999
1752803657080 0.02817792072892189 10049
1752803666106 0.02560262754559517 10099
1752803692272 0.032688286155462265 10149
1752803701269 0.03850707411766052 10199
1752803710273 0.03667139261960983 10249
1752803719286 0.04772818088531494 10299
1752803728304 0.026416249573230743 10349
1752803737324 0.02942632883787155 10399
1752803763507 0.04059848561882973 10449
1752803772503 0.034337401390075684 10499
1752803781508 0.036884523928165436 10549
1752803790510 0.026475049555301666 10599
1752803799500 0.0329495444893837 10649
1752803825476 0.035798992961645126 10699
1752803834487 0.024880794808268547 10749
1752803843505 0.031217608600854874 10799
1752803852501 0.03455511853098869 10849
1752803861533 0.025053801015019417 10899
1752803870553 0.03750484436750412 10949
1752803896617 0.0359404981136322 10999
1752803905647 0.0332869254052639 11049
1752803914637 0.05366332456469536 11099
1752803923651 0.05006949231028557 11149
1752803932628 0.03896218165755272 11199
1752803959680 0.03218143805861473 11249
1752803968665 0.031863681972026825 11299
1752803977700 0.02911367639899254 11349
1752803986699 0.02810014598071575 11399
1752803995706 0.024807920679450035 11449
1752804004704 0.035996779799461365 11499
1752804031642 0.03764753416180611 11549
1752804040651 0.02262922190129757 11599
1752804049645 0.026998890563845634 11649
1752804058629 0.027415327727794647 11699
1752804067633 0.027933640405535698 11749
1752804093809 0.027042338624596596 11799
1752804102795 0.054519593715667725 11849
1752804111800 0.028108447790145874 11899
1752804120832 0.06206338480114937 11949
1752804129821 0.032694701105356216 11999
1752804138814 0.029123865067958832 12049
1752804164770 0.03963692858815193 12099
1752804173780 0.028754476457834244 12149
1752804182764 0.03591327741742134 12199
1752804191746 0.03782457113265991 12249
1752804200776 0.03668292611837387 12299
1752804226686 0.039249155670404434 12349
1752804235713 0.028130941092967987 12399
1752804244700 0.027263686060905457 12449
1752804253689 0.030390720814466476 12499
1752804262706 0.03708617761731148 12549
1752804271676 0.0334593802690506 12599
1752804297743 0.03567614406347275 12649
1752804306743 0.033688925206661224 12699
1752804315742 0.030698217451572418 12749
1752804324718 0.06440604478120804 12799
1752804333714 0.031058145686984062 12849
1752804360841 0.033368393778800964 12899
1752804369842 0.033647432923316956 12949
1752804378845 0.027119895443320274 12999
1752804387806 0.04327047988772392 13049
1752804396766 0.037710223346948624 13099
1752804405714 0.031268734484910965 13149
1752804431783 0.04125002771615982 13199
1752804440775 0.037015728652477264 13249
1752804449786 0.02694532461464405 13299
1752804458776 0.028969816863536835 13349
1752804467752 0.026630640029907227 13399
1752804494524 0.037210699170827866 13449
1752804503502 0.03089163266122341 13499
1752804512512 0.035853151232004166 13549
1752804521506 0.024620594456791878 13599
1752804530527 0.022806406021118164 13649
1752804539480 0.033662501722574234 13699
1752804566598 0.026606963947415352 13749
1752804575575 0.03521556407213211 13799
1752804584546 0.037581752985715866 13849
1752804593540 0.06374067813158035 13899
1752804602513 0.0368402861058712 13949
1752804628502 0.024071605876088142 13999
1752804637494 0.031904272735118866 14049
1752804646471 0.0402517206966877 14099
1752804655466 0.03463032841682434 14149
1752804664476 0.02930268459022045 14199
1752804690392 0.023998593911528587 14249
1752804699373 0.02951599285006523 14299
1752804708364 0.02481236308813095 14349
1752804717360 0.024286767467856407 14399
1752804726358 0.03437490016222 14449
1752804735339 0.030371449887752533 14499
1752804761630 0.022951435297727585 14549
1752804770610 0.03728117048740387 14599
1752804779597 0.030280716717243195 14649
1752804788603 0.026182720437645912 14699
1752804797612 0.042108774185180664 14749
1752804823605 0.026485472917556763 14799
1752804832598 0.02787475660443306 14849
1752804841555 0.03243258222937584 14899
1752804850531 0.0368436761200428 14949
1752804859527 0.024985356256365776 14999
1752804868520 0.022683609277009964 15049
1752804894681 0.02866072580218315 15099
1752804903676 0.0341854952275753 15149
1752804912685 0.02245844528079033 15199
1752804921665 0.027523141354322433 15249
1752804930651 0.024303901940584183 15299
1752804957657 0.03966595232486725 15349
1752804966635 0.04170656204223633 15399
1752804975630 0.02440318651497364 15449
1752804984614 0.029474638402462006 15499
1752804993581 0.03230329230427742 15549
1752805002566 0.03329009935259819 15599
1752805028680 0.02934662438929081 15649
1752805037677 0.03294011205434799 15699
1752805046681 0.028803393244743347 15749
1752805055687 0.027670981362462044 15799
1752805064703 0.041117846965789795 15849
1752805090719 0.03871861845254898 15899
1752805099697 0.021777058020234108 15949
1752805108665 0.031025122851133347 15999
1752805117670 0.023140693083405495 16049
1752805126651 0.02504175901412964 16099
1752805135664 0.027963818982243538 16149
1752805161907 0.034113913774490356 16199
1752805170897 0.02950453758239746 16249
1752805179877 0.030825652182102203 16299
1752805188873 0.025595329701900482 16349
1752805197870 0.0341191440820694 16399
1752805224026 0.031021839007735252 16449
1752805233004 0.03025307133793831 16499
1752805241987 0.03497598320245743 16549
1752805250972 0.03486206755042076 16599
1752805259973 0.023571720346808434 16649
1752805268960 0.030803684145212173 16699
1752805294930 0.033698491752147675 16749
1752805303937 0.03535878658294678 16799
1752805312912 0.03526047244668007 16849
1752805321887 0.031303152441978455 16899
1752805330903 0.033720050007104874 16949
1752805356805 0.026723729446530342 16999
1752805365761 0.037489525973796844 17049
1752805374739 0.025037052109837532 17099
1752805383762 0.030388537794351578 17149
1752805392746 0.031744420528411865 17199
1752805401747 0.030240589752793312 17249
1752805427695 0.025453686714172363 17299
1752805436692 0.02489452064037323 17349
1752805445673 0.026276743039488792 17399
1752805454683 0.028229881078004837 17449
1752805463676 0.030798444524407387 17499
1752805490710 0.03286892920732498 17549
1752805499691 0.02580706961452961 17599
1752805508677 0.0342838317155838 17649
1752805517649 0.03541893512010574 17699
1752805526627 0.029076535254716873 17749
1752805535647 0.03531176224350929 17799
1752805561419 0.02671087346971035 17849
1752805570434 0.03534746170043945 17899
1752805579404 0.025597896426916122 17949
1752805588373 0.03681536763906479 17999
1752805597365 0.027039967477321625 18049
1752805623553 0.03136581555008888 18099
1752805632565 0.031652890145778656 18149
1752805641545 0.030735421925783157 18199
1752805650541 0.025022972375154495 18249
1752805659534 0.024279966950416565 18299
1752805668532 0.030628226697444916 18349
1752805694365 0.02099677175283432 18399
1752805703315 0.0325298085808754 18449
1752805712304 0.02499724179506302 18499
1752805721292 0.03480702266097069 18549
1752805730273 0.026653002947568893 18599
1752805756326 0.0370049923658371 18649
1752805765323 0.03988506272435188 18699
1752805774299 0.0499548614025116 18749
1752805783304 0.034412238746881485 18799
1752805792280 0.023262817412614822 18849
1752805801298 0.03677355498075485 18899
1752805827314 0.03308340162038803 18949
1752805836305 0.042455121874809265 18999
1752805845313 0.03075486794114113 19049
1752805854288 0.03902691975235939 19099
1752805863286 0.025301937013864517 19149
1752805889116 0.03783448785543442 19199
1752805898114 0.02530350163578987 19249
1752805907122 0.02750963158905506 19299
1752805916127 0.023463966324925423 19349
1752805925100 0.03059004619717598 19399
1752805934092 0.026528578251600266 19449
1752805960709 0.06354843080043793 19499
1752805969670 0.028869057074189186 19549
1752805978660 0.04328283667564392 19599
1752805987653 0.03405023738741875 19649
1752805996676 0.037752751260995865 19699
1752806022698 0.0316736064851284 19749
1752806031690 0.03616928681731224 19799
1752806040689 0.03822587803006172 19849
1752806049695 0.033981360495090485 19899
1752806058704 0.03831503912806511 19949
1752806067631 0.0278460830450058 19999
1752806093852 0.030459241941571236 20049
1752806102854 0.030713915824890137 20099
1752806111867 0.023812461644411087 20149
1752806120854 0.028826965019106865 20199
1752806129835 0.023479772731661797 20249
1752806155902 0.02381892129778862 20299
1752806164915 0.03612213581800461 20349
1752806173919 0.048289280384778976 20399
1752806182888 0.03195884823799133 20449
1752806191866 0.03500506281852722 20499
1752806200794 0.043569955974817276 20549
1752806226884 0.025422606617212296 20599
1752806235884 0.022305216640233994 20649
1752806244883 0.03183519467711449 20699
1752806253876 0.04528941586613655 20749
1752806262898 0.03355465084314346 20799
1752806288831 0.02989349327981472 20849
1752806297830 0.022600878030061722 20899
1752806306802 0.03436288237571716 20949
1752806315802 0.02822122909128666 20999
1752806324789 0.03231680393218994 21049
1752806350669 0.0220345426350832 21099
1752806359703 0.028308549895882607 21149
1752806368681 0.030646122992038727 21199
1752806377655 0.030722634866833687 21249
1752806386647 0.024273555725812912 21299
1752806395655 0.03816483914852142 21349
1752806422583 0.037970930337905884 21399
1752806431551 0.03238511085510254 21449
1752806440562 0.038769617676734924 21499
1752806449571 0.025223907083272934 21549
1752806458578 0.026688165962696075 21599
1752806484462 0.02690965309739113 21649
1752806493430 0.03641015291213989 21699
1752806502418 0.02653355523943901 21749
1752806511411 0.028832733631134033 21799
1752806520407 0.03551118075847626 21849
1752806529415 0.026443464681506157 21899
1752806555587 0.028550900518894196 21949
1752806564571 0.034839432686567307 21999
1752806573559 0.0326276570558548 22049
1752806582564 0.02569817565381527 22099
1752806591562 0.026480289176106453 22149
1752806617482 0.024833332747220993 22199
1752806626459 0.02643541432917118 22249
1752806635448 0.026934726163744926 22299
1752806644436 0.03209373727440834 22349
1752806653436 0.04052279517054558 22399
1752806662413 0.04704730585217476 22449
1752806688621 0.03068588115274906 22499
1752806697600 0.023375364020466805 22549
1752806706614 0.041263800114393234 22599
1752806715623 0.042049866169691086 22649
1752806724631 0.030814899131655693 22699
1752806750503 0.04251798614859581 22749
1752806759493 0.04096966236829758 22799
1752806768477 0.021708263084292412 22849
1752806777475 0.03826228901743889 22899
1752806786480 0.028339248150587082 22949
1752806795480 0.029158547520637512 22999
1752806821438 0.03168453276157379 23049
1752806830434 0.04589952901005745 23099
1752806839416 0.02460654079914093 23149
1752806848391 0.029458992183208466 23199
1752806857374 0.021425005048513412 23249
1752806883506 0.02868862822651863 23299
1752806892481 0.03278392180800438 23349
1752806901449 0.04359136521816254 23399
1752806910447 0.028182074427604675 23449
1752806919450 0.033277709037065506 23499
1752806928428 0.030261805281043053 23549
1752806954538 0.026395736262202263 23599
1752806963584 0.019017035141587257 23649
1752806972596 0.03383477032184601 23699
1752806981605 0.03326873481273651 23749
1752806990610 0.02737301215529442 23799
1752807016813 0.03251899033784866 23849
1752807025791 0.03407459706068039 23899
1752807034770 0.028315668925642967 23949
1752807043781 0.040288012474775314 23999
1752807052812 0.0356079563498497 24049
1752807061825 0.021520640701055527 24099
1752807088339 0.032197050750255585 24149
1752807097336 0.03972820192575455 24199
1752807106325 0.024896612390875816 24249
1752807115345 0.03767607733607292 24299
1752807124344 0.026606082916259766 24349
1752807150407 0.02618001028895378 24399
1752807159391 0.03611557558178902 24449
1752807168398 0.028694842010736465 24499
1752807177385 0.03748827055096626 24549
1752807186383 0.03462989255785942 24599
1752807195370 0.03235412761569023 24649
1752807221535 0.02287038043141365 24699
1752807230533 0.02939554490149021 24749
1752807239518 0.04130314290523529 24799
1752807248518 0.022237172350287437 24849
1752807257536 0.028660491108894348 24899
1752807283608 0.023152245208621025 24949
1752807292594 0.027753112837672234 24999
1752807301585 0.029565732926130295 25049
1752807310589 0.030012311413884163 25099
1752807319588 0.036533985286951065 25149
1752807328563 0.035998765379190445 25199
1752807354819 0.02748366817831993 25249
1752807363808 0.030926920473575592 25299
1752807372797 0.036770548671483994 25349
1752807381802 0.029737669974565506 25399
1752807390782 0.028630586341023445 25449
1752807416610 0.03995528444647789 25499
1752807425611 0.029226571321487427 25549
1752807434606 0.027886774390935898 25599
1752807443597 0.04711030423641205 25649
1752807452578 0.031788695603609085 25699
1752807461530 0.03633544221520424 25749
1752807487680 0.022225532680749893 25799
1752807496648 0.03706740587949753 25849
1752807505628 0.03848676010966301 25899
1752807514611 0.02505635656416416 25949
1752807523589 0.028828248381614685 25999
1752807549688 0.044997282326221466 26049
1752807558672 0.02549958974123001 26099
1752807567662 0.023362500593066216 26149
1752807576663 0.027852628380060196 26199
1752807585658 0.030839994549751282 26249
1752807594612 0.03985822945833206 26299
1752807620578 0.036087725311517715 26349
1752807629554 0.03478395938873291 26399
1752807638541 0.021772723644971848 26449
1752807647529 0.03871142491698265 26499
1752807656534 0.04642259702086449 26549
1752807682789 0.04507631063461304 26599
1752807691774 0.02647491917014122 26649
1752807700755 0.02658163756132126 26699
1752807709740 0.04736803472042084 26749
1752807718727 0.02316395938396454 26799
1752807727686 0.04078654572367668 26849
1752807753885 0.021046118810772896 26899
1752807762868 0.027605580165982246 26949
1752807771870 0.02135143056511879 26999
1752807780864 0.024848226457834244 27049
1752807789846 0.029340241104364395 27099
1752807816812 0.04232329502701759 27149
1752807825799 0.029787344858050346 27199
1752807834770 0.02358434535562992 27249
1752807843778 0.03445407375693321 27299
1752807852745 0.039887383580207825 27349
1752807861669 0.03612834960222244 27399
