1752760990034 0.0 49
1752761001145 0.0 99
1752761012261 0.0 149
1752761023403 0.0 199
1752761034556 0.0 249
1752761042818 0.0 279
1752761048175 1.0 299
1752761059360 1.0 349
1752761070560 1.0 399
1752761081759 1.0 449
1752761093328 1.0 499
1752761104512 1.0 549
1752761108356 1.0 559
1752761118173 2.0 599
1752761129363 2.0 649
1752761140571 2.0 699
1752761151761 2.0 749
1752761162965 2.0 799
1752761173571 2.0 839
1752761176695 3.0 849
1752761187890 3.0 899
1752761199096 3.0 949
1752761210296 3.0 999
1752761221483 3.0 1049
1752761232678 3.0 1099
1752761238825 3.0 1119
1752761246410 4.0 1149
1752761257613 4.0 1199
1752761268797 4.0 1249
1752761279977 4.0 1299
1752761291194 4.0 1349
1752761302313 4.0 1399
1752761304181 4.0 1399
1752761316221 5.0 1449
1752761327383 5.0 1499
1752761338564 5.0 1549
1752761349773 5.0 1599
1752761360950 5.0 1649
1752761369332 5.0 1679
1752761374686 6.0 1699
1752761385888 6.0 1749
1752761397077 6.0 1799
1752761408282 6.0 1849
1752761419478 6.0 1899
1752761430638 6.0 1949
1752761434572 6.0 1959
1752761444404 7.0 1999
1752761455603 7.0 2049
1752761466806 7.0 2099
1752761478006 7.0 2149
1752761489204 7.0 2199
1752761499822 7.0 2239
1752761502926 8.0 2249
1752761514138 8.0 2299
1752761525334 8.0 2349
1752761536533 8.0 2399
1752761547713 8.0 2449
1752761558883 8.0 2499
1752761565024 8.0 2519
1752761572567 9.0 2549
1752761583770 9.0 2599
1752761594975 9.0 2649
1752761606186 9.0 2699
1752761617404 9.0 2749
1752761628535 9.0 2799
1752761629440 9.0 2799
1752761641500 10.0 2849
1752761652714 10.0 2899
1752761663907 10.0 2949
1752761675116 10.0 2999
1752761686324 10.0 3049
1752761693857 10.0 3079
1752761699193 11.0 3099
1752761710420 11.0 3149
1752761721632 11.0 3199
1752761732837 11.0 3249
1752761744032 11.0 3299
1752761755211 11.0 3349
1752761759144 11.0 3359
1752761768922 12.0 3399
1752761780150 12.0 3449
1752761791336 12.0 3499
1752761802516 12.0 3549
1752761813715 12.0 3599
1752761824371 12.0 3639
1752761827456 13.0 3649
1752761838614 13.0 3699
1752761849818 13.0 3749
