1752760990034 493.39794921875 49
1752761001145 438.33648681640625 99
1752761012261 345.65301513671875 149
1752761023403 450.7781982421875 199
1752761034556 386.5870361328125 249
1752761048175 323.23883056640625 299
1752761059360 343.7842712402344 349
1752761070560 302.7066650390625 399
1752761081759 294.9450988769531 449
1752761093328 299.77374267578125 499
1752761104512 328.249267578125 549
1752761118173 243.24261474609375 599
1752761129363 324.46844482421875 649
1752761140571 296.4955139160156 699
1752761151761 247.0706329345703 749
1752761162965 302.2734375 799
1752761176695 330.1075134277344 849
1752761187890 225.3151397705078 899
1752761199096 198.217041015625 949
1752761210296 208.4500274658203 999
1752761221483 246.15988159179688 1049
1752761232678 265.3973693847656 1099
1752761246410 325.8731384277344 1149
1752761257613 230.03736877441406 1199
1752761268797 282.009765625 1249
1752761279977 214.3851776123047 1299
1752761291194 295.3470764160156 1349
1752761302313 248.00111389160156 1399
1752761316221 192.38351440429688 1449
1752761327383 213.67025756835938 1499
1752761338564 334.41387939453125 1549
1752761349773 338.6237487792969 1599
1752761360950 375.8409729003906 1649
1752761374686 248.13514709472656 1699
1752761385888 224.29721069335938 1749
1752761397077 234.32260131835938 1799
1752761408282 282.2497253417969 1849
1752761419478 223.74668884277344 1899
1752761430638 256.80303955078125 1949
1752761444404 254.692138671875 1999
1752761455603 199.8224334716797 2049
1752761466806 201.95455932617188 2099
1752761478006 203.71578979492188 2149
1752761489204 327.2684020996094 2199
1752761502926 300.60205078125 2249
1752761514138 261.9864807128906 2299
1752761525334 249.68373107910156 2349
1752761536533 266.4080810546875 2399
1752761547713 238.2624053955078 2449
1752761558883 231.94546508789062 2499
1752761572567 236.28419494628906 2549
1752761583770 290.0152587890625 2599
1752761594975 238.93438720703125 2649
1752761606186 346.05181884765625 2699
1752761617404 262.283203125 2749
1752761628535 290.2249755859375 2799
1752761641500 269.66217041015625 2849
1752761652714 371.538330078125 2899
1752761663907 273.9403381347656 2949
1752761675116 327.7262268066406 2999
1752761686324 208.45230102539062 3049
1752761699193 287.297119140625 3099
1752761710420 247.44064331054688 3149
1752761721632 361.8863830566406 3199
1752761732837 214.54296875 3249
1752761744032 180.4629669189453 3299
1752761755211 229.0348358154297 3349
1752761768922 227.42677307128906 3399
1752761780150 289.03863525390625 3449
1752761791336 195.5137481689453 3499
1752761802516 225.20791625976562 3549
1752761813715 186.52175903320312 3599
1752761827456 206.73501586914062 3649
1752761838614 314.21923828125 3699
1752761849818 242.20547485351562 3749
