1752760990034 111.8215560913086 49
1752761001145 266.9747619628906 99
1752761012261 150.16212463378906 149
1752761023403 307.8299865722656 199
1752761034556 592.018798828125 249
1752761048175 262.5821838378906 299
1752761059360 438.86016845703125 349
1752761070560 361.87652587890625 399
1752761081759 241.2631072998047 449
1752761093328 516.025634765625 499
1752761104512 475.2833557128906 549
1752761118173 215.8613739013672 599
1752761129363 416.66888427734375 649
1752761140571 574.394287109375 699
1752761151761 162.09571838378906 749
1752761162965 581.442138671875 799
1752761176695 569.81201171875 849
1752761187890 501.3641052246094 899
1752761199096 130.23045349121094 949
1752761210296 211.3444366455078 999
1752761221483 616.8153686523438 1049
1752761232678 532.0043334960938 1099
1752761246410 485.7159423828125 1149
1752761257613 309.6545104980469 1199
1752761268797 466.9757385253906 1249
1752761279977 294.5469665527344 1299
1752761291194 599.3494873046875 1349
1752761302313 307.1860046386719 1399
1752761316221 221.76449584960938 1449
1752761327383 388.2286071777344 1499
1752761338564 428.6163330078125 1549
1752761349773 390.5245361328125 1599
1752761360950 413.812255859375 1649
1752761374686 161.92678833007812 1699
1752761385888 546.4279174804688 1749
1752761397077 412.6287536621094 1799
1752761408282 550.6292724609375 1849
1752761419478 445.01068115234375 1899
1752761430638 380.3877258300781 1949
1752761444404 324.30718994140625 1999
1752761455603 365.48431396484375 2049
1752761466806 139.71517944335938 2099
1752761478006 301.6029357910156 2149
1752761489204 384.9886474609375 2199
1752761502926 458.5346374511719 2249
1752761514138 655.1718139648438 2299
1752761525334 681.8539428710938 2349
1752761536533 286.04913330078125 2399
1752761547713 468.81097412109375 2449
1752761558883 478.88934326171875 2499
1752761572567 464.8019104003906 2549
1752761583770 420.61492919921875 2599
1752761594975 172.4983367919922 2649
1752761606186 761.4013061523438 2699
1752761617404 231.59788513183594 2749
1752761628535 546.0281372070312 2799
1752761641500 170.61927795410156 2849
1752761652714 911.7984619140625 2899
1752761663907 389.4511413574219 2949
1752761675116 485.6358337402344 2999
1752761686324 437.7115783691406 3049
1752761699193 542.4642333984375 3099
1752761710420 463.5457458496094 3149
1752761721632 700.8031616210938 3199
1752761732837 350.88543701171875 3249
1752761744032 256.16253662109375 3299
1752761755211 222.6857147216797 3349
1752761768922 369.8740539550781 3399
1752761780150 458.5213928222656 3449
1752761791336 464.206787109375 3499
1752761802516 293.2854309082031 3549
1752761813715 476.3802795410156 3599
1752761827456 171.51390075683594 3649
1752761838614 499.49005126953125 3699
1752761849818 442.1893005371094 3749
