1752760990034 139.5475616455078 49
1752761001145 148.39822387695312 99
1752761012261 119.42981719970703 149
1752761023403 97.57461547851562 199
1752761034556 105.3860092163086 249
1752761048175 127.25213623046875 299
1752761059360 94.02800750732422 349
1752761070560 94.8253173828125 399
1752761081759 116.47543334960938 449
1752761093328 74.72651672363281 499
1752761104512 82.68997955322266 549
1752761118173 66.03141784667969 599
1752761129363 85.88275146484375 649
1752761140571 82.03646850585938 699
1752761151761 103.70797729492188 749
1752761162965 55.50647735595703 799
1752761176695 80.64156341552734 849
1752761187890 39.49510192871094 899
1752761199096 67.08194732666016 949
1752761210296 58.77200698852539 999
1752761221483 69.47850036621094 1049
1752761232678 63.171844482421875 1099
1752761246410 61.5147590637207 1149
1752761257613 51.372894287109375 1199
1752761268797 40.936622619628906 1249
1752761279977 44.89826965332031 1299
1752761291194 57.87612533569336 1349
1752761302313 49.695396423339844 1399
1752761316221 54.84087371826172 1449
1752761327383 60.740047454833984 1499
1752761338564 74.31803894042969 1549
1752761349773 49.860633850097656 1599
1752761360950 49.707542419433594 1649
1752761374686 78.45028686523438 1699
1752761385888 49.3030891418457 1749
1752761397077 44.338523864746094 1799
1752761408282 36.281288146972656 1849
1752761419478 48.55964660644531 1899
1752761430638 49.09783172607422 1949
1752761444404 41.78174591064453 1999
1752761455603 36.185638427734375 2049
1752761466806 50.855308532714844 2099
1752761478006 47.04208755493164 2149
1752761489204 54.157127380371094 2199
1752761502926 47.954376220703125 2249
1752761514138 53.748538970947266 2299
1752761525334 31.033872604370117 2349
1752761536533 40.374351501464844 2399
1752761547713 34.669551849365234 2449
1752761558883 43.611488342285156 2499
1752761572567 46.268524169921875 2549
1752761583770 58.03440475463867 2599
1752761594975 40.436973571777344 2649
1752761606186 32.746124267578125 2699
1752761617404 44.92217254638672 2749
1752761628535 27.246578216552734 2799
1752761641500 44.24825668334961 2849
1752761652714 39.77207946777344 2899
1752761663907 41.837188720703125 2949
1752761675116 49.317657470703125 2999
1752761686324 26.7258358001709 3049
1752761699193 32.04966735839844 3099
1752761710420 33.83573532104492 3149
1752761721632 51.935325622558594 3199
1752761732837 33.16743469238281 3249
1752761744032 19.304149627685547 3299
1752761755211 49.34174346923828 3349
1752761768922 32.60267639160156 3399
1752761780150 30.25606918334961 3449
1752761791336 31.763139724731445 3499
1752761802516 29.325664520263672 3549
1752761813715 31.504640579223633 3599
1752761827456 31.903339385986328 3649
1752761838614 34.373443603515625 3699
1752761849818 36.312232971191406 3749
