1752760990034 128.63546752929688 49
1752761001145 117.42546844482422 99
1752761012261 92.25235748291016 149
1752761023403 157.21157836914062 199
1752761034556 123.7353515625 249
1752761048175 121.4996109008789 299
1752761059360 133.6392059326172 349
1752761070560 92.76753234863281 399
1752761081759 100.49317169189453 449
1752761093328 126.84297180175781 499
1752761104512 130.1953125 549
1752761118173 120.10549926757812 599
1752761129363 117.16719055175781 649
1752761140571 112.5096206665039 699
1752761151761 106.19877624511719 749
1752761162965 111.55003356933594 799
1752761176695 107.05377197265625 849
1752761187890 106.18388366699219 899
1752761199096 95.33531188964844 949
1752761210296 89.70008850097656 999
1752761221483 108.03730773925781 1049
1752761232678 105.53498077392578 1099
1752761246410 120.38093566894531 1149
1752761257613 105.71463775634766 1199
1752761268797 88.595947265625 1249
1752761279977 121.76470184326172 1299
1752761291194 110.43478393554688 1349
1752761302313 125.1983413696289 1399
1752761316221 91.33232879638672 1449
1752761327383 115.24842834472656 1499
1752761338564 106.22583770751953 1549
1752761349773 93.62408447265625 1599
1752761360950 98.03385925292969 1649
1752761374686 116.2584228515625 1699
1752761385888 105.08821105957031 1749
1752761397077 134.61712646484375 1799
1752761408282 94.83421325683594 1849
1752761419478 102.56544494628906 1899
1752761430638 114.20455932617188 1949
1752761444404 118.08454895019531 1999
1752761455603 86.78660583496094 2049
1752761466806 88.34205627441406 2099
1752761478006 93.03514099121094 2149
1752761489204 110.42943572998047 2199
1752761502926 123.08438110351562 2249
1752761514138 105.3001708984375 2299
1752761525334 115.29335021972656 2349
1752761536533 110.69000244140625 2399
1752761547713 89.98530578613281 2449
1752761558883 120.63529205322266 2499
1752761572567 89.0406494140625 2549
1752761583770 100.49800872802734 2599
1752761594975 85.11503601074219 2649
1752761606186 94.81990051269531 2699
1752761617404 89.07382202148438 2749
1752761628535 108.83303833007812 2799
1752761641500 97.6414794921875 2849
1752761652714 118.99480438232422 2899
1752761663907 97.56214141845703 2949
1752761675116 105.1055679321289 2999
1752761686324 80.88702392578125 3049
1752761699193 113.295654296875 3099
1752761710420 87.47535705566406 3149
1752761721632 116.44340515136719 3199
1752761732837 110.40426635742188 3249
1752761744032 90.37991333007812 3299
1752761755211 88.37495422363281 3349
1752761768922 101.82331085205078 3399
1752761780150 83.41767883300781 3449
1752761791336 106.74568176269531 3499
1752761802516 90.39830017089844 3549
1752761813715 109.82884216308594 3599
1752761827456 83.88076782226562 3649
1752761838614 100.15216827392578 3699
1752761849818 84.60333251953125 3749
