1752760990034 1317.10302734375 49
1752761001145 655.2168579101562 99
1752761012261 583.005126953125 149
1752761023403 476.1119079589844 199
1752761034556 399.1311950683594 249
1752761048175 412.9816589355469 299
1752761059360 383.3765869140625 349
1752761070560 372.2926025390625 399
1752761081759 384.021484375 449
1752761093328 383.8992614746094 499
1752761104512 359.5453186035156 549
1752761118173 316.3541259765625 599
1752761129363 362.7266845703125 649
1752761140571 360.7457275390625 699
1752761151761 330.5709228515625 749
1752761162965 305.7558288574219 799
1752761176695 298.5793762207031 849
1752761187890 265.049072265625 899
1752761199096 275.27142333984375 949
1752761210296 285.6824645996094 999
1752761221483 281.75982666015625 1049
1752761232678 264.97222900390625 1099
1752761246410 302.9691467285156 1149
1752761257613 290.0176086425781 1199
1752761268797 256.09576416015625 1249
1752761279977 271.66192626953125 1299
1752761291194 294.2876281738281 1349
1752761302313 318.137939453125 1399
1752761316221 265.1183166503906 1449
1752761327383 276.6643981933594 1499
1752761338564 305.5262756347656 1549
1752761349773 292.5424499511719 1599
1752761360950 283.9275817871094 1649
1752761374686 289.9352722167969 1699
1752761385888 264.25616455078125 1749
1752761397077 267.61798095703125 1799
1752761408282 270.4237976074219 1849
1752761419478 230.18502807617188 1899
1752761430638 272.7051086425781 1949
1752761444404 279.0035705566406 1999
1752761455603 244.578857421875 2049
1752761466806 226.9764404296875 2099
1752761478006 220.94784545898438 2149
1752761489204 284.35546875 2199
1752761502926 256.402587890625 2249
1752761514138 211.78860473632812 2299
1752761525334 234.52320861816406 2349
1752761536533 260.2255554199219 2399
1752761547713 244.11697387695312 2449
1752761558883 208.56239318847656 2499
1752761572567 228.7560577392578 2549
1752761583770 218.576416015625 2599
1752761594975 225.39682006835938 2649
1752761606186 234.40367126464844 2699
1752761617404 233.26478576660156 2749
1752761628535 235.74209594726562 2799
1752761641500 252.35450744628906 2849
1752761652714 270.74615478515625 2899
1752761663907 196.58602905273438 2949
1752761675116 213.4342041015625 2999
1752761686324 215.21640014648438 3049
1752761699193 211.8521728515625 3099
1752761710420 228.95489501953125 3149
1752761721632 256.11627197265625 3199
1752761732837 199.12705993652344 3249
1752761744032 199.702880859375 3299
1752761755211 225.2353973388672 3349
1752761768922 254.15386962890625 3399
1752761780150 209.08795166015625 3449
1752761791336 211.86605834960938 3499
1752761802516 212.95626831054688 3549
1752761813715 224.2282257080078 3599
1752761827456 204.52865600585938 3649
1752761838614 217.93118286132812 3699
1752761849818 194.26361083984375 3749
