1752760990034 6.4549479484558105 49
1752761001145 5.245692253112793 99
1752761012261 4.20509147644043 149
1752761023403 5.160074234008789 199
1752761034556 4.432255268096924 249
1752761048175 3.833371877670288 299
1752761059360 3.9820668697357178 349
1752761070560 3.5405681133270264 399
1752761081759 3.500194549560547 449
1752761093328 3.519784688949585 499
1752761104512 3.789825677871704 549
1752761118173 2.874864339828491 599
1752761129363 3.751877546310425 649
1752761140571 3.463992118835449 699
1752761151761 2.9580845832824707 749
1752761162965 3.4397716522216797 799
1752761176695 3.733822822570801 849
1752761187890 2.6107876300811768 899
1752761199096 2.3721914291381836 949
1752761210296 2.4738049507141113 999
1752761221483 2.8668558597564697 1049
1752761232678 3.0348851680755615 1099
1752761246410 3.683405876159668 1149
1752761257613 2.6946213245391846 1199
1752761268797 3.1614279747009277 1249
1752761279977 2.521294355392456 1299
1752761291194 3.360851764678955 1349
1752761302313 2.9104435443878174 1399
1752761316221 2.2894606590270996 1449
1752761327383 2.531731128692627 1499
1752761338564 3.7770957946777344 1549
1752761349773 3.7754526138305664 1599
1752761360950 4.141061782836914 1649
1752761374686 2.9078662395477295 1699
1752761385888 2.6090755462646484 1749
1752761397077 2.7224910259246826 1799
1752761408282 3.176619291305542 1849
1752761419478 2.5674941539764404 1899
1752761430638 2.9469356536865234 1949
1752761444404 2.926748752593994 1999
1752761455603 2.3223819732666016 2049
1752761466806 2.341548442840576 2099
1752761478006 2.3516652584075928 2149
1752761489204 3.6664111614227295 2199
1752761502926 3.371919631958008 2249
1752761514138 2.93805193901062 2299
1752761525334 2.8200409412384033 2349
1752761536533 3.0200257301330566 2399
1752761547713 2.7064030170440674 2449
1752761558883 2.631946086883545 2499
1752761572567 2.682386875152588 2549
1752761583770 3.2270123958587646 2599
1752761594975 2.697735071182251 2649
1752761606186 3.7750778198242188 2699
1752761617404 2.9455559253692627 2749
1752761628535 3.2196547985076904 2799
1752761641500 3.0420451164245605 2849
1752761652714 4.085399150848389 2899
1752761663907 3.0266075134277344 2949
1752761675116 3.592566967010498 2999
1752761686324 2.3669087886810303 3049
1752761699193 3.173520803451538 3099
1752761710420 2.7809348106384277 3149
1752761721632 3.9851369857788086 3199
1752761732837 2.4329261779785156 3249
1752761744032 2.068826675415039 3299
1752761755211 2.6091129779815674 3349
1752761768922 2.61193585395813 3399
1752761780150 3.1714391708374023 3449
1752761791336 2.2521395683288574 3499
1752761802516 2.539560079574585 3549
1752761813715 2.1758649349212646 3599
1752761827456 2.3457224369049072 3649
1752761838614 3.444573163986206 3699
1752761849818 2.694932222366333 3749
