1752760990034 257.51422119140625 49
1752761001145 254.05120849609375 99
1752761012261 250.49533081054688 149
1752761023403 248.9729461669922 199
1752761034556 246.95431518554688 249
1752761048175 243.8196258544922 299
1752761059360 241.3172149658203 349
1752761070560 238.9149169921875 399
1752761081759 236.40335083007812 449
1752761093328 233.01466369628906 499
1752761104512 231.6279296875 549
1752761118173 228.5822296142578 599
1752761129363 226.48635864257812 649
1752761140571 223.83164978027344 699
1752761151761 221.59181213378906 749
1752761162965 219.46994018554688 799
1752761176695 217.0785675048828 849
1752761187890 215.94400024414062 899
1752761199096 213.21029663085938 949
1752761210296 210.71522521972656 999
1752761221483 207.5518341064453 1049
1752761232678 206.29319763183594 1099
1752761246410 203.63597106933594 1149
1752761257613 201.09939575195312 1199
1752761268797 199.47947692871094 1249
1752761279977 196.43980407714844 1299
1752761291194 194.5235595703125 1349
1752761302313 192.02838134765625 1399
1752761316221 191.2151336669922 1449
1752761327383 187.26358032226562 1499
1752761338564 184.99716186523438 1549
1752761349773 183.492919921875 1599
1752761360950 181.30496215820312 1649
1752761374686 178.14407348632812 1699
1752761385888 176.5506591796875 1749
1752761397077 174.11203002929688 1799
1752761408282 171.6283721923828 1849
1752761419478 169.3160858154297 1899
1752761430638 166.98191833496094 1949
1752761444404 164.87863159179688 1999
1752761455603 163.0609588623047 2049
1752761466806 159.93170166015625 2099
1752761478006 157.42752075195312 2149
1752761489204 155.7908935546875 2199
1752761502926 153.1313934326172 2249
1752761514138 151.5067596435547 2299
1752761525334 150.12417602539062 2349
1752761536533 146.31524658203125 2399
1752761547713 144.7011260986328 2449
1752761558883 141.66326904296875 2499
1752761572567 140.66427612304688 2549
1752761583770 138.41665649414062 2599
1752761594975 135.98272705078125 2649
1752761606186 133.7032012939453 2699
1752761617404 132.12649536132812 2749
1752761628535 129.56451416015625 2799
1752761641500 126.86437225341797 2849
1752761652714 125.17584228515625 2899
1752761663907 122.78733825683594 2949
1752761675116 120.5831069946289 2999
1752761686324 119.16104125976562 3049
1752761699193 116.69625091552734 3099
1752761710420 115.22517395019531 3149
1752761721632 112.32528686523438 3199
1752761732837 110.13886260986328 3249
1752761744032 108.10903930664062 3299
1752761755211 105.736572265625 3349
1752761768922 104.71550750732422 3399
1752761780150 102.46321105957031 3449
1752761791336 99.61003875732422 3499
1752761802516 98.53759765625 3549
1752761813715 95.58544158935547 3599
1752761827456 93.81224060058594 3649
1752761838614 92.78137969970703 3699
1752761849818 90.84146881103516 3749
