1752760990034 25.879222869873047 49
1752761001145 24.226409912109375 99
1752761012261 23.930400848388672 149
1752761023403 23.957489013671875 199
1752761034556 23.803970336914062 249
1752761048175 23.6450252532959 299
1752761059360 23.481678009033203 349
1752761070560 23.324020385742188 399
1752761081759 23.120500564575195 449
1752761093328 23.00321388244629 499
1752761104512 22.81873321533203 549
1752761118173 22.54945945739746 599
1752761129363 22.28099822998047 649
1752761140571 22.37749481201172 699
1752761151761 22.01114273071289 749
1752761162965 21.86858558654785 799
1752761176695 21.624698638916016 849
1752761187890 21.299514770507812 899
1752761199096 21.257991790771484 949
1752761210296 21.050661087036133 999
1752761221483 20.67927360534668 1049
1752761232678 20.450374603271484 1099
1752761246410 20.512601852416992 1149
1752761257613 20.2391300201416 1199
1752761268797 19.920682907104492 1249
1752761279977 19.68243408203125 1299
1752761291194 19.51444435119629 1349
1752761302313 19.32119369506836 1399
1752761316221 19.052005767822266 1449
1752761327383 19.037494659423828 1499
1752761338564 18.69735336303711 1549
1752761349773 18.483787536621094 1599
1752761360950 18.068580627441406 1649
1752761374686 17.98006248474121 1699
1752761385888 17.87278175354004 1749
1752761397077 17.575435638427734 1799
1752761408282 17.16383934020996 1849
1752761419478 17.044424057006836 1899
1752761430638 16.901103973388672 1949
1752761444404 16.62514877319336 1999
1752761455603 16.30181884765625 2049
1752761466806 16.337757110595703 2099
1752761478006 15.807913780212402 2149
1752761489204 15.73170280456543 2199
1752761502926 15.57610034942627 2249
1752761514138 15.146757125854492 2299
1752761525334 15.046819686889648 2349
1752761536533 14.637077331542969 2399
1752761547713 14.531044960021973 2449
1752761558883 14.349016189575195 2499
1752761572567 14.024290084838867 2549
1752761583770 13.755071640014648 2599
1752761594975 13.563703536987305 2649
1752761606186 13.488151550292969 2699
1752761617404 13.114006996154785 2749
1752761628535 13.040923118591309 2799
1752761641500 12.73802661895752 2849
1752761652714 12.533121109008789 2899
1752761663907 12.27900505065918 2949
1752761675116 12.150236129760742 2999
1752761686324 11.750347137451172 3049
1752761699193 11.532404899597168 3099
1752761710420 11.329630851745605 3149
1752761721632 11.344001770019531 3199
1752761732837 10.92475700378418 3249
1752761744032 10.752283096313477 3299
1752761755211 10.559155464172363 3349
1752761768922 10.137763977050781 3399
1752761780150 10.068913459777832 3449
1752761791336 9.841684341430664 3499
1752761802516 9.759490966796875 3549
1752761813715 9.629091262817383 3599
1752761827456 9.170326232910156 3649
1752761838614 9.174266815185547 3699
1752761849818 8.8554105758667 3749
