1752759802216 0.0 49
1752759813219 0.0 99
1752759824246 0.0 149
1752759835292 0.0 199
1752759846363 0.0 249
1752759854607 0.0 279
1752759859845 1.0 299
1752759870955 1.0 349
1752759882075 1.0 399
1752759893213 1.0 449
1752759904357 1.0 499
1752759915459 1.0 549
1752759919380 1.0 559
1752759929136 2.0 599
1752759940274 2.0 649
1752759951394 2.0 699
1752759962513 2.0 749
1752759973640 2.0 799
1752759984223 2.0 839
1752759987373 3.0 849
1752759998532 3.0 899
1752760009686 3.0 949
1752760020823 3.0 999
1752760031972 3.0 1049
1752760043136 3.0 1099
1752760049254 3.0 1119
1752760056808 4.0 1149
1752760067947 4.0 1199
1752760079098 4.0 1249
1752760090230 4.0 1299
1752760101367 4.0 1349
1752760112448 4.0 1399
1752760114336 4.0 1399
1752760126404 5.0 1449
1752760137555 5.0 1499
1752760148697 5.0 1549
1752760159837 5.0 1599
1752760170985 5.0 1649
1752760179339 5.0 1679
1752760184638 6.0 1699
1752760195802 6.0 1749
1752760206946 6.0 1799
1752760218098 6.0 1849
1752760229269 6.0 1899
1752760240378 6.0 1949
1752760244324 6.0 1959
1752760254076 7.0 1999
1752760265242 7.0 2049
1752760276411 7.0 2099
1752760287560 7.0 2149
1752760298719 7.0 2199
1752760309303 7.0 2239
1752760312506 8.0 2249
1752760323626 8.0 2299
1752760334798 8.0 2349
1752760345940 8.0 2399
1752760357090 8.0 2449
1752760368250 8.0 2499
1752760374380 8.0 2519
1752760381943 9.0 2549
1752760393128 9.0 2599
1752760404283 9.0 2649
1752760415431 9.0 2699
1752760426577 9.0 2749
1752760437652 9.0 2799
1752760439402 9.0 2799
1752760451447 10.0 2849
1752760462619 10.0 2899
1752760473781 10.0 2949
1752760484938 10.0 2999
1752760496099 10.0 3049
1752760504471 10.0 3079
1752760509752 11.0 3099
1752760520914 11.0 3149
1752760532094 11.0 3199
1752760543257 11.0 3249
1752760554417 11.0 3299
1752760565553 11.0 3349
1752760569485 11.0 3359
1752760579290 12.0 3399
1752760590452 12.0 3449
1752760601589 12.0 3499
1752760612749 12.0 3549
1752760623903 12.0 3599
1752760633656 12.0 3639
1752760636833 13.0 3649
1752760648002 13.0 3699
1752760659176 13.0 3749
1752760670359 13.0 3799
1752760681514 13.0 3849
1752760692678 13.0 3899
1752760698832 13.0 3919
1752760706390 14.0 3949
1752760717547 14.0 3999
1752760728681 14.0 4049
1752760739863 14.0 4099
1752760751036 14.0 4149
1752760762110 14.0 4199
1752760763863 14.0 4199
1752760775907 15.0 4249
1752760787068 15.0 4299
1752760798220 15.0 4349
1752760809363 15.0 4399
1752760820520 15.0 4449
1752760828908 15.0 4479
1752760834249 16.0 4499
1752760845407 16.0 4549
1752760856563 16.0 4599
1752760867740 16.0 4649
1752760878915 16.0 4699
1752760890051 16.0 4749
1752760893139 16.0 4759
1752760902897 17.0 4799
