1752759802216 206.8671875 49
1752759813219 300.28802490234375 99
1752759824246 68.43302154541016 149
1752759835292 314.88018798828125 199
1752759846363 328.66668701171875 249
1752759859845 235.30197143554688 299
1752759870955 199.00494384765625 349
1752759882075 208.1147003173828 399
1752759893213 226.02700805664062 449
1752759904357 254.52783203125 499
1752759915459 255.65892028808594 549
1752759929136 319.74444580078125 599
1752759940274 265.7820739746094 649
1752759951394 299.2854309082031 699
1752759962513 284.74456787109375 749
1752759973640 579.64892578125 799
1752759987373 157.8278045654297 849
1752759998532 391.4397277832031 899
1752760009686 333.146484375 949
1752760020823 469.05712890625 999
1752760031972 99.53282165527344 1049
1752760043136 384.2435607910156 1099
1752760056808 395.35028076171875 1149
1752760067947 321.7637023925781 1199
1752760079098 297.4554443359375 1249
1752760090230 422.9539489746094 1299
1752760101367 227.09263610839844 1349
1752760112448 466.0423889160156 1399
1752760126404 445.0448303222656 1449
1752760137555 481.18231201171875 1499
1752760148697 311.3404846191406 1549
1752760159837 404.2126159667969 1599
1752760170985 486.989501953125 1649
1752760184638 345.5951232910156 1699
1752760195802 350.0638427734375 1749
1752760206946 492.4410095214844 1799
1752760218098 137.8627471923828 1849
1752760229269 608.4722900390625 1899
1752760240378 189.43321228027344 1949
1752760254076 323.6142883300781 1999
1752760265242 273.2313232421875 2049
1752760276411 417.9336242675781 2099
1752760287560 415.8885498046875 2149
1752760298719 439.2451171875 2199
1752760312506 662.3905029296875 2249
1752760323626 402.67474365234375 2299
1752760334798 552.0830078125 2349
1752760345940 335.4707946777344 2399
1752760357090 599.07666015625 2449
1752760368250 222.78433227539062 2499
1752760381943 427.27081298828125 2549
1752760393128 540.1425170898438 2599
1752760404283 362.7861022949219 2649
1752760415431 332.5452880859375 2699
1752760426577 356.09765625 2749
1752760437652 488.8937683105469 2799
1752760451447 508.74639892578125 2849
1752760462619 500.845703125 2899
1752760473781 322.3730163574219 2949
1752760484938 271.5638122558594 2999
1752760496099 243.62896728515625 3049
1752760509752 244.32733154296875 3099
1752760520914 356.6079406738281 3149
1752760532094 262.5755615234375 3199
1752760543257 425.4654541015625 3249
1752760554417 196.02207946777344 3299
1752760565553 661.7261352539062 3349
1752760579290 528.302001953125 3399
1752760590452 314.76629638671875 3449
1752760601589 488.8954772949219 3499
1752760612749 489.14654541015625 3549
1752760623903 424.25946044921875 3599
1752760636833 366.5570068359375 3649
1752760648002 368.92626953125 3699
1752760659176 407.7587585449219 3749
1752760670359 389.3554382324219 3799
1752760681514 290.1353759765625 3849
1752760692678 509.7830810546875 3899
1752760706390 408.3917541503906 3949
1752760717547 320.92791748046875 3999
1752760728681 313.813232421875 4049
1752760739863 645.542236328125 4099
1752760751036 512.7332763671875 4149
1752760762110 232.86297607421875 4199
1752760775907 327.3724365234375 4249
1752760787068 386.41748046875 4299
1752760798220 286.9394226074219 4349
1752760809363 222.1788787841797 4399
1752760820520 394.1532287597656 4449
1752760834249 302.7115783691406 4499
1752760845407 348.23138427734375 4549
1752760856563 521.1187744140625 4599
1752760867740 328.09356689453125 4649
1752760878915 407.6683044433594 4699
1752760890051 316.3742370605469 4749
1752760902897 358.3235778808594 4799
