1752759854607 320.5793762207031 279
1752759919380 302.65478515625 559
1752759984223 286.5684814453125 839
1752760049254 271.32928466796875 1119
1752760114336 256.89874267578125 1399
1752760179339 242.9076385498047 1679
1752760244324 229.1925048828125 1959
1752760309303 215.6295928955078 2239
1752760374380 202.0888671875 2519
1752760439402 188.5102081298828 2799
1752760504471 174.9230194091797 3079
1752760569485 161.73411560058594 3359
1752760633656 148.8951416015625 3639
1752760698832 136.45291137695312 3919
1752760763863 124.55736541748047 4199
1752760828908 113.48509216308594 4479
1752760893139 103.25052642822266 4759
