1752759802216 325.3082275390625 49
1752759813219 323.4984130859375 99
1752759824246 319.2450866699219 149
1752759835292 316.8521728515625 199
1752759846363 312.21331787109375 249
1752759859845 310.6003723144531 299
1752759870955 307.52569580078125 349
1752759882075 304.0300598144531 399
1752759893213 301.62530517578125 449
1752759904357 298.2038269042969 499
1752759915459 294.7557067871094 549
1752759929136 292.8140869140625 599
1752759940274 289.2543640136719 649
1752759951394 285.9464416503906 699
1752759962513 284.0856018066406 749
1752759973640 281.1378479003906 799
1752759987373 277.5094299316406 849
1752759998532 275.25323486328125 899
1752760009686 273.279296875 949
1752760020823 270.9676513671875 999
1752760031972 268.56512451171875 1049
1752760043136 265.64825439453125 1099
1752760056808 262.918701171875 1149
1752760067947 260.6393127441406 1199
1752760079098 258.0679626464844 1249
1752760090230 254.45965576171875 1299
1752760101367 251.17404174804688 1349
1752760112448 250.65150451660156 1399
1752760126404 246.9347381591797 1449
1752760137555 244.3720245361328 1499
1752760148697 242.8407440185547 1549
1752760159837 239.64324951171875 1599
1752760170985 238.02215576171875 1649
1752760184638 234.83811950683594 1699
1752760195802 233.1403045654297 1749
1752760206946 229.68540954589844 1799
1752760218098 228.2567138671875 1849
1752760229269 225.9330596923828 1899
1752760240378 222.57997131347656 1949
1752760254076 220.297607421875 1999
1752760265242 218.05126953125 2049
1752760276411 216.05828857421875 2099
1752760287560 214.61483764648438 2149
1752760298719 210.69212341308594 2199
1752760312506 208.95669555664062 2249
1752760323626 206.61085510253906 2299
1752760334798 203.0483856201172 2349
1752760345940 200.65768432617188 2399
1752760357090 197.6573486328125 2449
1752760368250 197.29714965820312 2499
1752760381943 193.88955688476562 2549
1752760393128 190.57061767578125 2599
1752760404283 189.57443237304688 2649
1752760415431 187.18899536132812 2699
1752760426577 183.79969787597656 2749
1752760437652 181.1663360595703 2799
1752760451447 179.03627014160156 2849
1752760462619 176.9818115234375 2899
1752760473781 175.5547332763672 2949
1752760484938 171.56301879882812 2999
1752760496099 170.17054748535156 3049
1752760509752 167.30624389648438 3099
1752760520914 165.03961181640625 3149
1752760532094 162.53012084960938 3199
1752760543257 160.59024047851562 3249
1752760554417 157.73838806152344 3299
1752760565553 156.10867309570312 3349
1752760579290 154.36183166503906 3399
1752760590452 150.8068084716797 3449
1752760601589 147.87171936035156 3499
1752760612749 146.89605712890625 3549
1752760623903 144.73561096191406 3599
1752760636833 141.97865295410156 3649
1752760648002 139.34031677246094 3699
1752760659176 138.55181884765625 3749
1752760670359 134.88697814941406 3799
1752760681514 133.38677978515625 3849
1752760692678 130.9664764404297 3899
1752760706390 128.98561096191406 3949
1752760717547 127.28028869628906 3999
1752760728681 125.27717590332031 4049
1752760739863 123.11454772949219 4099
1752760751036 121.39490509033203 4149
1752760762110 118.55716705322266 4199
1752760775907 116.86286926269531 4249
1752760787068 115.38481140136719 4299
1752760798220 112.98823547363281 4349
1752760809363 111.37571716308594 4399
1752760820520 110.10099029541016 4449
1752760834249 107.67985534667969 4499
1752760845407 105.184814453125 4549
1752760856563 104.03105926513672 4599
1752760867740 102.63761138916016 4649
1752760878915 100.87649536132812 4699
1752760890051 99.55473327636719 4749
1752760902897 97.1994857788086 4799
