1752759854607 6.635503768920898 279
1752759919380 4.36625862121582 559
1752759984223 4.216214656829834 839
1752760049254 4.002519607543945 1119
1752760114336 3.814426898956299 1399
1752760179339 3.8067383766174316 1679
1752760244324 3.618159055709839 1959
1752760309303 3.5080790519714355 2239
1752760374380 3.5053391456604004 2519
1752760439402 3.489009380340576 2799
1752760504471 3.402977228164673 3079
1752760569485 3.3213067054748535 3359
1752760633656 3.4108450412750244 3639
1752760698832 3.259962797164917 3919
1752760763863 3.1013054847717285 4199
1752760828908 3.100273609161377 4479
1752760893139 3.1648664474487305 4759
