1752759802216 7.8643646240234375 49
1752759813219 7.213764190673828 99
1752759824246 5.409429550170898 149
1752759835292 4.7437744140625 199
1752759846363 5.95438814163208 249
1752759859845 4.918068885803223 299
1752759870955 4.027651786804199 349
1752759882075 5.215903282165527 399
1752759893213 4.425419807434082 449
1752759904357 4.0406694412231445 499
1752759915459 4.2380547523498535 549
1752759929136 3.6045782566070557 599
1752759940274 3.8714756965637207 649
1752759951394 4.419707775115967 699
1752759962513 3.015723943710327 749
1752759973640 5.155492782592773 799
1752759987373 3.550485372543335 849
1752759998532 4.18268346786499 899
1752760009686 3.9885523319244385 949
1752760020823 4.729140758514404 999
1752760031972 3.465651273727417 1049
1752760043136 3.7029736042022705 1099
1752760056808 4.321699142456055 1149
1752760067947 4.39058780670166 1199
1752760079098 3.975400686264038 1249
1752760090230 3.1534721851348877 1299
1752760101367 4.0211405754089355 1349
1752760112448 4.503667831420898 1399
1752760126404 3.2499265670776367 1449
1752760137555 4.15683650970459 1499
1752760148697 4.718321323394775 1549
1752760159837 2.8876962661743164 1599
1752760170985 4.232298851013184 1649
1752760184638 3.1223831176757812 1699
1752760195802 3.854135751724243 1749
1752760206946 3.688058853149414 1799
1752760218098 3.528599500656128 1849
1752760229269 4.120599746704102 1899
1752760240378 4.199373722076416 1949
1752760254076 4.014391899108887 1999
1752760265242 3.4635708332061768 2049
1752760276411 2.7963995933532715 2099
1752760287560 4.612463474273682 2149
1752760298719 4.29421329498291 2199
1752760312506 3.406393527984619 2249
1752760323626 3.5620784759521484 2299
1752760334798 3.923144817352295 2349
1752760345940 3.0278215408325195 2399
1752760357090 4.355218887329102 2449
1752760368250 3.8556909561157227 2499
1752760381943 2.879528522491455 2549
1752760393128 3.624021053314209 2599
1752760404283 2.8525753021240234 2649
1752760415431 4.13032865524292 2699
1752760426577 3.312847137451172 2749
1752760437652 3.377772808074951 2799
1752760451447 3.845632314682007 2849
1752760462619 3.9216623306274414 2899
1752760473781 3.0758635997772217 2949
1752760484938 3.0557055473327637 2999
1752760496099 2.787156820297241 3049
1752760509752 3.2347943782806396 3099
1752760520914 2.734316110610962 3149
1752760532094 3.2990779876708984 3199
1752760543257 3.2602570056915283 3249
1752760554417 2.9823899269104004 3299
1752760565553 3.77201509475708 3349
1752760579290 3.3083362579345703 3399
1752760590452 3.4563183784484863 3449
1752760601589 3.9901461601257324 3499
1752760612749 3.6590781211853027 3549
1752760623903 3.127298355102539 3599
1752760636833 2.9964799880981445 3649
1752760648002 3.159054756164551 3699
1752760659176 3.1623809337615967 3749
1752760670359 3.229356288909912 3799
1752760681514 2.3519651889801025 3849
1752760692678 3.1359896659851074 3899
1752760706390 3.1259286403656006 3949
1752760717547 2.5498228073120117 3999
1752760728681 3.2024331092834473 4049
1752760739863 3.60622501373291 4099
1752760751036 3.4279117584228516 4149
1752760762110 2.4330732822418213 4199
1752760775907 3.214989185333252 4249
1752760787068 2.893625259399414 4299
1752760798220 3.1969103813171387 4349
1752760809363 2.7780823707580566 4399
1752760820520 3.2854175567626953 4449
1752760834249 4.557579517364502 4499
1752760845407 3.2315852642059326 4549
1752760856563 3.438664674758911 4599
1752760867740 2.9346909523010254 4649
1752760878915 3.3449063301086426 4699
1752760890051 3.014063596725464 4749
1752760902897 3.6229021549224854 4799
