1752759854607 275.5815734863281 279
1752759919380 282.34912109375 559
1752759984223 363.4951477050781 839
1752760049254 343.42822265625 1119
1752760114336 367.1108703613281 1399
1752760179339 395.7762145996094 1679
1752760244324 364.8952331542969 1959
1752760309303 373.2945251464844 2239
1752760374380 391.51434326171875 2519
1752760439402 400.1609802246094 2799
1752760504471 378.130859375 3079
1752760569485 344.91827392578125 3359
1752760633656 405.8296203613281 3639
1752760698832 327.1768798828125 3919
1752760763863 337.3645935058594 4199
1752760828908 306.0199890136719 4479
1752760893139 340.8792419433594 4759
