1752759802216 32.101341247558594 49
1752759813219 32.89043426513672 99
1752759824246 32.246009826660156 149
1752759835292 31.442386627197266 199
1752759846363 30.693758010864258 249
1752759859845 30.264511108398438 299
1752759870955 29.984962463378906 349
1752759882075 29.568435668945312 399
1752759893213 29.48384666442871 449
1752759904357 29.309635162353516 499
1752759915459 28.806137084960938 549
1752759929136 28.828536987304688 599
1752759940274 28.479345321655273 649
1752759951394 28.419349670410156 699
1752759962513 28.23553466796875 749
1752759973640 27.971378326416016 799
1752759987373 27.539649963378906 849
1752759998532 27.16643524169922 899
1752760009686 27.32301902770996 949
1752760020823 26.992828369140625 999
1752760031972 26.578929901123047 1049
1752760043136 26.37511444091797 1099
1752760056808 26.303691864013672 1149
1752760067947 25.926380157470703 1199
1752760079098 25.867286682128906 1249
1752760090230 25.458751678466797 1299
1752760101367 25.169708251953125 1349
1752760112448 25.11125946044922 1399
1752760126404 24.641393661499023 1449
1752760137555 24.668649673461914 1499
1752760148697 24.41416358947754 1549
1752760159837 24.00152015686035 1599
1752760170985 23.480083465576172 1649
1752760184638 23.324541091918945 1699
1752760195802 23.295217514038086 1749
1752760206946 22.921348571777344 1799
1752760218098 22.797191619873047 1849
1752760229269 22.439937591552734 1899
1752760240378 22.368614196777344 1949
1752760254076 22.00377655029297 1999
1752760265242 21.574594497680664 2049
1752760276411 21.59438705444336 2099
1752760287560 21.34105682373047 2149
1752760298719 21.158981323242188 2199
1752760312506 20.927566528320312 2249
1752760323626 20.617263793945312 2299
1752760334798 20.472387313842773 2349
1752760345940 20.245359420776367 2399
1752760357090 20.04892349243164 2449
1752760368250 19.73800277709961 2499
1752760381943 19.544544219970703 2549
1752760393128 19.063003540039062 2599
1752760404283 19.070714950561523 2649
1752760415431 18.876964569091797 2699
1752760426577 18.684314727783203 2749
1752760437652 18.345195770263672 2799
1752760451447 18.153879165649414 2849
1752760462619 17.888919830322266 2899
1752760473781 17.634872436523438 2949
1752760484938 17.277202606201172 2999
1752760496099 17.40627670288086 3049
1752760509752 16.777912139892578 3099
1752760520914 16.7298583984375 3149
1752760532094 16.441387176513672 3199
1752760543257 15.990626335144043 3249
1752760554417 16.05381965637207 3299
1752760565553 15.65101432800293 3349
1752760579290 15.474329948425293 3399
1752760590452 15.119772911071777 3449
1752760601589 15.159908294677734 3499
1752760612749 14.73939037322998 3549
1752760623903 14.611324310302734 3599
1752760636833 14.39244556427002 3649
1752760648002 14.156847953796387 3699
1752760659176 13.836718559265137 3749
1752760670359 13.639217376708984 3799
1752760681514 13.291070938110352 3849
1752760692678 13.030057907104492 3899
1752760706390 12.978828430175781 3949
1752760717547 12.749914169311523 3999
1752760728681 12.488373756408691 4049
1752760739863 12.15705680847168 4099
1752760751036 11.942811965942383 4149
1752760762110 11.867633819580078 4199
1752760775907 11.773822784423828 4249
1752760787068 11.360333442687988 4299
1752760798220 10.92534065246582 4349
1752760809363 11.039129257202148 4399
1752760820520 10.813850402832031 4449
1752760834249 10.489938735961914 4499
1752760845407 10.618246078491211 4549
1752760856563 10.29177188873291 4599
1752760867740 10.085193634033203 4649
1752760878915 9.759700775146484 4699
1752760890051 9.644002914428711 4749
1752760902897 9.543743133544922 4799
