1752759854607 32.0368537902832 279
1752759919380 29.642271041870117 559
1752759984223 28.400901794433594 839
1752760049254 27.031904220581055 1119
1752760114336 25.655166625976562 1399
1752760179339 24.327796936035156 1679
1752760244324 22.922414779663086 1959
1752760309303 21.587139129638672 2239
1752760374380 20.301971435546875 2519
1752760439402 19.010866165161133 2799
1752760504471 17.707576751708984 3079
1752760569485 16.302486419677734 3359
1752760633656 15.04908275604248 3639
1752760698832 13.674361228942871 3919
1752760763863 12.428792953491211 4199
1752760828908 11.244233131408691 4479
1752760893139 10.146754264831543 4759
