1752759802216 0.0 49
1752759813219 0.0 99
1752759824246 0.0 149
1752759835292 0.0 199
1752759846363 0.0 249
1752759859845 0.0 299
1752759870955 0.0 349
1752759882075 0.0 399
1752759893213 0.0 449
1752759904357 0.0 499
1752759915459 0.0 549
1752759929136 0.0 599
1752759940274 0.0 649
1752759951394 0.0 699
1752759962513 0.0 749
1752759973640 0.0 799
1752759987373 0.0 849
1752759998532 0.0 899
1752760009686 0.0 949
1752760020823 0.0 999
1752760031972 0.0 1049
1752760043136 0.0 1099
1752760056808 0.0 1149
1752760067947 0.0 1199
1752760079098 0.0 1249
1752760090230 0.0 1299
1752760101367 0.0 1349
1752760112448 0.0 1399
1752760126404 0.0 1449
1752760137555 0.0 1499
1752760148697 0.0 1549
1752760159837 0.0 1599
1752760170985 0.0 1649
1752760184638 0.0 1699
1752760195802 0.0 1749
1752760206946 0.0 1799
1752760218098 0.0 1849
1752760229269 0.0 1899
1752760240378 0.0 1949
1752760254076 0.0 1999
1752760265242 0.0 2049
1752760276411 0.0 2099
1752760287560 0.0 2149
1752760298719 0.0 2199
1752760312506 0.0 2249
1752760323626 0.0 2299
1752760334798 0.0 2349
1752760345940 0.0 2399
1752760357090 0.0 2449
1752760368250 0.0 2499
1752760381943 0.0 2549
1752760393128 0.0 2599
1752760404283 0.0 2649
1752760415431 0.0 2699
1752760426577 0.0 2749
1752760437652 0.0 2799
1752760451447 0.0 2849
1752760462619 0.0 2899
1752760473781 0.0 2949
1752760484938 0.0 2999
1752760496099 0.0 3049
1752760509752 0.0 3099
1752760520914 0.0 3149
1752760532094 0.0 3199
1752760543257 0.0 3249
1752760554417 0.0 3299
1752760565553 0.0 3349
1752760579290 0.0 3399
1752760590452 0.0 3449
1752760601589 0.0 3499
1752760612749 0.0 3549
1752760623903 0.0 3599
1752760636833 0.0 3649
1752760648002 0.0 3699
1752760659176 0.0 3749
1752760670359 0.0 3799
1752760681514 0.0 3849
1752760692678 0.0 3899
1752760706390 0.0 3949
1752760717547 0.0 3999
1752760728681 0.0 4049
1752760739863 0.0 4099
1752760751036 0.0 4149
1752760762110 0.0 4199
1752760775907 0.0 4249
1752760787068 0.0 4299
1752760798220 0.0 4349
1752760809363 0.0 4399
1752760820520 0.0 4449
1752760834249 0.0 4499
1752760845407 0.0 4549
1752760856563 0.0 4599
1752760867740 0.0 4649
1752760878915 0.0 4699
1752760890051 0.0 4749
1752760902897 0.0 4799
