1752755660414 253.45736694335938 49
1752755666752 250.47715759277344 99
1752755673052 249.0311279296875 149
1752755679429 247.4818572998047 199
1752755685784 243.33840942382812 249
1752755692112 242.62437438964844 299
1752755698517 239.41661071777344 349
1752755704875 236.5060577392578 399
1752755711266 234.9027099609375 449
1752755717651 234.50607299804688 499
1752755726759 231.7708740234375 549
1752755733119 227.99014282226562 599
1752755739529 227.56060791015625 649
1752755745906 224.4767608642578 699
