1752755660414 3.714423656463623 49
1752755666752 2.8694071769714355 99
1752755673052 2.249269723892212 149
1752755679429 2.048501968383789 199
1752755685784 2.3968114852905273 249
1752755692112 1.932992935180664 299
1752755698517 2.2469234466552734 349
1752755704875 2.44923734664917 399
1752755711266 1.890486478805542 449
1752755717651 1.4803192615509033 499
1752755726759 2.381075859069824 549
1752755733119 2.190748453140259 599
1752755739529 1.655840277671814 649
1752755745906 1.7167396545410156 699
