1752755660414 78.52570343017578 49
1752755666752 110.99217224121094 99
1752755673052 93.42976379394531 149
1752755679429 51.882789611816406 199
1752755685784 115.27503967285156 249
1752755692112 222.0535430908203 299
1752755698517 270.0510559082031 349
1752755704875 217.39816284179688 399
1752755711266 250.10055541992188 449
1752755717651 84.80438232421875 499
1752755726759 86.71859741210938 549
1752755733119 215.07382202148438 599
1752755739529 207.7211456298828 649
1752755745906 89.220703125 699
