1752755660414 24.11073112487793 49
1752755666752 24.321945190429688 99
1752755673052 23.626419067382812 149
1752755679429 23.678245544433594 199
1752755685784 23.576881408691406 249
1752755692112 23.389122009277344 299
1752755698517 23.412307739257812 349
1752755704875 23.15191650390625 399
1752755711266 22.861896514892578 449
1752755717651 22.899057388305664 499
1752755726759 22.826881408691406 549
1752755733119 22.652667999267578 599
1752755739529 22.32378387451172 649
1752755745906 22.24563980102539 699
