1752762842634 0.0 49
1752762853661 0.0 99
1752762864718 0.0 149
1752762875795 0.0 199
1752762886879 0.0 249
1752762895129 0.0 279
1752762900382 1.0 299
1752762911492 1.0 349
1752762922615 1.0 399
1752762933752 1.0 449
1752762944892 1.0 499
1752762956021 1.0 549
1752762959938 1.0 559
1752762969751 2.0 599
1752762980907 2.0 649
1752762992057 2.0 699
1752763003226 2.0 749
1752763014412 2.0 799
1752763024982 2.0 839
1752763028086 3.0 849
1752763039241 3.0 899
1752763050405 3.0 949
1752763061562 3.0 999
1752763072720 3.0 1049
1752763083880 3.0 1099
1752763090010 3.0 1119
1752763097557 4.0 1149
1752763108718 4.0 1199
1752763119886 4.0 1249
1752763131049 4.0 1299
1752763142228 4.0 1349
1752763153315 4.0 1399
1752763155202 4.0 1399
1752763167200 5.0 1449
1752763178349 5.0 1499
1752763189530 5.0 1549
1752763200686 5.0 1599
1752763211850 5.0 1649
1752763220231 5.0 1679
1752763225570 6.0 1699
1752763236726 6.0 1749
1752763247899 6.0 1799
1752763259059 6.0 1849
1752763270233 6.0 1899
1752763281376 6.0 1949
1752763285302 6.0 1959
1752763295114 7.0 1999
1752763306285 7.0 2049
1752763317449 7.0 2099
1752763328625 7.0 2149
1752763339804 7.0 2199
1752763350436 7.0 2239
1752763353576 8.0 2249
1752763364753 8.0 2299
1752763375916 8.0 2349
1752763387097 8.0 2399
1752763398266 8.0 2449
1752763409452 8.0 2499
1752763415597 8.0 2519
1752763423102 9.0 2549
1752763434264 9.0 2599
1752763445452 9.0 2649
1752763456640 9.0 2699
1752763467838 9.0 2749
1752763478955 9.0 2799
1752763480698 9.0 2799
1752763492780 10.0 2849
1752763503946 10.0 2899
1752763515127 10.0 2949
1752763526297 10.0 2999
1752763537467 10.0 3049
1752763545821 10.0 3079
1752763551183 11.0 3099
1752763562367 11.0 3149
1752763573512 11.0 3199
1752763584692 11.0 3249
1752763595850 11.0 3299
1752763606992 11.0 3349
1752763610921 11.0 3359
1752763620734 12.0 3399
1752763631902 12.0 3449
1752763643073 12.0 3499
1752763654255 12.0 3549
1752763665431 12.0 3599
1752763676067 12.0 3639
1752763679170 13.0 3649
1752763690356 13.0 3699
1752763701534 13.0 3749
1752763712727 13.0 3799
1752763723909 13.0 3849
1752763735092 13.0 3899
1752763740402 13.0 3919
1752763747925 14.0 3949
1752763759076 14.0 3999
1752763770249 14.0 4049
1752763781448 14.0 4099
1752763792631 14.0 4149
1752763803728 14.0 4199
1752763804630 14.0 4199
1752763816650 15.0 4249
1752763827825 15.0 4299
1752763838995 15.0 4349
1752763850168 15.0 4399
1752763861334 15.0 4449
1752763869716 15.0 4479
1752763875006 16.0 4499
1752763886191 16.0 4549
1752763897352 16.0 4599
1752763908555 16.0 4649
1752763919753 16.0 4699
1752763930932 16.0 4749
1752763934015 16.0 4759
1752763943816 17.0 4799
1752763955020 17.0 4849
1752763966178 17.0 4899
1752763977317 17.0 4949
1752763988489 17.0 4999
1752763999107 17.0 5039
1752764002209 18.0 5049
1752764013382 18.0 5099
1752764024561 18.0 5149
1752764035741 18.0 5199
1752764046926 18.0 5249
1752764058252 18.0 5299
1752764063559 18.0 5319
1752764071105 19.0 5349
1752764082303 19.0 5399
1752764093490 19.0 5449
1752764104672 19.0 5499
1752764115856 19.0 5549
1752764126954 19.0 5599
1752764128707 19.0 5599
1752764140771 20.0 5649
1752764151944 20.0 5699
1752764163140 20.0 5749
1752764174309 20.0 5799
1752764185489 20.0 5849
1752764193870 20.0 5879
1752764199153 21.0 5899
1752764210347 21.0 5949
1752764221522 21.0 5999
1752764232712 21.0 6049
1752764243896 21.0 6099
1752764255069 21.0 6149
1752764258161 21.0 6159
1752764267967 22.0 6199
1752764279179 22.0 6249
1752764290374 22.0 6299
1752764301562 22.0 6349
1752764312761 22.0 6399
1752764322534 22.0 6439
1752764325677 23.0 6449
1752764336842 23.0 6499
1752764348015 23.0 6549
1752764359185 23.0 6599
1752764370376 23.0 6649
1752764381559 23.0 6699
1752764387692 23.0 6719
1752764395261 24.0 6749
1752764406452 24.0 6799
1752764417648 24.0 6849
1752764428815 24.0 6899
1752764439987 24.0 6949
1752764451093 24.0 6999
1752764452852 24.0 6999
1752764464911 25.0 7049
1752764476068 25.0 7099
1752764487246 25.0 7149
1752764498438 25.0 7199
1752764509613 25.0 7249
1752764518003 25.0 7279
1752764523336 26.0 7299
1752764534529 26.0 7349
1752764545714 26.0 7399
1752764556876 26.0 7449
1752764568052 26.0 7499
1752764579214 26.0 7549
1752764582299 26.0 7559
1752764592123 27.0 7599
1752764603296 27.0 7649
1752764614457 27.0 7699
1752764625623 27.0 7749
1752764636805 27.0 7799
1752764647417 27.0 7839
1752764650479 28.0 7849
1752764661666 28.0 7899
1752764672840 28.0 7949
1752764684034 28.0 7999
1752764695218 28.0 8049
1752764706390 28.0 8099
1752764712538 28.0 8119
1752764720120 29.0 8149
1752764731313 29.0 8199
1752764742496 29.0 8249
1752764753701 29.0 8299
1752764764878 29.0 8349
1752764775994 29.0 8399
1752764776917 29.0 8399
1752764788996 30.0 8449
1752764800194 30.0 8499
1752764811388 30.0 8549
1752764822572 30.0 8599
1752764833759 30.0 8649
1752764842135 30.0 8679
1752764847479 31.0 8699
1752764858655 31.0 8749
1752764869840 31.0 8799
1752764881014 31.0 8849
1752764892203 31.0 8899
1752764903363 31.0 8949
1752764907290 31.0 8959
1752764917049 32.0 8999
1752764928195 32.0 9049
1752764939330 32.0 9099
1752764950525 32.0 9149
1752764961673 32.0 9199
1752764971438 32.0 9239
1752764974563 33.0 9249
1752764985761 33.0 9299
1752764996948 33.0 9349
1752765008120 33.0 9399
1752765019305 33.0 9449
1752765030484 33.0 9499
1752765035784 33.0 9519
1752765043400 34.0 9549
1752765054724 34.0 9599
1752765065895 34.0 9649
1752765077063 34.0 9699
1752765088251 34.0 9749
1752765099346 34.0 9799
1752765100265 34.0 9799
1752765112304 35.0 9849
1752765123490 35.0 9899
1752765134654 35.0 9949
1752765145834 35.0 9999
1752765156997 35.0 10049
1752765164508 35.0 10079
1752765169827 36.0 10099
1752765180989 36.0 10149
1752765192150 36.0 10199
