1752762842634 2.3536219596862793 49
1752762853661 1.9139289855957031 99
1752762864718 2.601893663406372 149
1752762875795 2.1842596530914307 199
1752762886879 2.0397465229034424 249
1752762900382 2.032972812652588 299
1752762911492 2.140904426574707 349
1752762922615 1.6505613327026367 399
1752762933752 1.8416860103607178 449
1752762944892 1.7088549137115479 499
1752762956021 2.3654112815856934 549
1752762969751 2.411372423171997 599
1752762980907 1.660660982131958 649
1752762992057 1.6244738101959229 699
1752763003226 1.5819149017333984 749
1752763014412 2.061859607696533 799
1752763028086 1.4215021133422852 849
1752763039241 1.676668405532837 899
1752763050405 1.0459121465682983 949
1752763061562 1.416585922241211 999
1752763072720 1.161170482635498 1049
1752763083880 1.7385361194610596 1099
1752763097557 1.4981293678283691 1149
1752763108718 1.2539117336273193 1199
1752763119886 1.253692388534546 1249
1752763131049 1.2493436336517334 1299
1752763142228 0.8549254536628723 1349
1752763153315 1.1433801651000977 1399
1752763167200 1.3620673418045044 1449
1752763178349 1.1523480415344238 1499
1752763189530 1.2348990440368652 1549
1752763200686 1.1461611986160278 1599
1752763211850 1.010029673576355 1649
1752763225570 0.8779089450836182 1699
1752763236726 0.8458035588264465 1749
1752763247899 0.8771911859512329 1799
1752763259059 0.6230300664901733 1849
1752763270233 1.1292247772216797 1899
1752763281376 0.807173490524292 1949
1752763295114 1.0784703493118286 1999
1752763306285 0.9800917506217957 2049
1752763317449 0.876408576965332 2099
1752763328625 0.9137806296348572 2149
1752763339804 0.7224575281143188 2199
1752763353576 0.49421536922454834 2249
1752763364753 1.0116627216339111 2299
1752763375916 0.6237215995788574 2349
1752763387097 0.6272999048233032 2399
1752763398266 0.7444087266921997 2449
1752763409452 0.6852087378501892 2499
1752763423102 0.6182657480239868 2549
1752763434264 0.7748977541923523 2599
1752763445452 0.627894401550293 2649
1752763456640 0.5841053128242493 2699
1752763467838 0.8104385137557983 2749
1752763478955 0.8416846990585327 2799
1752763492780 0.5204265713691711 2849
1752763503946 0.7237858772277832 2899
1752763515127 0.5232728719711304 2949
1752763526297 0.7709925174713135 2999
1752763537467 0.6828583478927612 3049
1752763551183 0.8185650706291199 3099
1752763562367 0.46537449955940247 3149
1752763573512 0.6667332649230957 3199
1752763584692 1.0340769290924072 3249
1752763595850 0.3261018991470337 3299
1752763606992 0.5397681593894958 3349
1752763620734 0.5180537104606628 3399
1752763631902 0.7046625018119812 3449
1752763643073 0.38386070728302 3499
1752763654255 0.45287367701530457 3549
1752763665431 0.40347957611083984 3599
1752763679170 0.7660883069038391 3649
1752763690356 0.5886632800102234 3699
1752763701534 0.6295886039733887 3749
1752763712727 0.9555356502532959 3799
1752763723909 0.5293347239494324 3849
1752763735092 0.6011239290237427 3899
1752763747925 0.44903600215911865 3949
1752763759076 0.5679416656494141 3999
1752763770249 0.6376388072967529 4049
1752763781448 0.4196442663669586 4099
1752763792631 0.4844561815261841 4149
1752763803728 0.5388286113739014 4199
1752763816650 0.434470534324646 4249
1752763827825 0.5087651014328003 4299
1752763838995 0.609012246131897 4349
1752763850168 0.3369286060333252 4399
1752763861334 0.5981321334838867 4449
1752763875006 0.42719539999961853 4499
1752763886191 0.5050947666168213 4549
1752763897352 0.5278264284133911 4599
1752763908555 0.3955998122692108 4649
1752763919753 0.400007426738739 4699
1752763930932 0.4304542541503906 4749
1752763943816 0.4935494661331177 4799
1752763955020 0.45336443185806274 4849
1752763966178 0.4596937298774719 4899
1752763977317 0.47168704867362976 4949
1752763988489 0.3236549496650696 4999
1752764002209 0.4646933078765869 5049
1752764013382 0.5024493336677551 5099
1752764024561 0.5701810121536255 5149
1752764035741 0.3598383665084839 5199
1752764046926 0.5556870698928833 5249
1752764058252 0.4293876588344574 5299
1752764071105 0.3324618935585022 5349
1752764082303 0.40433910489082336 5399
1752764093490 0.4866925776004791 5449
1752764104672 0.4580373167991638 5499
1752764115856 0.5739277601242065 5549
1752764126954 0.45565688610076904 5599
1752764140771 0.3915971517562866 5649
1752764151944 0.4445892572402954 5699
1752764163140 0.42762213945388794 5749
1752764174309 0.4738420248031616 5799
1752764185489 0.2895638346672058 5849
1752764199153 0.34883642196655273 5899
1752764210347 0.45412901043891907 5949
1752764221522 0.32814764976501465 5999
1752764232712 0.46052980422973633 6049
1752764243896 0.5943397283554077 6099
1752764255069 0.49133920669555664 6149
1752764267967 0.38764268159866333 6199
1752764279179 0.48833656311035156 6249
1752764290374 0.5911993980407715 6299
1752764301562 0.26163816452026367 6349
1752764312761 0.4977756142616272 6399
1752764325677 0.34804797172546387 6449
1752764336842 0.31864306330680847 6499
1752764348015 0.34108686447143555 6549
1752764359185 0.3141731321811676 6599
1752764370376 0.3445150852203369 6649
1752764381559 0.34524983167648315 6699
1752764395261 0.3144082725048065 6749
1752764406452 0.3040754199028015 6799
1752764417648 0.5473296642303467 6849
1752764428815 0.30680397152900696 6899
1752764439987 0.30469468235969543 6949
1752764451093 0.4423537254333496 6999
1752764464911 0.48955267667770386 7049
1752764476068 0.31772926449775696 7099
1752764487246 0.39000844955444336 7149
1752764498438 0.3017290532588959 7199
1752764509613 0.3909760117530823 7249
1752764523336 0.4497278034687042 7299
1752764534529 0.40265804529190063 7349
1752764545714 0.19294852018356323 7399
1752764556876 0.3958320915699005 7449
1752764568052 0.20333433151245117 7499
1752764579214 0.2924146056175232 7549
1752764592123 0.3977964520454407 7599
1752764603296 0.3374614119529724 7649
1752764614457 0.32390931248664856 7699
1752764625623 0.2179257720708847 7749
1752764636805 0.46881675720214844 7799
1752764650479 0.33810508251190186 7849
1752764661666 0.7360138297080994 7899
1752764672840 0.27594831585884094 7949
1752764684034 0.27410387992858887 7999
1752764695218 0.33418846130371094 8049
1752764706390 0.39724087715148926 8099
1752764720120 0.28294074535369873 8149
1752764731313 0.306119441986084 8199
1752764742496 0.195357084274292 8249
1752764753701 0.38119208812713623 8299
1752764764878 0.593008279800415 8349
1752764775994 0.19758281111717224 8399
1752764788996 0.35185837745666504 8449
1752764800194 0.27946561574935913 8499
1752764811388 0.3610304594039917 8549
1752764822572 0.2707344591617584 8599
1752764833759 0.4267379939556122 8649
1752764847479 0.30511993169784546 8699
1752764858655 0.3572167754173279 8749
1752764869840 0.30908671021461487 8799
1752764881014 0.30372899770736694 8849
1752764892203 0.4974629878997803 8899
1752764903363 0.3305659294128418 8949
1752764917049 0.3343273997306824 8999
1752764928195 0.28104788064956665 9049
1752764939330 0.19549879431724548 9099
1752764950525 0.46755948662757874 9149
1752764961673 0.6142613887786865 9199
1752764974563 0.31236785650253296 9249
1752764985761 0.2774237096309662 9299
1752764996948 0.2398107647895813 9349
1752765008120 0.2662799060344696 9399
1752765019305 0.32299894094467163 9449
1752765030484 0.2616296708583832 9499
1752765043400 0.2679792642593384 9549
1752765054724 0.3686741888523102 9599
1752765065895 0.23413574695587158 9649
1752765077063 0.35304325819015503 9699
1752765088251 0.22603857517242432 9749
1752765099346 0.3712350130081177 9799
1752765112304 0.24481916427612305 9849
1752765123490 0.19955483078956604 9899
1752765134654 0.21863076090812683 9949
1752765145834 0.4463304579257965 9999
1752765156997 0.26728615164756775 10049
1752765169827 0.7190380096435547 10099
1752765180989 0.22027839720249176 10149
1752765192150 0.2435523420572281 10199
