1752762895129 22.418426513671875 279
1752762959938 21.642099380493164 559
1752763024982 20.98308563232422 839
1752763090010 20.065595626831055 1119
1752763155202 19.07603645324707 1399
1752763220231 17.90598487854004 1679
1752763285302 16.585622787475586 1959
1752763350436 15.271041870117188 2239
1752763415597 13.975189208984375 2519
1752763480698 12.6784029006958 2799
1752763545821 11.416834831237793 3079
1752763610921 10.239298820495605 3359
1752763676067 9.109169960021973 3639
1752763740402 8.089470863342285 3919
1752763804630 7.149513244628906 4199
1752763869716 6.285799026489258 4479
1752763934015 5.490618705749512 4759
1752763999107 4.820413112640381 5039
1752764063559 4.216991424560547 5319
1752764128707 3.666593313217163 5599
1752764193870 3.212956666946411 5879
1752764258161 2.814317226409912 6159
1752764322534 2.473834991455078 6439
1752764387692 2.2006289958953857 6719
1752764452852 1.9935208559036255 6999
1752764518003 1.8195229768753052 7279
1752764582299 1.710350513458252 7559
1752764647417 1.612405776977539 7839
1752764712538 1.5475021600723267 8119
1752764776917 1.4829843044281006 8399
1752764842135 1.4450920820236206 8679
1752764907290 1.4219423532485962 8959
1752764971438 1.4012495279312134 9239
1752765035784 1.392305850982666 9519
1752765100265 1.381502628326416 9799
1752765164508 1.3709065914154053 10079
