1752762895129 0.083815798163414 279
1752762959938 0.06136704981327057 559
1752763024982 0.05582107976078987 839
1752763090010 0.05228082463145256 1119
1752763155202 0.05029476433992386 1399
1752763220231 0.04825344309210777 1679
1752763285302 0.04685698077082634 1959
1752763350436 0.046086665242910385 2239
1752763415597 0.04399329796433449 2519
1752763480698 0.04393608123064041 2799
1752763545821 0.04275926202535629 3079
1752763610921 0.04219193756580353 3359
1752763676067 0.041395630687475204 3639
1752763740402 0.042609356343746185 3919
1752763804630 0.042856812477111816 4199
1752763869716 0.038980621844530106 4479
1752763934015 0.03921470046043396 4759
1752763999107 0.03866104036569595 5039
1752764063559 0.038807377219200134 5319
1752764128707 0.03856680542230606 5599
1752764193870 0.03733332082629204 5879
1752764258161 0.03773992881178856 6159
1752764322534 0.03812013566493988 6439
1752764387692 0.037140876054763794 6719
1752764452852 0.03655526787042618 6999
1752764518003 0.03636811301112175 7279
1752764582299 0.03674988076090813 7559
1752764647417 0.03636796772480011 7839
1752764712538 0.0361827053129673 8119
1752764776917 0.03641313314437866 8399
1752764842135 0.034586671739816666 8679
1752764907290 0.03408278524875641 8959
1752764971438 0.03471338748931885 9239
1752765035784 0.034886434674263 9519
1752765100265 0.03419087827205658 9799
1752765164508 0.03455828130245209 10079
