1752762842634 6.771681308746338 49
1752762853661 5.493162155151367 99
1752762864718 5.307861328125 149
1752762875795 5.56400203704834 199
1752762886879 5.218014240264893 249
1752762900382 6.675491809844971 299
1752762911492 4.380646705627441 349
1752762922615 4.172646522521973 399
1752762933752 4.955676078796387 449
1752762944892 5.766864776611328 499
1752762956021 4.231545925140381 549
1752762969751 6.9736809730529785 599
1752762980907 5.011930465698242 649
1752762992057 4.6681928634643555 699
1752763003226 4.601259231567383 749
1752763014412 3.8084590435028076 799
1752763028086 3.7460639476776123 849
1752763039241 4.460916519165039 899
1752763050405 5.451318740844727 949
1752763061562 4.008507251739502 999
1752763072720 3.867011547088623 1049
1752763083880 4.504508972167969 1099
1752763097557 4.142204761505127 1149
1752763108718 3.525951862335205 1199
1752763119886 4.204715728759766 1249
1752763131049 4.260354995727539 1299
1752763142228 3.7010083198547363 1349
1752763153315 3.772679328918457 1399
1752763167200 4.295085906982422 1449
1752763178349 3.83072566986084 1499
1752763189530 3.1844325065612793 1549
1752763200686 3.906742572784424 1599
1752763211850 5.121590614318848 1649
1752763225570 3.787041187286377 1699
1752763236726 3.9363720417022705 1749
1752763247899 4.348355293273926 1799
1752763259059 2.76131010055542 1849
1752763270233 4.499392986297607 1899
1752763281376 2.9223389625549316 1949
1752763295114 3.277585983276367 1999
1752763306285 4.477593421936035 2049
1752763317449 5.059189319610596 2099
1752763328625 4.281419277191162 2149
1752763339804 3.4685847759246826 2199
1752763353576 3.193326950073242 2249
1752763364753 4.15849494934082 2299
1752763375916 4.184277534484863 2349
1752763387097 3.4193124771118164 2399
1752763398266 3.597752094268799 2449
1752763409452 4.02311897277832 2499
1752763423102 4.109775066375732 2549
1752763434264 3.5477311611175537 2599
1752763445452 6.222017288208008 2649
1752763456640 2.8365211486816406 2699
1752763467838 4.702876091003418 2749
1752763478955 3.693901538848877 2799
1752763492780 2.9755749702453613 2849
1752763503946 4.0411834716796875 2899
1752763515127 2.766234874725342 2949
1752763526297 3.4319863319396973 2999
1752763537467 3.1270296573638916 3049
1752763551183 3.3578054904937744 3099
1752763562367 3.5345187187194824 3149
1752763573512 4.118914604187012 3199
1752763584692 4.306593894958496 3249
1752763595850 3.498528480529785 3299
1752763606992 2.859349250793457 3349
1752763620734 4.511327266693115 3399
1752763631902 4.0337724685668945 3449
1752763643073 3.1633663177490234 3499
1752763654255 3.437878131866455 3549
1752763665431 3.651726484298706 3599
1752763679170 3.72353196144104 3649
1752763690356 3.44161319732666 3699
1752763701534 3.4652092456817627 3749
1752763712727 4.929481029510498 3799
1752763723909 3.524599075317383 3849
1752763735092 4.248753547668457 3899
1752763747925 3.61086106300354 3949
1752763759076 3.074629306793213 3999
1752763770249 3.3283300399780273 4049
1752763781448 3.1254284381866455 4099
1752763792631 3.387943744659424 4149
1752763803728 3.517498016357422 4199
1752763816650 3.60589599609375 4249
1752763827825 3.4482483863830566 4299
1752763838995 5.807489395141602 4349
1752763850168 2.7673425674438477 4399
1752763861334 4.321737289428711 4449
1752763875006 2.734898567199707 4499
1752763886191 3.853703022003174 4549
1752763897352 3.505560874938965 4599
1752763908555 3.803187608718872 4649
1752763919753 2.967191696166992 4699
1752763930932 3.704881191253662 4749
1752763943816 4.144761085510254 4799
1752763955020 3.679882049560547 4849
1752763966178 3.774982213973999 4899
1752763977317 2.2750937938690186 4949
1752763988489 3.432708263397217 4999
1752764002209 2.842747688293457 5049
1752764013382 3.8816235065460205 5099
1752764024561 4.73116397857666 5149
1752764035741 2.932926654815674 5199
1752764046926 4.091557502746582 5249
1752764058252 4.038933753967285 5299
1752764071105 2.514711380004883 5349
1752764082303 3.447202682495117 5399
1752764093490 2.961752414703369 5449
1752764104672 3.501941442489624 5499
1752764115856 3.383111000061035 5549
1752764126954 4.655488014221191 5599
1752764140771 3.4571170806884766 5649
1752764151944 2.721024990081787 5699
1752764163140 3.7580037117004395 5749
1752764174309 2.798046827316284 5799
1752764185489 4.021909713745117 5849
1752764199153 3.4493420124053955 5899
1752764210347 3.7014055252075195 5949
1752764221522 2.9786880016326904 5999
1752764232712 3.775339126586914 6049
1752764243896 3.427671432495117 6099
1752764255069 3.592742443084717 6149
1752764267967 3.2526931762695312 6199
1752764279179 3.1874783039093018 6249
1752764290374 3.516244649887085 6299
1752764301562 2.5737526416778564 6349
1752764312761 3.7645421028137207 6399
1752764325677 2.7075307369232178 6449
1752764336842 3.3642690181732178 6499
1752764348015 3.347625255584717 6549
1752764359185 2.6758763790130615 6599
1752764370376 5.171485900878906 6649
1752764381559 3.5135374069213867 6699
1752764395261 3.0740041732788086 6749
1752764406452 3.045057773590088 6799
1752764417648 2.881051540374756 6849
1752764428815 4.171885967254639 6899
1752764439987 3.9133567810058594 6949
1752764451093 3.421971321105957 6999
1752764464911 3.6086013317108154 7049
1752764476068 2.392624855041504 7099
1752764487246 2.4952809810638428 7149
1752764498438 2.840513229370117 7199
1752764509613 3.422961473464966 7249
1752764523336 3.2810451984405518 7299
1752764534529 2.7779645919799805 7349
1752764545714 3.027010202407837 7399
1752764556876 3.313270092010498 7449
1752764568052 2.8393168449401855 7499
1752764579214 3.2903242111206055 7549
1752764592123 2.9216928482055664 7599
1752764603296 3.633978843688965 7649
1752764614457 3.058049201965332 7699
1752764625623 2.8400135040283203 7749
1752764636805 3.0231881141662598 7799
1752764650479 2.5244855880737305 7849
1752764661666 4.113750457763672 7899
1752764672840 2.2817447185516357 7949
1752764684034 2.1742124557495117 7999
1752764695218 2.6766819953918457 8049
1752764706390 4.681149482727051 8099
1752764720120 2.8122923374176025 8149
1752764731313 3.0948007106781006 8199
1752764742496 2.422663688659668 8249
1752764753701 3.297107219696045 8299
1752764764878 3.7479071617126465 8349
1752764775994 2.005943775177002 8399
1752764788996 2.1316685676574707 8449
1752764800194 3.3551764488220215 8499
1752764811388 2.979926824569702 8549
1752764822572 2.4019434452056885 8599
1752764833759 3.7799901962280273 8649
1752764847479 3.352322578430176 8699
1752764858655 2.284888744354248 8749
1752764869840 3.414836883544922 8799
1752764881014 2.851017475128174 8849
1752764892203 4.199321269989014 8899
1752764903363 2.833008289337158 8949
1752764917049 3.104199171066284 8999
1752764928195 2.728638172149658 9049
1752764939330 2.1909499168395996 9099
1752764950525 3.400123357772827 9149
1752764961673 4.561008453369141 9199
1752764974563 4.795753002166748 9249
1752764985761 3.950613498687744 9299
1752764996948 2.3463354110717773 9349
1752765008120 2.449401617050171 9399
1752765019305 2.970900774002075 9449
1752765030484 1.9699280261993408 9499
1752765043400 3.233215570449829 9549
1752765054724 3.341728925704956 9599
1752765065895 2.2581276893615723 9649
1752765077063 2.9799344539642334 9699
1752765088251 2.733130931854248 9749
1752765099346 2.5617828369140625 9799
1752765112304 3.097769021987915 9849
1752765123490 2.802385091781616 9899
1752765134654 2.4095911979675293 9949
1752765145834 2.4879097938537598 9999
1752765156997 3.0666513442993164 10049
1752765169827 2.8455100059509277 10099
1752765180989 2.413600444793701 10149
1752765192150 3.1117618083953857 10199
