1752762842634 238.81858825683594 49
1752762853661 233.51539611816406 99
1752762864718 232.0832977294922 149
1752762875795 229.6986846923828 199
1752762886879 228.69232177734375 249
1752762900382 227.5081329345703 299
1752762911492 224.4353790283203 349
1752762922615 223.62945556640625 399
1752762933752 221.7835693359375 449
1752762944892 219.46417236328125 499
1752762956021 218.2169952392578 549
1752762969751 216.28518676757812 599
1752762980907 214.73085021972656 649
1752762992057 212.92642211914062 699
1752763003226 211.31800842285156 749
1752763014412 209.67825317382812 799
1752763028086 208.18214416503906 849
1752763039241 205.71096801757812 899
1752763050405 203.59051513671875 949
1752763061562 202.31336975097656 999
1752763072720 200.4995880126953 1049
1752763083880 198.4092559814453 1099
1752763097557 196.70399475097656 1149
1752763108718 194.57135009765625 1199
1752763119886 193.16311645507812 1249
1752763131049 191.41221618652344 1299
1752763142228 189.74935913085938 1349
1752763153315 187.33238220214844 1399
1752763167200 184.8238525390625 1449
1752763178349 182.51846313476562 1499
1752763189530 180.5745086669922 1549
1752763200686 178.94644165039062 1599
1752763211850 176.7217559814453 1649
1752763225570 173.6425323486328 1699
1752763236726 171.6437530517578 1749
1752763247899 169.06509399414062 1799
1752763259059 167.00978088378906 1849
1752763270233 164.87884521484375 1899
1752763281376 162.47959899902344 1949
1752763295114 160.48146057128906 1999
1752763306285 157.8706817626953 2049
1752763317449 154.9151153564453 2099
1752763328625 152.952880859375 2149
1752763339804 150.87380981445312 2199
1752763353576 148.8094940185547 2249
1752763364753 145.98475646972656 2299
1752763375916 143.4273681640625 2349
1752763387097 140.8206329345703 2399
1752763398266 138.84677124023438 2449
1752763409452 136.7907257080078 2499
1752763423102 134.11273193359375 2549
1752763434264 132.52452087402344 2599
1752763445452 129.6691131591797 2649
1752763456640 127.63240814208984 2699
1752763467838 125.67549133300781 2749
1752763478955 123.88086700439453 2799
1752763492780 120.89690399169922 2849
1752763503946 118.99848175048828 2899
1752763515127 117.2496337890625 2949
1752763526297 115.20503234863281 2999
1752763537467 113.08241271972656 3049
1752763551183 111.24556732177734 3099
1752763562367 109.01629638671875 3149
1752763573512 106.92947387695312 3199
1752763584692 105.14598846435547 3249
1752763595850 103.16543579101562 3299
1752763606992 101.10360717773438 3349
1752763620734 99.1622314453125 3399
1752763631902 97.60993957519531 3449
1752763643073 95.93875122070312 3499
1752763654255 94.0143814086914 3549
1752763665431 92.36375427246094 3599
1752763679170 90.61418914794922 3649
1752763690356 88.65867614746094 3699
1752763701534 87.17987060546875 3749
1752763712727 85.71249389648438 3799
1752763723909 84.0298843383789 3849
1752763735092 82.18477630615234 3899
1752763747925 80.81378173828125 3949
1752763759076 79.62680053710938 3999
1752763770249 77.86732482910156 4049
1752763781448 76.52313232421875 4099
1752763792631 75.02729797363281 4149
1752763803728 73.99530792236328 4199
1752763816650 72.3633041381836 4249
1752763827825 70.63319396972656 4299
1752763838995 69.47750854492188 4349
1752763850168 68.19409942626953 4399
1752763861334 67.44806671142578 4449
1752763875006 66.29334259033203 4499
1752763886191 64.72824096679688 4549
1752763897352 63.71160125732422 4599
1752763908555 62.5258674621582 4649
1752763919753 61.156227111816406 4699
1752763930932 60.08340072631836 4749
1752763943816 58.90715026855469 4799
1752763955020 57.615570068359375 4849
1752763966178 57.18144226074219 4899
1752763977317 56.171756744384766 4949
1752763988489 55.3371696472168 4999
1752764002209 54.080928802490234 5049
1752764013382 52.68356704711914 5099
1752764024561 52.368812561035156 5149
1752764035741 51.57294845581055 5199
1752764046926 50.247352600097656 5249
1752764058252 49.18064880371094 5299
1752764071105 48.765132904052734 5349
1752764082303 47.5136833190918 5399
1752764093490 46.656822204589844 5449
1752764104672 46.0009765625 5499
1752764115856 45.713050842285156 5549
1752764126954 44.710594177246094 5599
1752764140771 43.90071487426758 5649
1752764151944 43.047149658203125 5699
1752764163140 42.91440200805664 5749
1752764174309 41.835723876953125 5799
1752764185489 40.93855667114258 5849
1752764199153 40.57483673095703 5899
1752764210347 40.067718505859375 5949
1752764221522 39.028785705566406 5999
1752764232712 38.26704788208008 6049
1752764243896 38.12309646606445 6099
1752764255069 37.98760223388672 6149
1752764267967 36.86650848388672 6199
1752764279179 36.85807800292969 6249
1752764290374 35.952877044677734 6299
1752764301562 35.79545593261719 6349
1752764312761 35.06229782104492 6399
1752764325677 34.391746520996094 6449
1752764336842 34.139556884765625 6499
1752764348015 33.227073669433594 6549
1752764359185 32.855857849121094 6599
1752764370376 33.04934310913086 6649
1752764381559 32.155494689941406 6699
1752764395261 31.784595489501953 6749
1752764406452 31.47783851623535 6799
1752764417648 31.254112243652344 6849
1752764428815 30.89533042907715 6899
1752764439987 30.566463470458984 6949
1752764451093 30.464202880859375 6999
1752764464911 29.829288482666016 7049
1752764476068 30.015338897705078 7099
1752764487246 29.641361236572266 7149
1752764498438 29.481164932250977 7199
1752764509613 29.083755493164062 7249
1752764523336 28.890033721923828 7299
1752764534529 29.19393539428711 7349
1752764545714 28.599742889404297 7399
1752764556876 28.445695877075195 7449
1752764568052 28.010215759277344 7499
1752764579214 27.809101104736328 7549
1752764592123 27.850069046020508 7599
1752764603296 27.54436492919922 7649
1752764614457 27.357086181640625 7699
1752764625623 27.276195526123047 7749
1752764636805 26.972843170166016 7799
1752764650479 27.0820369720459 7849
1752764661666 26.78205108642578 7899
1752764672840 26.84151840209961 7949
1752764684034 26.691238403320312 7999
1752764695218 26.566360473632812 8049
1752764706390 26.504545211791992 8099
1752764720120 26.34937286376953 8149
1752764731313 25.967222213745117 8199
1752764742496 26.62714385986328 8249
1752764753701 25.783714294433594 8299
1752764764878 25.901073455810547 8349
1752764775994 25.820262908935547 8399
1752764788996 26.019126892089844 8449
1752764800194 25.59503173828125 8499
1752764811388 25.787220001220703 8549
1752764822572 25.526302337646484 8599
1752764833759 25.26317596435547 8649
1752764847479 25.11937141418457 8699
1752764858655 25.173377990722656 8749
1752764869840 25.268022537231445 8799
1752764881014 25.159744262695312 8849
1752764892203 24.99414825439453 8899
1752764903363 25.127775192260742 8949
1752764917049 24.70665168762207 8999
1752764928195 24.984657287597656 9049
1752764939330 24.88162612915039 9099
1752764950525 24.553218841552734 9149
1752764961673 24.7318172454834 9199
1752764974563 24.495357513427734 9249
1752764985761 24.748157501220703 9299
1752764996948 24.354066848754883 9349
1752765008120 24.46533203125 9399
1752765019305 24.67550277709961 9449
1752765030484 24.216524124145508 9499
1752765043400 24.4484806060791 9549
1752765054724 24.402873992919922 9599
1752765065895 24.245634078979492 9649
1752765077063 24.262296676635742 9699
1752765088251 24.382123947143555 9749
1752765099346 24.126266479492188 9799
1752765112304 24.11646842956543 9849
1752765123490 23.662498474121094 9899
1752765134654 24.012969970703125 9949
1752765145834 23.492523193359375 9999
1752765156997 23.8729305267334 10049
1752765169827 23.980213165283203 10099
1752765180989 23.75925636291504 10149
1752765192150 23.777938842773438 10199
