1752762895129 2.28869366645813 279
1752762959938 1.8827898502349854 559
1752763024982 1.629570484161377 839
1752763090010 1.345048189163208 1119
1752763155202 1.1468453407287598 1399
1752763220231 0.9993704557418823 1679
1752763285302 0.9003335237503052 1959
1752763350436 0.8324969410896301 2239
1752763415597 0.740871012210846 2519
1752763480698 0.7259842753410339 2799
1752763545821 0.6467881798744202 3079
1752763610921 0.611524760723114 3359
1752763676067 0.5830615162849426 3639
1752763740402 0.563254714012146 3919
1752763804630 0.5455034971237183 4199
1752763869716 0.5184712409973145 4479
1752763934015 0.522762656211853 4759
1752763999107 0.4813348352909088 5039
1752764063559 0.45433059334754944 5319
1752764128707 0.45583850145339966 5599
1752764193870 0.4222731590270996 5879
1752764258161 0.41422203183174133 6159
1752764322534 0.40120941400527954 6439
1752764387692 0.36967727541923523 6719
1752764452852 0.36092862486839294 6999
1752764518003 0.35779860615730286 7279
1752764582299 0.34975945949554443 7559
1752764647417 0.3451785743236542 7839
1752764712538 0.33843517303466797 8119
1752764776917 0.322884202003479 8399
1752764842135 0.32276156544685364 8679
1752764907290 0.32654982805252075 8959
1752764971438 0.31173181533813477 9239
1752765035784 0.3102130889892578 9519
1752765100265 0.30296847224235535 9799
1752765164508 0.29864564538002014 10079
