1752762895129 233.84286499023438 279
1752762959938 222.7879638671875 559
1752763024982 213.02308654785156 839
1752763090010 203.02748107910156 1119
1752763155202 192.602294921875 1399
1752763220231 180.97889709472656 1679
1752763285302 168.37132263183594 1959
1752763350436 155.30282592773438 2239
1752763415597 142.194091796875 2519
1752763480698 129.49000549316406 2799
1752763545821 117.47408294677734 3079
1752763610921 106.21727752685547 3359
1752763676067 95.76814270019531 3639
1752763740402 86.25997924804688 3919
1752763804630 77.70904541015625 4199
1752763869716 70.0225830078125 4479
1752763934015 63.19577407836914 4759
1752763999107 57.05845260620117 5039
1752764063559 51.606136322021484 5319
1752764128707 46.83370590209961 5599
1752764193870 42.671424865722656 5879
1752764258161 39.01128387451172 6159
1752764322534 35.877559661865234 6439
1752764387692 33.34881591796875 6719
1752764452852 31.337196350097656 6999
1752764518003 29.760135650634766 7279
1752764582299 28.505346298217773 7559
1752764647417 27.527481079101562 7839
1752764712538 26.767942428588867 8119
1752764776917 26.099754333496094 8399
1752764842135 25.611888885498047 8679
1752764907290 25.1940860748291 8959
1752764971438 24.793474197387695 9239
1752765035784 24.471290588378906 9519
1752765100265 24.218746185302734 9799
1752765164508 23.95210075378418 10079
