1752762842634 4.21237850189209 49
1752762853661 1.5974229574203491 99
1752762864718 4.4353556632995605 149
1752762875795 4.17108678817749 199
1752762886879 1.3786969184875488 249
1752762900382 7.207535743713379 299
1752762911492 1.8029577732086182 349
1752762922615 3.2563729286193848 399
1752762933752 6.771902084350586 449
1752762944892 9.754619598388672 499
1752762956021 3.5634279251098633 549
1752762969751 3.1232855319976807 599
1752762980907 4.175289154052734 649
1752762992057 7.0734405517578125 699
1752763003226 5.696475982666016 749
1752763014412 5.130548000335693 799
1752763028086 2.7662737369537354 849
1752763039241 4.400975227355957 899
1752763050405 7.850656032562256 949
1752763061562 6.55056095123291 999
1752763072720 6.872370719909668 1049
1752763083880 1.824175238609314 1099
1752763097557 7.24161958694458 1149
1752763108718 8.132962226867676 1199
1752763119886 6.876555442810059 1249
1752763131049 7.665616512298584 1299
1752763142228 3.884629726409912 1349
1752763153315 2.926072597503662 1399
1752763167200 5.272356033325195 1449
1752763178349 8.726964950561523 1499
1752763189530 5.69742488861084 1549
1752763200686 2.5247559547424316 1599
1752763211850 4.336677551269531 1649
1752763225570 5.260991096496582 1699
1752763236726 7.330019474029541 1749
1752763247899 8.908864974975586 1799
1752763259059 4.383902549743652 1849
1752763270233 5.693043231964111 1899
1752763281376 5.419188022613525 1949
1752763295114 4.123014450073242 1999
1752763306285 6.658069133758545 2049
1752763317449 7.459539890289307 2099
1752763328625 5.541040420532227 2149
1752763339804 1.3830734491348267 2199
1752763353576 5.214380741119385 2249
1752763364753 3.8940036296844482 2299
1752763375916 7.4795684814453125 2349
1752763387097 6.347718715667725 2399
1752763398266 3.5069408416748047 2449
1752763409452 3.1035590171813965 2499
1752763423102 6.6030168533325195 2549
1752763434264 6.236822605133057 2599
1752763445452 12.049358367919922 2649
1752763456640 5.155388355255127 2699
1752763467838 4.335943222045898 2749
1752763478955 3.9409868717193604 2799
1752763492780 7.389657974243164 2849
1752763503946 4.829041481018066 2899
1752763515127 5.193397521972656 2949
1752763526297 7.1422529220581055 2999
1752763537467 4.929634094238281 3049
1752763551183 4.812864303588867 3099
1752763562367 6.702760696411133 3149
1752763573512 8.290040969848633 3199
1752763584692 2.9127864837646484 3249
1752763595850 5.2431817054748535 3299
1752763606992 6.497055530548096 3349
1752763620734 7.6540632247924805 3399
1752763631902 6.322033405303955 3449
1752763643073 6.157552719116211 3499
1752763654255 5.8752946853637695 3549
1752763665431 8.172077178955078 3599
1752763679170 5.937007427215576 3649
1752763690356 7.251354694366455 3699
1752763701534 4.935776233673096 3749
1752763712727 5.830409526824951 3799
1752763723909 5.3036580085754395 3849
1752763735092 8.186444282531738 3899
1752763747925 4.0073394775390625 3949
1752763759076 6.975419044494629 3999
1752763770249 2.48897123336792 4049
1752763781448 4.143535614013672 4099
1752763792631 8.197100639343262 4149
1752763803728 6.635267734527588 4199
1752763816650 4.075926303863525 4249
1752763827825 4.047860145568848 4299
1752763838995 5.097599029541016 4349
1752763850168 3.223658800125122 4399
1752763861334 5.846288681030273 4449
1752763875006 3.858182668685913 4499
1752763886191 1.810947299003601 4549
1752763897352 5.309700965881348 4599
1752763908555 3.875462770462036 4649
1752763919753 6.309309482574463 4699
1752763930932 2.365007162094116 4749
1752763943816 7.958540439605713 4799
1752763955020 8.269665718078613 4849
1752763966178 3.069854736328125 4899
1752763977317 2.1972270011901855 4949
1752763988489 7.018126010894775 4999
1752764002209 6.079946517944336 5049
1752764013382 3.245243787765503 5099
1752764024561 8.75980281829834 5149
1752764035741 6.1954121589660645 5199
1752764046926 9.923372268676758 5249
1752764058252 5.0737762451171875 5299
1752764071105 6.327281475067139 5349
1752764082303 5.425756931304932 5399
1752764093490 4.370481491088867 5449
1752764104672 5.18988561630249 5499
1752764115856 4.469611167907715 5549
1752764126954 5.8597588539123535 5599
1752764140771 5.384642124176025 5649
1752764151944 2.417940139770508 5699
1752764163140 6.885156154632568 5749
1752764174309 4.951174736022949 5799
1752764185489 3.8929331302642822 5849
1752764199153 3.996319055557251 5899
1752764210347 6.727288722991943 5949
1752764221522 6.373005390167236 5999
1752764232712 4.11830997467041 6049
1752764243896 5.191544532775879 6099
1752764255069 4.733397483825684 6149
1752764267967 8.70040225982666 6199
1752764279179 5.036158084869385 6249
1752764290374 2.9774701595306396 6299
1752764301562 5.478602886199951 6349
1752764312761 8.283166885375977 6399
1752764325677 3.0976181030273438 6449
1752764336842 4.002399444580078 6499
1752764348015 3.4340951442718506 6549
1752764359185 4.9842209815979 6599
1752764370376 7.284584045410156 6649
1752764381559 4.656492233276367 6699
1752764395261 5.693817138671875 6749
1752764406452 3.8354570865631104 6799
1752764417648 3.131474733352661 6849
1752764428815 6.22847318649292 6899
1752764439987 5.335936546325684 6949
1752764451093 3.416490077972412 6999
1752764464911 3.9860637187957764 7049
1752764476068 1.6184548139572144 7099
1752764487246 2.351729393005371 7149
1752764498438 5.622262477874756 7199
1752764509613 5.855597972869873 7249
1752764523336 6.933375835418701 7299
1752764534529 4.961108207702637 7349
1752764545714 8.227250099182129 7399
1752764556876 3.122349500656128 7449
1752764568052 6.431144714355469 7499
1752764579214 4.1851348876953125 7549
1752764592123 3.148528814315796 7599
1752764603296 3.605003833770752 7649
1752764614457 3.708930492401123 7699
1752764625623 5.909209728240967 7749
1752764636805 1.8331190347671509 7799
1752764650479 4.23482608795166 7849
1752764661666 2.6885569095611572 7899
1752764672840 4.104722499847412 7949
1752764684034 3.9150636196136475 7999
1752764695218 2.313483953475952 8049
1752764706390 7.710383415222168 8099
1752764720120 4.846877098083496 8149
1752764731313 4.491387844085693 8199
1752764742496 5.393838405609131 8249
1752764753701 1.979513168334961 8299
1752764764878 4.875039577484131 8349
1752764775994 4.142229080200195 8399
1752764788996 4.208207607269287 8449
1752764800194 4.61310338973999 8499
1752764811388 4.584146022796631 8549
1752764822572 3.774423837661743 8599
1752764833759 4.30860710144043 8649
1752764847479 1.3901811838150024 8699
1752764858655 3.9978415966033936 8749
1752764869840 6.0717267990112305 8799
1752764881014 0.7995209693908691 8849
1752764892203 2.3696272373199463 8899
1752764903363 4.930105209350586 8949
1752764917049 6.270429611206055 8999
1752764928195 3.5501410961151123 9049
1752764939330 3.8331499099731445 9099
1752764950525 1.3989920616149902 9149
1752764961673 4.996145725250244 9199
1752764974563 2.845416307449341 9249
1752764985761 4.778115749359131 9299
1752764996948 3.2533302307128906 9349
1752765008120 4.574953556060791 9399
1752765019305 5.349814414978027 9449
1752765030484 2.412372589111328 9499
1752765043400 2.1058735847473145 9549
1752765054724 2.3596553802490234 9599
1752765065895 2.0006003379821777 9649
1752765077063 4.635915279388428 9699
1752765088251 5.562422752380371 9749
1752765099346 2.230980157852173 9799
1752765112304 4.71910285949707 9849
1752765123490 3.9995927810668945 9899
1752765134654 2.8827807903289795 9949
1752765145834 4.776940822601318 9999
1752765156997 4.825634002685547 10049
1752765169827 2.634983777999878 10099
1752765180989 2.358067750930786 10149
1752765192150 3.3261947631835938 10199
