1752762895129 14.942182540893555 279
1752762959938 6.174086570739746 559
1752763024982 5.48319673538208 839
1752763090010 4.934927463531494 1119
1752763155202 4.589094638824463 1399
1752763220231 4.260411262512207 1679
1752763285302 4.068163871765137 1959
1752763350436 3.9072117805480957 2239
1752763415597 3.7875170707702637 2519
1752763480698 3.6887829303741455 2799
1752763545821 3.6269376277923584 3079
1752763610921 3.553098678588867 3359
1752763676067 3.5164668560028076 3639
1752763740402 3.4789562225341797 3919
1752763804630 3.493239164352417 4199
1752763869716 3.402801513671875 4479
1752763934015 3.393458843231201 4759
1752763999107 3.3340137004852295 5039
1752764063559 3.3336730003356934 5319
1752764128707 3.3016915321350098 5599
1752764193870 3.2850701808929443 5879
1752764258161 3.2254600524902344 6159
1752764322534 3.2127914428710938 6439
1752764387692 3.212573289871216 6719
1752764452852 3.1504833698272705 6999
1752764518003 3.133277416229248 7279
1752764582299 3.1158158779144287 7559
1752764647417 3.0900256633758545 7839
1752764712538 3.0392134189605713 8119
1752764776917 3.0894827842712402 8399
1752764842135 3.0465962886810303 8679
1752764907290 3.0305933952331543 8959
1752764971438 2.990187406539917 9239
1752765035784 2.974194288253784 9519
1752765100265 2.95937180519104 9799
1752765164508 2.9739208221435547 10079
