1752762895129 6.53794002532959 279
1752762959938 5.230584621429443 559
1752763024982 4.772098064422607 839
1752763090010 4.505931377410889 1119
1752763155202 4.3660101890563965 1399
1752763220231 4.211842060089111 1679
1752763285302 4.10427713394165 1959
1752763350436 4.048579692840576 2239
1752763415597 3.8645641803741455 2519
1752763480698 3.8703908920288086 2799
1752763545821 3.767608642578125 3079
1752763610921 3.7220420837402344 3359
1752763676067 3.650123357772827 3639
1752763740402 3.7775731086730957 3919
1752763804630 3.802121877670288 4199
1752763869716 3.429988145828247 4479
1752763934015 3.455411672592163 4759
1752763999107 3.4107983112335205 5039
1752764063559 3.4278957843780518 5319
1752764128707 3.4079344272613525 5599
1752764193870 3.2900052070617676 5879
1752764258161 3.338134527206421 6159
1752764322534 3.3782644271850586 6439
1752764387692 3.2857933044433594 6719
1752764452852 3.234130859375 6999
1752764518003 3.2175099849700928 7279
1752764582299 3.258962869644165 7559
1752764647417 3.2250373363494873 7839
1752764712538 3.211531639099121 8119
1752764776917 3.229994535446167 8399
1752764842135 3.0538291931152344 8679
1752764907290 3.0055320262908936 8959
1752764971438 3.07468843460083 9239
1752765035784 3.0949039459228516 9519
1752765100265 3.0271518230438232 9799
1752765164508 3.062941312789917 10079
