1752762842634 0.08975468575954437 49
1752762853661 0.06548144668340683 99
1752762864718 0.06284448504447937 149
1752762875795 0.06590603291988373 199
1752762886879 0.061905134469270706 249
1752762900382 0.07663851976394653 299
1752762911492 0.05343451350927353 349
1752762922615 0.050582155585289 399
1752762933752 0.059562794864177704 449
1752762944892 0.06622971594333649 499
1752762956021 0.050762664526700974 549
1752762969751 0.07897982746362686 599
1752762980907 0.05848008766770363 649
1752762992057 0.054364971816539764 699
1752763003226 0.05377807840704918 749
1752763014412 0.04670194163918495 799
1752763028086 0.04544205591082573 849
1752763039241 0.052814848721027374 899
1752763050405 0.06167551130056381 949
1752763061562 0.04713498055934906 999
1752763072720 0.04496435448527336 1049
1752763083880 0.05305670201778412 1099
1752763097557 0.04869719594717026 1149
1752763108718 0.041555143892765045 1199
1752763119886 0.049273185431957245 1249
1752763131049 0.04873066395521164 1299
1752763142228 0.04286280646920204 1349
1752763153315 0.043516792356967926 1399
1752763167200 0.04992098733782768 1449
1752763178349 0.04411579668521881 1499
1752763189530 0.037528518587350845 1549
1752763200686 0.044953301548957825 1599
1752763211850 0.05693070590496063 1649
1752763225570 0.043718528002500534 1699
1752763236726 0.04477285221219063 1749
1752763247899 0.0494818389415741 1799
1752763259059 0.03274092450737953 1849
1752763270233 0.05093395709991455 1899
1752763281376 0.03443197160959244 1949
1752763295114 0.03840525448322296 1999
1752763306285 0.05076424032449722 2049
1752763317449 0.05656909942626953 2099
1752763328625 0.04887804388999939 2149
1752763339804 0.039967723190784454 2199
1752763353576 0.03680276498198509 2249
1752763364753 0.04758727177977562 2299
1752763375916 0.04757070168852806 2349
1752763387097 0.03956688195466995 2399
1752763398266 0.04190605878829956 2449
1752763409452 0.04584437981247902 2499
1752763423102 0.046275366097688675 2549
1752763434264 0.041523270308971405 2599
1752763445452 0.06733805686235428 2649
1752763456640 0.03275454044342041 2699
1752763467838 0.05219271406531334 2749
1752763478955 0.04220382869243622 2799
1752763492780 0.034305259585380554 2849
1752763503946 0.046191487461328506 2899
1752763515127 0.03232291340827942 2949
1752763526297 0.04003829509019852 2999
1752763537467 0.036256734281778336 3049
1752763551183 0.03896743804216385 3099
1752763562367 0.04033534228801727 3149
1752763573512 0.04648684337735176 3199
1752763584692 0.04928505793213844 3249
1752763595850 0.03964708745479584 3299
1752763606992 0.0331585556268692 3349
1752763620734 0.05003592371940613 3399
1752763631902 0.04563136398792267 3449
1752763643073 0.03663254529237747 3499
1752763654255 0.039337389171123505 3549
1752763665431 0.04114888608455658 3599
1752763679170 0.042284801602363586 3649
1752763690356 0.03910739719867706 3699
1752763701534 0.03984987363219261 3749
1752763712727 0.055641043931245804 3799
1752763723909 0.040220294147729874 3849
1752763735092 0.047543127089738846 3899
1752763747925 0.040703967213630676 3949
1752763759076 0.03500578925013542 3999
1752763770249 0.03798926994204521 4049
1752763781448 0.03579843416810036 4099
1752763792631 0.0387163870036602 4149
1752763803728 0.04066915810108185 4199
1752763816650 0.04052763059735298 4249
1752763827825 0.03900869935750961 4299
1752763838995 0.06339824199676514 4349
1752763850168 0.031621694564819336 4399
1752763861334 0.048687756061553955 4449
1752763875006 0.031478334218263626 4499
1752763886191 0.04328613355755806 4549
1752763897352 0.039492178708314896 4599
1752763908555 0.042638882994651794 4649
1752763919753 0.0341341532766819 4699
1752763930932 0.04131593555212021 4749
1752763943816 0.04640858247876167 4799
1752763955020 0.04111270233988762 4849
1752763966178 0.04245876148343086 4899
1752763977317 0.026726100593805313 4949
1752763988489 0.038735855370759964 4999
1752764002209 0.03288840875029564 5049
1752764013382 0.043312955647706985 5099
1752764024561 0.05193348228931427 5149
1752764035741 0.03323504328727722 5199
1752764046926 0.0459270253777504 5249
1752764058252 0.04515264183282852 5299
1752764071105 0.028947217389941216 5349
1752764082303 0.03956525772809982 5399
1752764093490 0.03428241237998009 5449
1752764104672 0.04051085561513901 5499
1752764115856 0.03842007741332054 5549
1752764126954 0.050825461745262146 5599
1752764140771 0.03937175124883652 5649
1752764151944 0.031111743301153183 5699
1752764163140 0.042363718152046204 5749
1752764174309 0.0320480540394783 5799
1752764185489 0.0446615107357502 5849
1752764199153 0.038863278925418854 5899
1752764210347 0.041309475898742676 5949
1752764221522 0.03422892466187477 5999
1752764232712 0.04211437702178955 6049
1752764243896 0.0390196293592453 6099
1752764255069 0.04093271121382713 6149
1752764267967 0.03643772751092911 6199
1752764279179 0.03620750457048416 6249
1752764290374 0.03971850126981735 6299
1752764301562 0.02926977537572384 6349
1752764312761 0.04195595905184746 6399
1752764325677 0.03119841031730175 6449
1752764336842 0.037433698773384094 6499
1752764348015 0.03754453733563423 6549
1752764359185 0.031052978709340096 6599
1752764370376 0.05657051131129265 6649
1752764381559 0.03900286182761192 6699
1752764395261 0.03535941243171692 6749
1752764406452 0.03455309197306633 6799
1752764417648 0.032951049506664276 6849
1752764428815 0.04666099697351456 6899
1752764439987 0.04306454956531525 6949
1752764451093 0.03838596120476723 6999
1752764464911 0.04095611721277237 7049
1752764476068 0.02843252383172512 7099
1752764487246 0.029255077242851257 7149
1752764498438 0.03212836757302284 7199
1752764509613 0.03865737468004227 7249
1752764523336 0.037617288529872894 7299
1752764534529 0.031827349215745926 7349
1752764545714 0.03365454077720642 7399
1752764556876 0.03710194677114487 7449
1752764568052 0.03215470537543297 7499
1752764579214 0.0368785597383976 7549
1752764592123 0.033416010439395905 7599
1752764603296 0.040632594376802444 7649
1752764614457 0.0347667895257473 7699
1752764625623 0.032718513160943985 7749
1752764636805 0.03452657535672188 7799
1752764650479 0.028936054557561874 7849
1752764661666 0.04610675945878029 7899
1752764672840 0.02654622122645378 7949
1752764684034 0.02551678568124771 7999
1752764695218 0.03125947713851929 8049
1752764706390 0.05097709968686104 8099
1752764720120 0.03213632106781006 8149
1752764731313 0.03487464785575867 8199
1752764742496 0.027855904772877693 8249
1752764753701 0.03730092942714691 8299
1752764764878 0.04189261794090271 8349
1752764775994 0.023285022005438805 8399
1752764788996 0.02549503557384014 8449
1752764800194 0.037506166845560074 8499
1752764811388 0.034528523683547974 8549
1752764822572 0.0282520093023777 8599
1752764833759 0.04196484386920929 8649
1752764847479 0.03810909017920494 8699
1752764858655 0.02667785808444023 8749
1752764869840 0.038241319358348846 8799
1752764881014 0.03218119218945503 8849
1752764892203 0.04640863463282585 8899
1752764903363 0.03207382932305336 8949
1752764917049 0.03500666841864586 8999
1752764928195 0.031246952712535858 9049
1752764939330 0.02542659267783165 9099
1752764950525 0.03881445154547691 9149
1752764961673 0.049977678805589676 9199
1752764974563 0.052251413464546204 9249
1752764985761 0.04337633028626442 9299
1752764996948 0.027133634313941002 9349
1752765008120 0.028096234425902367 9399
1752765019305 0.03415672481060028 9449
1752765030484 0.023146450519561768 9499
1752765043400 0.03601212054491043 9549
1752765054724 0.03695254400372505 9599
1752765065895 0.025984453037381172 9649
1752765077063 0.03409243002533913 9699
1752765088251 0.030799897387623787 9749
1752765099346 0.029304828494787216 9799
1752765112304 0.035063985735177994 9849
1752765123490 0.03167442977428436 9899
1752765134654 0.02769492194056511 9949
1752765145834 0.028539061546325684 9999
1752765156997 0.0350031778216362 10049
1752765169827 0.032663606107234955 10099
1752765180989 0.027677346020936966 10149
1752765192150 0.03479385003447533 10199
