1752762895129 2.4109890460968018 279
1752762959938 2.008692502975464 559
1752763024982 1.974588394165039 839
1752763090010 1.8830666542053223 1119
1752763155202 1.7974311113357544 1399
1752763220231 1.7504749298095703 1679
1752763285302 1.6914196014404297 1959
1752763350436 1.7223502397537231 2239
1752763415597 1.6384987831115723 2519
1752763480698 1.634766936302185 2799
1752763545821 1.6189289093017578 3079
1752763610921 1.613790512084961 3359
1752763676067 1.5897554159164429 3639
1752763740402 1.5828213691711426 3919
1752763804630 1.5936843156814575 4199
1752763869716 1.5189470052719116 4479
1752763934015 1.4887189865112305 4759
1752763999107 1.47539484500885 5039
1752764063559 1.4808354377746582 5319
1752764128707 1.4599071741104126 5599
1752764193870 1.451852560043335 5879
1752764258161 1.437807559967041 6159
1752764322534 1.4469976425170898 6439
1752764387692 1.4014352560043335 6719
1752764452852 1.4051111936569214 6999
1752764518003 1.4038666486740112 7279
1752764582299 1.389339804649353 7559
1752764647417 1.3647781610488892 7839
1752764712538 1.379469394683838 8119
1752764776917 1.4016482830047607 8399
1752764842135 1.358034372329712 8679
1752764907290 1.3406407833099365 8959
1752764971438 1.3291484117507935 9239
1752765035784 1.3059524297714233 9519
1752765100265 1.313990831375122 9799
1752765164508 1.3125994205474854 10079
