1752762842634 18.808486938476562 49
1752762853661 7.686899185180664 99
1752762864718 5.878475189208984 149
1752762875795 7.2800397872924805 199
1752762886879 6.880593776702881 249
1752762900382 6.933319568634033 299
1752762911492 6.46685266494751 349
1752762922615 6.239718914031982 399
1752762933752 7.299586296081543 449
1752762944892 5.700299263000488 499
1752762956021 4.997427940368652 549
1752762969751 5.838840484619141 599
1752762980907 5.663961410522461 649
1752762992057 5.001961708068848 699
1752763003226 5.249372482299805 749
1752763014412 5.562436580657959 799
1752763028086 5.377925872802734 849
1752763039241 5.639320373535156 899
1752763050405 4.914346694946289 949
1752763061562 4.9817047119140625 999
1752763072720 4.147388935089111 1049
1752763083880 5.359318256378174 1099
1752763097557 4.78572416305542 1149
1752763108718 4.200113296508789 1199
1752763119886 5.000180244445801 1249
1752763131049 3.8677382469177246 1299
1752763142228 4.214078903198242 1349
1752763153315 3.933166265487671 1399
1752763167200 4.514204978942871 1449
1752763178349 3.9234604835510254 1499
1752763189530 3.6654443740844727 1549
1752763200686 4.032650470733643 1599
1752763211850 4.125405311584473 1649
1752763225570 4.142767906188965 1699
1752763236726 3.7822391986846924 1749
1752763247899 4.294334411621094 1799
1752763259059 3.566309928894043 1849
1752763270233 3.918083667755127 1899
1752763281376 3.596917152404785 1949
1752763295114 3.803981065750122 1999
1752763306285 4.162452697753906 2049
1752763317449 4.379216194152832 2099
1752763328625 4.249601364135742 2149
1752763339804 3.664123296737671 2199
1752763353576 3.5238404273986816 2249
1752763364753 4.120288848876953 2299
1752763375916 4.2945756912231445 2349
1752763387097 3.8836278915405273 2399
1752763398266 4.34027099609375 2449
1752763409452 4.254636764526367 2499
1752763423102 3.6752288341522217 2549
1752763434264 4.214112281799316 2599
1752763445452 3.6670074462890625 2649
1752763456640 3.113400459289551 2699
1752763467838 3.5687501430511475 2749
1752763478955 3.7301039695739746 2799
1752763492780 3.340395927429199 2849
1752763503946 4.1062188148498535 2899
1752763515127 3.3729629516601562 2949
1752763526297 3.930837392807007 2999
1752763537467 3.4986608028411865 3049
1752763551183 3.6903748512268066 3099
1752763562367 3.5343663692474365 3149
1752763573512 3.867558479309082 3199
1752763584692 4.133586883544922 3249
1752763595850 3.498469829559326 3299
1752763606992 3.1514599323272705 3349
1752763620734 3.7644970417022705 3399
1752763631902 3.626095771789551 3449
1752763643073 3.991240978240967 3499
1752763654255 3.8432183265686035 3549
1752763665431 3.3226466178894043 3599
1752763679170 3.4430465698242188 3649
1752763690356 3.2931885719299316 3699
1752763701534 3.7412548065185547 3749
1752763712727 4.503917694091797 3799
1752763723909 3.643954277038574 3849
1752763735092 3.8210911750793457 3899
1752763747925 3.5817408561706543 3949
1752763759076 3.0510754585266113 3999
1752763770249 3.4593868255615234 4049
1752763781448 3.3360159397125244 4099
1752763792631 3.4467105865478516 4149
1752763803728 3.809886932373047 4199
1752763816650 3.417597770690918 4249
1752763827825 3.4332211017608643 4299
1752763838995 3.895512580871582 4349
1752763850168 2.912609100341797 4399
1752763861334 4.059476852416992 4449
1752763875006 2.985677719116211 4499
1752763886191 3.6225953102111816 4549
1752763897352 3.114089012145996 4599
1752763908555 3.470273494720459 4649
1752763919753 3.350891351699829 4699
1752763930932 3.0443544387817383 4749
1752763943816 3.712820053100586 4799
1752763955020 3.112358331680298 4849
1752763966178 3.416234016418457 4899
1752763977317 2.8203837871551514 4949
1752763988489 3.3955397605895996 4999
1752764002209 3.4056105613708496 5049
1752764013382 3.219832420349121 5099
1752764024561 3.37267804145813 5149
1752764035741 2.990410327911377 5199
1752764046926 3.475811243057251 5249
1752764058252 3.4991395473480225 5299
1752764071105 2.8464419841766357 5349
1752764082303 3.9407832622528076 5399
1752764093490 3.522097587585449 5449
1752764104672 4.0174241065979 5499
1752764115856 3.3718748092651367 5549
1752764126954 3.228764057159424 5599
1752764140771 3.5930604934692383 5649
1752764151944 2.8132216930389404 5699
1752764163140 3.6593494415283203 5749
1752764174309 3.066347122192383 5799
1752764185489 3.219700336456299 5849
1752764199153 3.1998414993286133 5899
1752764210347 3.278477668762207 5949
1752764221522 3.428791046142578 5999
1752764232712 3.113987922668457 6049
1752764243896 3.3105647563934326 6099
1752764255069 3.6843385696411133 6149
1752764267967 3.034325122833252 6199
1752764279179 3.240171432495117 6249
1752764290374 3.2904586791992188 6299
1752764301562 2.7442946434020996 6349
1752764312761 3.05222225189209 6399
1752764325677 3.0744166374206543 6449
1752764336842 2.8472399711608887 6499
1752764348015 3.140056848526001 6549
1752764359185 3.3680312633514404 6599
1752764370376 3.6049368381500244 6649
1752764381559 2.8940885066986084 6699
1752764395261 3.533695936203003 6749
1752764406452 3.1589736938476562 6799
1752764417648 2.8632473945617676 6849
1752764428815 3.573267936706543 6899
1752764439987 3.1090774536132812 6949
1752764451093 3.0071492195129395 6999
1752764464911 3.3929057121276855 7049
1752764476068 3.450834035873413 7099
1752764487246 3.0570664405822754 7149
1752764498438 2.7428126335144043 7199
1752764509613 3.2362592220306396 7249
1752764523336 3.533937931060791 7299
1752764534529 2.9973297119140625 7349
1752764545714 2.599950075149536 7399
1752764556876 2.995209217071533 7449
1752764568052 3.001410484313965 7499
1752764579214 3.0784220695495605 7549
1752764592123 3.0100526809692383 7599
1752764603296 3.2485122680664062 7649
1752764614457 3.0804314613342285 7699
1752764625623 3.2982795238494873 7749
1752764636805 3.349546432495117 7799
1752764650479 2.7049098014831543 7849
1752764661666 3.5980350971221924 7899
1752764672840 2.8262343406677246 7949
1752764684034 2.7887425422668457 7999
1752764695218 3.3544719219207764 8049
1752764706390 3.149191379547119 8099
1752764720120 3.046126365661621 8149
1752764731313 2.8815414905548096 8199
1752764742496 2.814251661300659 8249
1752764753701 3.0886926651000977 8299
1752764764878 3.3092288970947266 8349
1752764775994 2.430612564086914 8399
1752764788996 2.930685043334961 8449
1752764800194 2.9434969425201416 8499
1752764811388 3.5174098014831543 8549
1752764822572 2.970118284225464 8599
1752764833759 3.075683355331421 8649
1752764847479 3.4701666831970215 8699
1752764858655 2.7496066093444824 8749
1752764869840 3.0022878646850586 8799
1752764881014 2.6582586765289307 8849
1752764892203 3.106870174407959 8899
1752764903363 2.6092329025268555 8949
1752764917049 3.1182804107666016 8999
1752764928195 3.061873435974121 9049
1752764939330 2.767892360687256 9099
1752764950525 3.621711254119873 9149
1752764961673 3.103476047515869 9199
1752764974563 3.352194309234619 9249
1752764985761 2.90547776222229 9299
1752764996948 2.8452000617980957 9349
1752765008120 2.793454647064209 9399
1752765019305 3.1378118991851807 9449
1752765030484 2.5710713863372803 9499
1752765043400 2.862478733062744 9549
1752765054724 2.684652090072632 9599
1752765065895 2.5939502716064453 9649
1752765077063 3.2575557231903076 9699
1752765088251 2.689086437225342 9749
1752765099346 2.818807363510132 9799
1752765112304 3.0659191608428955 9849
1752765123490 2.811215400695801 9899
1752765134654 2.848217010498047 9949
1752765145834 2.690237045288086 9999
1752765156997 3.3644847869873047 10049
1752765169827 2.9533753395080566 10099
1752765180989 2.7926719188690186 10149
1752765192150 2.704005479812622 10199
