1752762842634 22.53585433959961 49
1752762853661 22.14232635498047 99
1752762864718 22.114564895629883 149
1752762875795 22.06129264831543 199
1752762886879 21.844797134399414 249
1752762900382 21.881187438964844 299
1752762911492 21.714101791381836 349
1752762922615 21.67915916442871 399
1752762933752 21.641399383544922 449
1752762944892 21.53441047668457 499
1752762956021 21.41216278076172 549
1752762969751 21.261886596679688 599
1752762980907 21.18490982055664 649
1752762992057 20.80908966064453 699
1752763003226 20.837703704833984 749
1752763014412 20.654170989990234 799
1752763028086 20.536048889160156 849
1752763039241 20.453594207763672 899
1752763050405 20.095869064331055 949
1752763061562 20.021039962768555 999
1752763072720 19.63385772705078 1049
1752763083880 19.66839027404785 1099
1752763097557 19.543014526367188 1149
1752763108718 19.08372688293457 1199
1752763119886 19.179473876953125 1249
1752763131049 18.887916564941406 1299
1752763142228 18.70264434814453 1349
1752763153315 18.561704635620117 1399
1752763167200 18.46586799621582 1449
1752763178349 18.12242317199707 1499
1752763189530 17.761384963989258 1549
1752763200686 17.624197006225586 1599
1752763211850 17.39299201965332 1649
1752763225570 17.22257423400879 1699
1752763236726 16.837839126586914 1749
1752763247899 16.522323608398438 1799
1752763259059 16.40152359008789 1849
1752763270233 16.204076766967773 1899
1752763281376 15.901503562927246 1949
1752763295114 15.699512481689453 1999
1752763306285 15.605729103088379 2049
1752763317449 15.381059646606445 2099
1752763328625 15.013616561889648 2149
1752763339804 14.72071647644043 2199
1752763353576 14.535659790039062 2249
1752763364753 14.348627090454102 2299
1752763375916 14.324176788330078 2349
1752763387097 13.87504768371582 2399
1752763398266 13.73605728149414 2449
1752763409452 13.52022933959961 2499
1752763423102 13.189546585083008 2549
1752763434264 13.031022071838379 2599
1752763445452 12.672866821289062 2649
1752763456640 12.571779251098633 2699
1752763467838 12.234504699707031 2749
1752763478955 12.071832656860352 2799
1752763492780 11.73583984375 2849
1752763503946 11.6893949508667 2899
1752763515127 11.313405990600586 2949
1752763526297 11.113448143005371 2999
1752763537467 10.966924667358398 3049
1752763551183 10.725349426269531 3099
1752763562367 10.548845291137695 3149
1752763573512 10.340045928955078 3199
1752763584692 10.077800750732422 3249
1752763595850 9.922052383422852 3299
1752763606992 9.779010772705078 3349
1752763620734 9.496917724609375 3399
1752763631902 9.321454048156738 3449
1752763643073 9.127208709716797 3499
1752763654255 9.0565824508667 3549
1752763665431 8.740774154663086 3599
1752763679170 8.633186340332031 3649
1752763690356 8.394890785217285 3699
1752763701534 8.152498245239258 3749
1752763712727 7.940158367156982 3799
1752763723909 7.756114959716797 3849
1752763735092 7.813325881958008 3899
1752763747925 7.699695587158203 3949
1752763759076 7.295457363128662 3999
1752763770249 7.159324645996094 4049
1752763781448 7.021589279174805 4099
1752763792631 6.887834548950195 4149
1752763803728 6.706241607666016 4199
1752763816650 6.604226112365723 4249
1752763827825 6.509842872619629 4299
1752763838995 6.148166179656982 4349
1752763850168 6.091666221618652 4399
1752763861334 5.931386947631836 4449
1752763875006 5.695493221282959 4499
1752763886191 5.7197370529174805 4549
1752763897352 5.77622127532959 4599
1752763908555 5.386771202087402 4649
1752763919753 5.212477684020996 4699
1752763930932 5.17169189453125 4749
1752763943816 5.168146133422852 4799
1752763955020 4.934304237365723 4849
1752763966178 4.709654331207275 4899
1752763977317 4.710378646850586 4949
1752763988489 4.622672080993652 4999
1752764002209 4.396737575531006 5049
1752764013382 4.552665710449219 5099
1752764024561 4.204494476318359 5149
1752764035741 4.239772796630859 5199
1752764046926 3.9626338481903076 5249
1752764058252 4.019033908843994 5299
1752764071105 3.7538180351257324 5349
1752764082303 3.819115400314331 5399
1752764093490 3.710324287414551 5449
1752764104672 3.6176390647888184 5499
1752764115856 3.3608808517456055 5549
1752764126954 3.3347973823547363 5599
1752764140771 3.4656991958618164 5649
1752764151944 3.2267987728118896 5699
1752764163140 3.171618700027466 5749
1752764174309 3.1673619747161865 5799
1752764185489 3.230403423309326 5849
1752764199153 2.9167895317077637 5899
1752764210347 2.8421759605407715 5949
1752764221522 2.9918041229248047 5999
1752764232712 2.7710704803466797 6049
1752764243896 2.824209690093994 6099
1752764255069 2.491053581237793 6149
1752764267967 2.6257283687591553 6199
1752764279179 2.5909512042999268 6249
1752764290374 2.475600481033325 6299
1752764301562 2.4158570766448975 6349
1752764312761 2.2506561279296875 6399
1752764325677 2.327162981033325 6449
1752764336842 2.218539237976074 6499
1752764348015 2.3091578483581543 6549
1752764359185 2.236292839050293 6599
1752764370376 2.0835766792297363 6649
1752764381559 2.106424570083618 6699
1752764395261 2.0429272651672363 6749
1752764406452 2.0774128437042236 6799
1752764417648 2.0609710216522217 6849
1752764428815 2.107938289642334 6899
1752764439987 1.8670374155044556 6949
1752764451093 1.971114993095398 6999
1752764464911 1.894646167755127 7049
1752764476068 1.8183578252792358 7099
1752764487246 1.77616286277771 7149
1752764498438 1.7310032844543457 7199
1752764509613 1.9609893560409546 7249
1752764523336 1.7689435482025146 7299
1752764534529 1.8645069599151611 7349
1752764545714 1.7674827575683594 7399
1752764556876 1.6908743381500244 7449
1752764568052 1.8909238576889038 7499
1752764579214 1.5960383415222168 7549
1752764592123 1.6296085119247437 7599
1752764603296 1.6118218898773193 7649
1752764614457 1.625363826751709 7699
1752764625623 1.7006784677505493 7749
1752764636805 1.4981521368026733 7799
1752764650479 1.5642286539077759 7849
1752764661666 1.5293724536895752 7899
1752764672840 1.5682379007339478 7949
1752764684034 1.5203475952148438 7999
1752764695218 1.5410377979278564 8049
1752764706390 1.5636935234069824 8099
1752764720120 1.5539984703063965 8149
1752764731313 1.5329248905181885 8199
1752764742496 1.557160496711731 8249
1752764753701 1.645803689956665 8299
1752764764878 1.3491847515106201 8349
1752764775994 1.3877654075622559 8399
1752764788996 1.4432365894317627 8449
1752764800194 1.5343657732009888 8499
1752764811388 1.5815542936325073 8549
1752764822572 1.317896842956543 8599
1752764833759 1.4318335056304932 8649
1752764847479 1.4634418487548828 8699
1752764858655 1.4523305892944336 8749
1752764869840 1.5253759622573853 8799
1752764881014 1.3972761631011963 8849
1752764892203 1.397633671760559 8899
1752764903363 1.389141321182251 8949
1752764917049 1.3433129787445068 8999
1752764928195 1.4630985260009766 9049
1752764939330 1.3106034994125366 9099
1752764950525 1.5039913654327393 9149
1752764961673 1.4880059957504272 9199
1752764974563 1.4248124361038208 9249
1752764985761 1.2223881483078003 9299
1752764996948 1.3809906244277954 9349
1752765008120 1.3500828742980957 9399
1752765019305 1.4107639789581299 9449
1752765030484 1.2868103981018066 9499
1752765043400 1.3417692184448242 9549
1752765054724 1.3184609413146973 9599
1752765065895 1.4835360050201416 9649
1752765077063 1.3435285091400146 9699
1752765088251 1.36094069480896 9749
1752765099346 1.3715534210205078 9799
1752765112304 1.1947731971740723 9849
1752765123490 1.2802729606628418 9899
1752765134654 1.3891053199768066 9949
1752765145834 1.540635108947754 9999
1752765156997 1.2567836046218872 10049
1752765169827 1.3371596336364746 10099
1752765180989 1.3082895278930664 10149
1752765192150 1.3308188915252686 10199
