1752762842634 1.7515162229537964 49
1752762853661 1.8979957103729248 99
1752762864718 2.57100772857666 149
1752762875795 1.6034355163574219 199
1752762886879 1.6093037128448486 249
1752762900382 1.834627628326416 299
1752762911492 2.040576934814453 349
1752762922615 1.9308288097381592 399
1752762933752 1.729522943496704 449
1752762944892 2.303832769393921 499
1752762956021 2.1687328815460205 549
1752762969751 1.9856157302856445 599
1752762980907 2.0723235607147217 649
1752762992057 2.113210678100586 699
1752763003226 1.8684009313583374 749
1752763014412 1.9861103296279907 799
1752763028086 2.3639745712280273 849
1752763039241 1.7793960571289062 899
1752763050405 2.4041342735290527 949
1752763061562 1.3032387495040894 999
1752763072720 1.9713592529296875 1049
1752763083880 1.8275201320648193 1099
1752763097557 1.9825937747955322 1149
1752763108718 1.6831997632980347 1199
1752763119886 1.9443128108978271 1249
1752763131049 2.020064353942871 1299
1752763142228 1.5674431324005127 1349
1752763153315 1.4269009828567505 1399
1752763167200 2.187716484069824 1449
1752763178349 1.4654572010040283 1499
1752763189530 1.5676980018615723 1549
1752763200686 1.4141302108764648 1599
1752763211850 1.1587337255477905 1649
1752763225570 1.654882788658142 1699
1752763236726 1.562178611755371 1749
1752763247899 1.6535193920135498 1799
1752763259059 1.876970887184143 1849
1752763270233 1.7854350805282593 1899
1752763281376 1.6089826822280884 1949
1752763295114 1.4938831329345703 1999
1752763306285 1.6915233135223389 2049
1752763317449 1.4431581497192383 2099
1752763328625 1.8009402751922607 2149
1752763339804 1.7905888557434082 2199
1752763353576 1.7028772830963135 2249
1752763364753 1.7407398223876953 2299
1752763375916 1.6192588806152344 2349
1752763387097 1.7256569862365723 2399
1752763398266 1.6877152919769287 2449
1752763409452 1.3466852903366089 2499
1752763423102 1.768242597579956 2549
1752763434264 2.1139004230499268 2599
1752763445452 1.6459734439849854 2649
1752763456640 1.3836419582366943 2699
1752763467838 1.5695306062698364 2749
1752763478955 1.3860503435134888 2799
1752763492780 1.3773763179779053 2849
1752763503946 1.8993000984191895 2899
1752763515127 1.5286558866500854 2949
1752763526297 2.0332071781158447 2999
1752763537467 1.6098425388336182 3049
1752763551183 1.7608914375305176 3099
1752763562367 1.9808331727981567 3149
1752763573512 1.5268149375915527 3199
1752763584692 2.102909803390503 3249
1752763595850 1.6744595766067505 3299
1752763606992 1.747671365737915 3349
1752763620734 1.2802003622055054 3399
1752763631902 1.925762414932251 3449
1752763643073 1.2475597858428955 3499
1752763654255 1.3250267505645752 3549
1752763665431 1.8109955787658691 3599
1752763679170 1.680694580078125 3649
1752763690356 1.618828296661377 3699
1752763701534 1.6538785696029663 3749
1752763712727 1.7735588550567627 3799
1752763723909 1.6020339727401733 3849
1752763735092 1.2667491436004639 3899
1752763747925 1.1291589736938477 3949
1752763759076 1.2809598445892334 3999
1752763770249 1.2178840637207031 4049
1752763781448 1.576981544494629 4099
1752763792631 1.8115676641464233 4149
1752763803728 2.290919542312622 4199
1752763816650 1.2332056760787964 4249
1752763827825 1.168459177017212 4299
1752763838995 1.6376464366912842 4349
1752763850168 1.3974653482437134 4399
1752763861334 1.6255528926849365 4449
1752763875006 1.4329476356506348 4499
1752763886191 1.2428264617919922 4549
1752763897352 1.589313268661499 4599
1752763908555 1.4822694063186646 4649
1752763919753 1.422676920890808 4699
1752763930932 1.5846357345581055 4749
1752763943816 1.509208083152771 4799
1752763955020 1.49631667137146 4849
1752763966178 1.6660298109054565 4899
1752763977317 1.3661839962005615 4949
1752763988489 1.3791558742523193 4999
1752764002209 1.1812548637390137 5049
1752764013382 1.5488765239715576 5099
1752764024561 1.3579671382904053 5149
1752764035741 1.1110528707504272 5199
1752764046926 1.9599010944366455 5249
1752764058252 1.6695590019226074 5299
1752764071105 1.2423990964889526 5349
1752764082303 1.496220588684082 5399
1752764093490 1.312193512916565 5449
1752764104672 2.031961679458618 5499
1752764115856 1.2863328456878662 5549
1752764126954 1.172325611114502 5599
1752764140771 1.6318442821502686 5649
1752764151944 1.2873691320419312 5699
1752764163140 1.3934215307235718 5749
1752764174309 1.0547972917556763 5799
1752764185489 1.8663041591644287 5849
1752764199153 1.642357587814331 5899
1752764210347 1.1256275177001953 5949
1752764221522 1.3702099323272705 5999
1752764232712 1.5729353427886963 6049
1752764243896 1.676020860671997 6099
1752764255069 1.6592249870300293 6149
1752764267967 0.977653980255127 6199
1752764279179 1.2084238529205322 6249
1752764290374 1.3487963676452637 6299
1752764301562 1.0526330471038818 6349
1752764312761 1.521075963973999 6399
1752764325677 1.4012764692306519 6449
1752764336842 1.2502520084381104 6499
1752764348015 1.1742849349975586 6549
1752764359185 1.22402024269104 6599
1752764370376 1.8124041557312012 6649
1752764381559 1.2562975883483887 6699
1752764395261 1.5425302982330322 6749
1752764406452 1.2789289951324463 6799
1752764417648 1.4599171876907349 6849
1752764428815 2.1241300106048584 6899
1752764439987 1.0344204902648926 6949
1752764451093 1.4334925413131714 6999
1752764464911 1.9752955436706543 7049
1752764476068 1.4754228591918945 7099
1752764487246 1.7103890180587769 7149
1752764498438 1.357391119003296 7199
1752764509613 1.601050853729248 7249
1752764523336 1.6463449001312256 7299
1752764534529 1.2954275608062744 7349
1752764545714 1.1830793619155884 7399
1752764556876 1.1564106941223145 7449
1752764568052 1.1135838031768799 7499
1752764579214 1.2089569568634033 7549
1752764592123 1.5824675559997559 7599
1752764603296 1.413666844367981 7649
1752764614457 1.563913345336914 7699
1752764625623 1.6043438911437988 7749
1752764636805 0.9526649713516235 7799
1752764650479 1.2963697910308838 7849
1752764661666 1.2704100608825684 7899
1752764672840 1.25318443775177 7949
1752764684034 1.423630952835083 7999
1752764695218 1.6079955101013184 8049
1752764706390 1.2383439540863037 8099
1752764720120 1.3686646223068237 8149
1752764731313 1.4779657125473022 8199
1752764742496 1.2393192052841187 8249
1752764753701 1.7199392318725586 8299
1752764764878 1.0226198434829712 8349
1752764775994 1.194780945777893 8399
1752764788996 1.7916150093078613 8449
1752764800194 1.4628814458847046 8499
1752764811388 1.701634407043457 8549
1752764822572 1.9834462404251099 8599
1752764833759 1.325038194656372 8649
1752764847479 1.621156930923462 8699
1752764858655 1.4442951679229736 8749
1752764869840 1.5631517171859741 8799
1752764881014 1.418060541152954 8849
1752764892203 1.6221790313720703 8899
1752764903363 1.607894778251648 8949
1752764917049 1.0241421461105347 8999
1752764928195 1.2353019714355469 9049
1752764939330 1.1074018478393555 9099
1752764950525 1.4478981494903564 9149
1752764961673 1.2997099161148071 9199
1752764974563 1.2586438655853271 9249
1752764985761 1.3745875358581543 9299
1752764996948 1.170539140701294 9349
1752765008120 1.0849665403366089 9399
1752765019305 1.9738134145736694 9449
1752765030484 1.228938341140747 9499
1752765043400 1.09900963306427 9549
1752765054724 0.9638574719429016 9599
1752765065895 1.1501821279525757 9649
1752765077063 1.3649730682373047 9699
1752765088251 1.1069259643554688 9749
1752765099346 0.9939165115356445 9799
1752765112304 1.5511202812194824 9849
1752765123490 1.2796210050582886 9899
1752765134654 1.0643264055252075 9949
1752765145834 1.0467933416366577 9999
1752765156997 1.4097840785980225 10049
1752765169827 1.0721882581710815 10099
1752765180989 1.0567865371704102 10149
1752765192150 1.4573498964309692 10199
