1752762895129 4.227424621582031 279
1752762959938 5.434288024902344 559
1752763024982 5.95286226272583 839
1752763090010 5.775130748748779 1119
1752763155202 5.534854412078857 1399
1752763220231 5.800107479095459 1679
1752763285302 5.767626762390137 1959
1752763350436 5.882467269897461 2239
1752763415597 5.132187843322754 2519
1752763480698 5.300382137298584 2799
1752763545821 5.702661991119385 3079
1752763610921 5.836416721343994 3359
1752763676067 5.269397735595703 3639
1752763740402 5.870540618896484 3919
1752763804630 5.955625057220459 4199
1752763869716 4.571838855743408 4479
1752763934015 4.353172302246094 4759
1752763999107 4.993649959564209 5039
1752764063559 4.869995594024658 5319
1752764128707 4.493751525878906 5599
1752764193870 4.55527400970459 5879
1752764258161 4.65676736831665 6159
1752764322534 4.699470043182373 6439
1752764387692 4.270291805267334 6719
1752764452852 4.619405746459961 6999
1752764518003 4.045069217681885 7279
1752764582299 4.3523454666137695 7559
1752764647417 4.141772270202637 7839
1752764712538 4.5858330726623535 8119
1752764776917 4.561639308929443 8399
1752764842135 3.55208420753479 8679
1752764907290 3.3522441387176514 8959
1752764971438 4.101675987243652 9239
1752765035784 3.692976713180542 9519
1752765100265 3.664450168609619 9799
1752765164508 3.8271143436431885 10079
