1752766573345 0.0 49
1752766584389 0.0 99
1752766595494 0.0 149
1752766606600 0.0 199
1752766617747 0.0 249
1752766638478 0.0 273
1752766640108 0.0 273
1752766646771 1.0 299
1752766657910 1.0 349
1752766669058 1.0 399
1752766680221 1.0 449
1752766691398 1.0 499
1752766717433 1.0 547
1752766719108 1.0 547
1752766720405 2.0 549
1752766731573 2.0 599
1752766742742 2.0 649
1752766753902 2.0 699
1752766765086 2.0 749
1752766776269 2.0 799
1752766796602 2.0 821
1752766798293 2.0 821
1752766805437 3.0 849
1752766816570 3.0 899
1752766827711 3.0 949
1752766838865 3.0 999
1752766850056 3.0 1049
1752766875670 3.0 1095
1752766877304 3.0 1095
1752766879130 4.0 1099
1752766890312 4.0 1149
1752766901504 4.0 1199
1752766912686 4.0 1249
1752766923878 4.0 1299
1752766935055 4.0 1349
1752766954942 4.0 1369
1752766956760 4.0 1369
1752766964386 5.0 1399
1752766975567 5.0 1449
1752766986747 5.0 1499
1752766997930 5.0 1549
1752767009121 5.0 1599
1752767034356 5.0 1643
1752767035954 5.0 1643
1752767038228 6.0 1649
1752767049390 6.0 1699
1752767060570 6.0 1749
1752767071761 6.0 1799
1752767082955 6.0 1849
1752767094151 6.0 1899
1752767113579 6.0 1917
1752767114436 6.0 1917
1752767122501 7.0 1949
1752767133709 7.0 1999
1752767144907 7.0 2049
1752767156119 7.0 2099
1752767167318 7.0 2149
1752767192158 7.0 2191
1752767193823 7.0 2191
1752767196557 8.0 2199
1752767207747 8.0 2249
1752767218905 8.0 2299
1752767230128 8.0 2349
1752767241343 8.0 2399
1752767252540 8.0 2449
1752767271529 8.0 2465
1752767273187 8.0 2465
1752767281755 9.0 2499
1752767292959 9.0 2549
1752767304156 9.0 2599
1752767315347 9.0 2649
1752767326557 9.0 2699
1752767350778 9.0 2739
1752767352339 9.0 2739
1752767355530 10.0 2749
1752767366706 10.0 2799
1752767377911 10.0 2849
1752767389104 10.0 2899
1752767400306 10.0 2949
1752767411520 10.0 2999
1752767430080 10.0 3013
1752767431679 10.0 3013
1752767440702 11.0 3049
1752767451915 11.0 3099
1752767463115 11.0 3149
1752767474326 11.0 3199
1752767485541 11.0 3249
1752767509431 11.0 3287
1752767510202 11.0 3287
1752767513829 12.0 3299
1752767525003 12.0 3349
1752767536206 12.0 3399
1752767547408 12.0 3449
1752767558609 12.0 3499
1752767569817 12.0 3549
1752767587932 12.0 3561
1752767589619 12.0 3561
1752767599026 13.0 3599
1752767610215 13.0 3649
1752767621410 13.0 3699
1752767632602 13.0 3749
1752767643823 13.0 3799
1752767667250 13.0 3835
1752767668947 13.0 3835
1752767673002 14.0 3849
1752767684162 14.0 3899
1752767695359 14.0 3949
1752767706569 14.0 3999
1752767717783 14.0 4049
1752767728989 14.0 4099
1752767746601 14.0 4109
1752767747464 14.0 4109
1752767757352 15.0 4149
1752767768529 15.0 4199
1752767779710 15.0 4249
1752767790907 15.0 4299
1752767802110 15.0 4349
1752767825100 15.0 4383
1752767826806 15.0 4383
1752767831245 16.0 4399
1752767842438 16.0 4449
1752767853618 16.0 4499
1752767864809 16.0 4549
1752767876015 16.0 4599
1752767887205 16.0 4649
1752767904399 16.0 4657
1752767905261 16.0 4657
1752767915595 17.0 4699
1752767926791 17.0 4749
1752767937976 17.0 4799
1752767949170 17.0 4849
1752767960379 17.0 4899
1752767982878 17.0 4931
1752767984570 17.0 4931
1752767989509 18.0 4949
1752768000707 18.0 4999
1752768011908 18.0 5049
1752768023121 18.0 5099
1752768034323 18.0 5149
1752768045515 18.0 5199
1752768062203 18.0 5205
1752768063066 18.0 5205
1752768074341 19.0 5249
1752768085518 19.0 5299
1752768096699 19.0 5349
1752768107886 19.0 5399
1752768119100 19.0 5449
1752768141061 19.0 5479
1752768141927 19.0 5479
1752768147349 20.0 5499
1752768158585 20.0 5549
1752768169794 20.0 5599
1752768180998 20.0 5649
1752768192205 20.0 5699
1752768203394 20.0 5749
1752768219587 20.0 5753
1752768220351 20.0 5753
1752768231495 21.0 5799
1752768242666 21.0 5849
1752768253858 21.0 5899
1752768265045 21.0 5949
1752768276231 21.0 5999
1752768297918 21.0 6027
1752768299503 21.0 6027
1752768305358 22.0 6049
1752768316555 22.0 6099
1752768327751 22.0 6149
1752768338919 22.0 6199
1752768350117 22.0 6249
1752768361297 22.0 6299
1752768377199 22.0 6301
1752768378060 22.0 6301
1752768389732 23.0 6349
1752768400941 23.0 6399
1752768412147 23.0 6449
1752768423331 23.0 6499
1752768434545 23.0 6549
1752768455639 23.0 6575
1752768456383 23.0 6575
1752768462681 24.0 6599
1752768473894 24.0 6649
1752768485079 24.0 6699
1752768496277 24.0 6749
1752768507470 24.0 6799
1752768518643 24.0 6849
1752768534069 24.0 6849
1752768535768 24.0 6849
1752768547889 25.0 6899
1752768559104 25.0 6949
1752768570316 25.0 6999
1752768581532 25.0 7049
1752768592752 25.0 7099
1752768613515 25.0 7123
1752768614373 25.0 7123
1752768621173 26.0 7149
1752768632375 26.0 7199
1752768643578 26.0 7249
1752768654782 26.0 7299
1752768665963 26.0 7349
1752768691984 26.0 7397
1752768693684 26.0 7397
1752768695088 27.0 7399
1752768706268 27.0 7449
1752768717462 27.0 7499
1752768728659 27.0 7549
1752768739864 27.0 7599
1752768751075 27.0 7649
1752768771242 27.0 7671
1752768772108 27.0 7671
1752768779240 28.0 7699
1752768790436 28.0 7749
1752768801629 28.0 7799
1752768812822 28.0 7849
1752768824034 28.0 7899
1752768849602 28.0 7945
1752768851301 28.0 7945
1752768853119 29.0 7949
1752768864308 29.0 7999
1752768875517 29.0 8049
1752768886698 29.0 8099
1752768897893 29.0 8149
1752768909076 29.0 8199
1752768928964 29.0 8219
1752768930623 29.0 8219
1752768938229 30.0 8249
1752768949433 30.0 8299
1752768960638 30.0 8349
1752768971834 30.0 8399
1752768983021 30.0 8449
1752769008297 30.0 8493
1752769009152 30.0 8493
1752769011423 31.0 8499
1752769022611 31.0 8549
1752769033769 31.0 8599
1752769044959 31.0 8649
1752769056164 31.0 8699
1752769067360 31.0 8749
1752769086725 31.0 8767
1752769087582 31.0 8767
1752769095670 32.0 8799
1752769106872 32.0 8849
1752769118068 32.0 8899
1752769129277 32.0 8949
1752769140478 32.0 8999
1752769165305 32.0 9041
1752769166873 32.0 9041
1752769169580 33.0 9049
1752769180767 33.0 9099
1752769191959 33.0 9149
1752769203149 33.0 9199
1752769214338 33.0 9249
1752769225536 33.0 9299
1752769244345 33.0 9315
1752769245208 33.0 9315
1752769253797 34.0 9349
1752769265128 34.0 9399
1752769276335 34.0 9449
1752769287536 34.0 9499
1752769298741 34.0 9549
1752769322966 34.0 9589
1752769324509 34.0 9589
1752769327685 35.0 9599
1752769338878 35.0 9649
1752769350068 35.0 9699
1752769361278 35.0 9749
1752769372474 35.0 9799
1752769383676 35.0 9849
1752769402091 35.0 9863
1752769402960 35.0 9863
1752769411968 36.0 9899
1752769423192 36.0 9949
1752769434395 36.0 9999
1752769445609 36.0 10049
1752769456815 36.0 10099
1752769480643 36.0 10137
1752769481396 36.0 10137
1752769485034 37.0 10149
1752769496198 37.0 10199
1752769507392 37.0 10249
1752769518592 37.0 10299
1752769529807 37.0 10349
1752769541018 37.0 10399
1752769559150 37.0 10411
1752769560009 37.0 10411
1752769569451 38.0 10449
1752769580651 38.0 10499
1752769591878 38.0 10549
1752769603081 38.0 10599
1752769614281 38.0 10649
1752769637747 38.0 10685
1752769638607 38.0 10685
1752769642672 39.0 10699
1752769653873 39.0 10749
1752769665068 39.0 10799
1752769676259 39.0 10849
1752769687450 39.0 10899
1752769698635 39.0 10949
1752769716225 39.0 10959
1752769717814 39.0 10959
1752769727704 40.0 10999
1752769738908 40.0 11049
1752769750107 40.0 11099
1752769761312 40.0 11149
1752769772517 40.0 11199
1752769795534 40.0 11233
1752769796279 40.0 11233
1752769800775 41.0 11249
1752769811974 41.0 11299
1752769823185 41.0 11349
1752769834392 41.0 11399
1752769845581 41.0 11449
1752769856779 41.0 11499
1752769873882 41.0 11507
1752769874622 41.0 11507
1752769884894 42.0 11549
1752769896102 42.0 11599
1752769907307 42.0 11649
1752769918492 42.0 11699
1752769929717 42.0 11749
1752769952531 42.0 11781
1752769954224 42.0 11781
1752769959135 43.0 11799
1752769970338 43.0 11849
1752769981537 43.0 11899
1752769992721 43.0 11949
1752770003924 43.0 11999
1752770015125 43.0 12049
1752770031792 43.0 12055
1752770033483 43.0 12055
1752770044275 44.0 12099
1752770055498 44.0 12149
1752770066717 44.0 12199
1752770077926 44.0 12249
1752770089126 44.0 12299
1752770111123 44.0 12329
1752770111993 44.0 12329
1752770117389 45.0 12349
1752770128589 45.0 12399
1752770139786 45.0 12449
1752770150998 45.0 12499
1752770162188 45.0 12549
1752770173336 45.0 12599
1752770189683 45.0 12603
1752770190546 45.0 12603
1752770201773 46.0 12649
1752770212975 46.0 12699
1752770224164 46.0 12749
1752770235348 46.0 12799
1752770246552 46.0 12849
1752770268245 46.0 12877
1752770269103 46.0 12877
1752770274917 47.0 12899
1752770286077 47.0 12949
1752770297239 47.0 12999
1752770308447 47.0 13049
1752770319656 47.0 13099
1752770330827 47.0 13149
1752770346539 47.0 13151
1752770347404 47.0 13151
1752770359106 48.0 13199
1752770370328 48.0 13249
1752770381535 48.0 13299
1752770392729 48.0 13349
1752770403936 48.0 13399
1752770425178 48.0 13425
1752770426871 48.0 13425
1752770433182 49.0 13449
1752770444570 49.0 13499
1752770455781 49.0 13549
1752770466989 49.0 13599
1752770478185 49.0 13649
1752770489334 49.0 13699
1752770504766 49.0 13699
1752770505630 49.0 13699
1752770517759 50.0 13749
1752770528968 50.0 13799
1752770540170 50.0 13849
1752770551383 50.0 13899
1752770562590 50.0 13949
1752770583296 50.0 13973
1752770584160 50.0 13973
1752770590896 51.0 13999
1752770602089 51.0 14049
1752770613282 51.0 14099
1752770624496 51.0 14149
1752770635690 51.0 14199
1752770661878 51.0 14247
1752770662607 51.0 14247
1752770663984 52.0 14249
1752770675185 52.0 14299
1752770686397 52.0 14349
1752770697597 52.0 14399
1752770708779 52.0 14449
1752770719972 52.0 14499
1752770740248 52.0 14521
1752770741945 52.0 14521
1752770749110 53.0 14549
1752770760313 53.0 14599
1752770771514 53.0 14649
1752770782703 53.0 14699
1752770793906 53.0 14749
1752770819595 53.0 14795
1752770821227 53.0 14795
1752770823056 54.0 14799
1752770834250 54.0 14849
1752770845453 54.0 14899
1752770856664 54.0 14949
1752770867875 54.0 14999
1752770879090 54.0 15049
1752770898771 54.0 15069
1752770900410 54.0 15069
1752770907987 55.0 15099
1752770919201 55.0 15149
1752770930411 55.0 15199
1752770941619 55.0 15249
1752770952806 55.0 15299
1752770978065 55.0 15343
1752770979763 55.0 15343
1752770982048 56.0 15349
1752770993254 56.0 15399
1752771004411 56.0 15449
1752771015592 56.0 15499
1752771026793 56.0 15549
1752771037994 56.0 15599
1752771057256 56.0 15617
1752771058109 56.0 15617
1752771066217 57.0 15649
1752771077403 57.0 15699
1752771088609 57.0 15749
1752771099804 57.0 15799
1752771111003 57.0 15849
1752771135730 57.0 15891
1752771136589 57.0 15891
1752771139293 58.0 15899
1752771150488 58.0 15949
1752771161696 58.0 15999
1752771172920 58.0 16049
1752771184127 58.0 16099
1752771195339 58.0 16149
1752771214369 58.0 16165
1752771215227 58.0 16165
1752771223730 59.0 16199
1752771234913 59.0 16249
1752771246112 59.0 16299
1752771257296 59.0 16349
1752771268507 59.0 16399
1752771292842 59.0 16439
1752771293709 59.0 16439
1752771296880 60.0 16449
1752771308096 60.0 16499
1752771319296 60.0 16549
1752771330488 60.0 16599
1752771341691 60.0 16649
1752771352891 60.0 16699
1752771371443 60.0 16713
1752771372311 60.0 16713
1752771381336 61.0 16749
1752771392540 61.0 16799
1752771403737 61.0 16849
1752771414950 61.0 16899
1752771426151 61.0 16949
1752771449875 61.0 16987
1752771450700 61.0 16987
1752771454288 62.0 16999
1752771465471 62.0 17049
1752771476675 62.0 17099
1752771487885 62.0 17149
1752771499081 62.0 17199
1752771510296 62.0 17249
1752771528296 62.0 17261
1752771529158 62.0 17261
1752771538608 63.0 17299
1752771549823 63.0 17349
1752771561026 63.0 17399
1752771572372 63.0 17449
1752771583608 63.0 17499
1752771606945 63.0 17535
1752771607731 63.0 17535
1752771611814 64.0 17549
1752771623018 64.0 17599
1752771634220 64.0 17649
1752771645439 64.0 17699
1752771656640 64.0 17749
1752771667846 64.0 17799
1752771685510 64.0 17809
1752771687212 64.0 17809
1752771697124 65.0 17849
1752771708329 65.0 17899
1752771719534 65.0 17949
1752771730746 65.0 17999
1752771741950 65.0 18049
1752771764951 65.0 18083
1752771766654 65.0 18083
1752771771179 66.0 18099
1752771782367 66.0 18149
1752771793567 66.0 18199
1752771804772 66.0 18249
1752771815982 66.0 18299
1752771827195 66.0 18349
1752771844420 66.0 18357
1752771845282 66.0 18357
1752771855560 67.0 18399
1752771866729 67.0 18449
1752771877905 67.0 18499
1752771889103 67.0 18549
1752771900297 67.0 18599
1752771922760 67.0 18631
1752771923626 67.0 18631
1752771928562 68.0 18649
1752771939733 68.0 18699
1752771950896 68.0 18749
1752771962096 68.0 18799
1752771973294 68.0 18849
1752771984486 68.0 18899
1752772001217 68.0 18905
1752772002909 68.0 18905
1752772013663 69.0 18949
1752772024857 69.0 18999
1752772036061 69.0 19049
1752772047272 69.0 19099
1752772058486 69.0 19149
1752772080531 69.0 19179
1752772081336 69.0 19179
1752772086735 70.0 19199
1752772097928 70.0 19249
1752772109148 70.0 19299
1752772120352 70.0 19349
1752772131531 70.0 19399
1752772142695 70.0 19449
1752772158891 70.0 19453
1752772159669 70.0 19453
1752772170899 71.0 19499
1752772182098 71.0 19549
1752772193294 71.0 19599
1752772204498 71.0 19649
1752772215699 71.0 19699
1752772237365 71.0 19727
1752772239059 71.0 19727
1752772244944 72.0 19749
1752772256144 72.0 19799
1752772267342 72.0 19849
1752772278537 72.0 19899
1752772289710 72.0 19949
1752772300885 72.0 19999
1752772316831 72.0 20001
1752772317697 72.0 20001
1752772329342 73.0 20049
1752772340535 73.0 20099
1752772351725 73.0 20149
1752772362927 73.0 20199
1752772374130 73.0 20249
1752772395316 73.0 20275
1752772396178 73.0 20275
1752772402475 74.0 20299
1752772413672 74.0 20349
1752772424878 74.0 20399
1752772436088 74.0 20449
1752772447288 74.0 20499
1752772458469 74.0 20549
1752772473947 74.0 20549
1752772474810 74.0 20549
1752772486960 75.0 20599
1752772498126 75.0 20649
1752772509292 75.0 20699
1752772520450 75.0 20749
1752772531617 75.0 20799
1752772552297 75.0 20823
1752772554008 75.0 20823
1752772560781 76.0 20849
1752772571982 76.0 20899
1752772583164 76.0 20949
1752772594364 76.0 20999
1752772605560 76.0 21049
1752772631610 76.0 21097
1752772632466 76.0 21097
1752772633822 77.0 21099
1752772645037 77.0 21149
1752772656250 77.0 21199
1752772667478 77.0 21249
1752772678702 77.0 21299
1752772689923 77.0 21349
1752772710269 77.0 21371
1752772711130 77.0 21371
1752772718455 78.0 21399
1752772729678 78.0 21449
1752772740880 78.0 21499
1752772752086 78.0 21549
1752772763299 78.0 21599
1752772788910 78.0 21645
1752772789771 78.0 21645
1752772791542 79.0 21649
1752772802747 79.0 21699
1752772813954 79.0 21749
1752772825155 79.0 21799
1752772836359 79.0 21849
1752772847576 79.0 21899
1752772867389 79.0 21919
1752772868258 79.0 21919
1752772875875 80.0 21949
1752772887071 80.0 21999
1752772898255 80.0 22049
1752772909450 80.0 22099
1752772920655 80.0 22149
1752772945959 80.0 22193
1752772946824 80.0 22193
1752772949096 81.0 22199
1752772960285 81.0 22249
1752772971483 81.0 22299
1752772982695 81.0 22349
1752772993890 81.0 22399
1752773005071 81.0 22449
1752773024282 81.0 22467
1752773025149 81.0 22467
1752773033206 82.0 22499
1752773044398 82.0 22549
1752773055592 82.0 22599
1752773066806 82.0 22649
1752773078013 82.0 22699
1752773102931 82.0 22741
1752773103797 82.0 22741
1752773106448 83.0 22749
1752773117647 83.0 22799
1752773128849 83.0 22849
1752773140048 83.0 22899
1752773151243 83.0 22949
1752773162441 83.0 22999
1752773181168 83.0 23015
1752773182852 83.0 23015
1752773191360 84.0 23049
1752773202553 84.0 23099
1752773213736 84.0 23149
1752773224909 84.0 23199
1752773236112 84.0 23249
1752773260433 84.0 23289
1752773261299 84.0 23289
1752773264479 85.0 23299
1752773275660 85.0 23349
1752773286845 85.0 23399
1752773298044 85.0 23449
1752773309237 85.0 23499
1752773320421 85.0 23549
1752773338879 85.0 23563
1752773339736 85.0 23563
1752773348770 86.0 23599
1752773359962 86.0 23649
1752773371156 86.0 23699
1752773382364 86.0 23749
1752773393607 86.0 23799
1752773417494 86.0 23837
1752773419136 86.0 23837
1752773422797 87.0 23849
1752773433985 87.0 23899
1752773445192 87.0 23949
1752773456414 87.0 23999
1752773467621 87.0 24049
1752773478834 87.0 24099
1752773496930 87.0 24111
1752773497790 87.0 24111
1752773507195 88.0 24149
1752773518405 88.0 24199
1752773529620 88.0 24249
1752773540831 88.0 24299
1752773552027 88.0 24349
1752773575460 88.0 24385
1752773576325 88.0 24385
1752773580394 89.0 24399
1752773591592 89.0 24449
1752773602802 89.0 24499
1752773614006 89.0 24549
1752773625214 89.0 24599
1752773636406 89.0 24649
1752773654119 89.0 24659
1752773655818 89.0 24659
1752773665635 90.0 24699
1752773676839 90.0 24749
1752773688037 90.0 24799
1752773699235 90.0 24849
1752773710424 90.0 24899
1752773733470 90.0 24933
1752773734330 90.0 24933
1752773738822 91.0 24949
1752773750043 91.0 24999
1752773761246 91.0 25049
1752773772454 91.0 25099
1752773783656 91.0 25149
1752773794855 91.0 25199
1752773811895 91.0 25207
1752773812756 91.0 25207
1752773823090 92.0 25249
1752773834286 92.0 25299
1752773845501 92.0 25349
1752773856704 92.0 25399
1752773867900 92.0 25449
1752773890468 92.0 25481
1752773891333 92.0 25481
1752773896297 93.0 25499
1752773907496 93.0 25549
1752773918701 93.0 25599
1752773929903 93.0 25649
1752773941103 93.0 25699
1752773952307 93.0 25749
1752773969080 93.0 25755
1752773969940 93.0 25755
1752773980674 94.0 25799
1752773991984 94.0 25849
1752774003195 94.0 25899
1752774014405 94.0 25949
1752774025612 94.0 25999
1752774047658 94.0 26029
1752774049271 94.0 26029
1752774054663 95.0 26049
1752774065852 95.0 26099
1752774077071 95.0 26149
1752774088283 95.0 26199
1752774099467 95.0 26249
1752774110638 95.0 26299
1752774126943 95.0 26303
1752774127805 95.0 26303
1752774139034 96.0 26349
1752774150221 96.0 26399
1752774161423 96.0 26449
1752774172626 96.0 26499
1752774183834 96.0 26549
1752774205394 96.0 26577
1752774206970 96.0 26577
1752774212769 97.0 26599
1752774223976 97.0 26649
1752774235199 97.0 26699
1752774246403 97.0 26749
1752774257608 97.0 26799
1752774268773 97.0 26849
1752774284422 97.0 26851
1752774285289 97.0 26851
1752774296956 98.0 26899
1752774308175 98.0 26949
1752774319376 98.0 26999
1752774330568 98.0 27049
1752774341779 98.0 27099
1752774362990 98.0 27125
1752774363845 98.0 27125
1752774370166 99.0 27149
1752774381362 99.0 27199
1752774392563 99.0 27249
1752774403784 99.0 27299
1752774415001 99.0 27349
1752774426173 99.0 27399
1752774441376 99.0 27399
1752774442236 99.0 27399
