1752766640108 25.960783004760742 273
1752766719108 24.905778884887695 547
1752766798293 23.90434455871582 821
1752766877304 22.891231536865234 1095
1752766956760 21.841812133789062 1369
1752767035954 20.837284088134766 1643
1752767114436 19.823135375976562 1917
1752767193823 18.76810646057129 2191
1752767273187 17.669893264770508 2465
1752767352339 16.48372459411621 2739
1752767431679 15.17752742767334 3013
1752767510202 13.89028263092041 3287
1752767589619 12.646915435791016 3561
1752767668947 11.461061477661133 3835
1752767747464 10.336825370788574 4109
1752767826806 9.253358840942383 4383
1752767905261 8.236454010009766 4657
1752767984570 7.310062408447266 4931
1752768063066 6.495547771453857 5205
1752768141927 5.795792102813721 5479
1752768220351 5.144532680511475 5753
1752768299503 4.55782413482666 6027
1752768378060 4.021794319152832 6301
1752768456383 3.498682737350464 6575
1752768535768 3.105321168899536 6849
1752768614373 2.7475383281707764 7123
1752768693684 2.4167068004608154 7397
1752768772108 2.168809175491333 7671
1752768851301 1.9450173377990723 7945
1752768930623 1.7731406688690186 8219
1752769009152 1.6333694458007812 8493
1752769087582 1.522094964981079 8767
1752769166873 1.4275102615356445 9041
1752769245208 1.3728249073028564 9315
1752769324509 1.318471908569336 9589
1752769402960 1.288346529006958 9863
1752769481396 1.2689279317855835 10137
1752769560009 1.2547763586044312 10411
1752769638607 1.248378038406372 10685
1752769717814 1.2305797338485718 10959
1752769796279 1.2282710075378418 11233
1752769874622 1.2334420680999756 11507
1752769954224 1.2267608642578125 11781
1752770033483 1.2185574769973755 12055
1752770111993 1.235849142074585 12329
1752770190546 1.2436319589614868 12603
1752770269103 1.2541711330413818 12877
1752770347404 1.2622292041778564 13151
1752770426871 1.2622020244598389 13425
1752770505630 1.2862540483474731 13699
1752770584160 1.2967839241027832 13973
1752770662607 1.295392394065857 14247
1752770741945 1.3001773357391357 14521
1752770821227 1.310210108757019 14795
1752770900410 1.3280786275863647 15069
1752770979763 1.3384888172149658 15343
1752771058109 1.3402514457702637 15617
1752771136589 1.3521946668624878 15891
1752771215227 1.3458669185638428 16165
1752771293709 1.3508824110031128 16439
1752771372311 1.3620448112487793 16713
1752771450700 1.3807958364486694 16987
1752771529158 1.3814373016357422 17261
1752771607731 1.3834885358810425 17535
1752771687212 1.3952388763427734 17809
1752771766654 1.3996859788894653 18083
1752771845282 1.417986512184143 18357
1752771923626 1.4285856485366821 18631
1752772002909 1.4259239435195923 18905
1752772081336 1.4375090599060059 19179
1752772159669 1.4418554306030273 19453
1752772239059 1.4385104179382324 19727
1752772317697 1.446479082107544 20001
1752772396178 1.4684704542160034 20275
1752772474810 1.4752650260925293 20549
1752772554008 1.4769424200057983 20823
1752772632466 1.4761778116226196 21097
1752772711130 1.4949092864990234 21371
1752772789771 1.481665015220642 21645
1752772868258 1.4880532026290894 21919
1752772946824 1.5017181634902954 22193
1752773025149 1.5142472982406616 22467
1752773103797 1.5296965837478638 22741
1752773182852 1.5269625186920166 23015
1752773261299 1.5362284183502197 23289
1752773339736 1.5404446125030518 23563
1752773419136 1.5465197563171387 23837
1752773497790 1.5588362216949463 24111
1752773576325 1.5636749267578125 24385
1752773655818 1.5693565607070923 24659
1752773734330 1.5633249282836914 24933
1752773812756 1.5706604719161987 25207
1752773891333 1.5802092552185059 25481
1752773969940 1.5774496793746948 25755
1752774049271 1.5892455577850342 26029
1752774127805 1.6040947437286377 26303
1752774206970 1.6000128984451294 26577
1752774285289 1.5927982330322266 26851
1752774363845 1.615470290184021 27125
1752774442236 1.6082139015197754 27399
