1752766640108 6.622035026550293 273
1752766719108 4.9687700271606445 547
1752766798293 4.496117115020752 821
1752766877304 4.31781005859375 1095
1752766956760 4.197780609130859 1369
1752767035954 4.150766849517822 1643
1752767114436 4.2669219970703125 1917
1752767193823 4.082627773284912 2191
1752767273187 3.851938486099243 2465
1752767352339 3.836158037185669 2739
1752767431679 3.739783525466919 3013
1752767510202 3.8084845542907715 3287
1752767589619 3.7364442348480225 3561
1752767668947 3.708611249923706 3835
1752767747464 3.7156686782836914 4109
1752767826806 3.4480834007263184 4383
1752767905261 3.455833673477173 4657
1752767984570 3.4122495651245117 4931
1752768063066 3.50423002243042 5205
1752768141927 3.4836697578430176 5479
1752768220351 3.4891724586486816 5753
1752768299503 3.2933263778686523 6027
1752768378060 3.360416889190674 6301
1752768456383 3.3324434757232666 6575
1752768535768 3.2437562942504883 6849
1752768614373 3.3384218215942383 7123
1752768693684 3.16599702835083 7397
1752768772108 3.255978584289551 7671
1752768851301 3.097356081008911 7945
1752768930623 3.092665910720825 8219
1752769009152 3.1955249309539795 8493
1752769087582 3.1762678623199463 8767
1752769166873 3.0923829078674316 9041
1752769245208 3.1388118267059326 9315
1752769324509 2.9790987968444824 9589
1752769402960 3.0040740966796875 9863
1752769481396 3.1384055614471436 10137
1752769560009 3.121770143508911 10411
1752769638607 3.039215326309204 10685
1752769717814 2.9127349853515625 10959
1752769796279 2.9312117099761963 11233
1752769874622 3.002993583679199 11507
1752769954224 2.8559417724609375 11781
1752770033483 2.8502511978149414 12055
1752770111993 2.984222650527954 12329
1752770190546 2.8581132888793945 12603
1752770269103 2.8604390621185303 12877
1752770347404 2.8658010959625244 13151
1752770426871 2.8497366905212402 13425
1752770505630 2.9012303352355957 13699
1752770584160 2.8713254928588867 13973
1752770662607 2.865241765975952 14247
1752770741945 2.804447889328003 14521
1752770821227 2.7851977348327637 14795
1752770900410 2.743349313735962 15069
1752770979763 2.684752941131592 15343
1752771058109 2.742820978164673 15617
1752771136589 2.8451151847839355 15891
1752771215227 2.7496118545532227 16165
1752771293709 2.7304580211639404 16439
1752771372311 2.7125165462493896 16713
1752771450700 2.718862295150757 16987
1752771529158 2.7737646102905273 17261
1752771607731 2.7001254558563232 17535
1752771687212 2.681065797805786 17809
1752771766654 2.619654417037964 18083
1752771845282 2.689565658569336 18357
1752771923626 2.665053367614746 18631
1752772002909 2.6177682876586914 18905
1752772081336 2.6960527896881104 19179
1752772159669 2.6338589191436768 19453
1752772239059 2.545778274536133 19727
1752772317697 2.634392499923706 20001
1752772396178 2.6545569896698 20275
1752772474810 2.6996679306030273 20549
1752772554008 2.5206682682037354 20823
1752772632466 2.6341259479522705 21097
1752772711130 2.621607542037964 21371
1752772789771 2.553297996520996 21645
1752772868258 2.528707265853882 21919
1752772946824 2.6502466201782227 22193
1752773025149 2.6238434314727783 22467
1752773103797 2.616318702697754 22741
1752773182852 2.52421236038208 23015
1752773261299 2.5627286434173584 23289
1752773339736 2.5636091232299805 23563
1752773419136 2.5207552909851074 23837
1752773497790 2.548542022705078 24111
1752773576325 2.5391693115234375 24385
1752773655818 2.4896717071533203 24659
1752773734330 2.548445224761963 24933
1752773812756 2.533426523208618 25207
1752773891333 2.5341861248016357 25481
1752773969940 2.5362045764923096 25755
1752774049271 2.4733943939208984 26029
1752774127805 2.539957046508789 26303
1752774206970 2.4119133949279785 26577
1752774285289 2.5161478519439697 26851
1752774363845 2.481149673461914 27125
1752774442236 2.4923336505889893 27399
