1752766573345 281.95172119140625 49
1752766584389 279.09405517578125 99
1752766595494 276.11181640625 149
1752766606600 273.6957092285156 199
1752766617747 270.2898254394531 249
1752766646771 267.4384460449219 299
1752766657910 265.51263427734375 349
1752766669058 262.7568359375 399
1752766680221 259.8457946777344 449
1752766691398 257.2010803222656 499
1752766720405 255.63833618164062 549
1752766731573 252.47682189941406 599
1752766742742 250.79051208496094 649
1752766753902 247.85089111328125 699
1752766765086 245.42958068847656 749
1752766776269 243.68911743164062 799
1752766805437 241.54690551757812 849
1752766816570 239.10116577148438 899
1752766827711 237.424072265625 949
1752766838865 235.0593719482422 999
1752766850056 233.02401733398438 1049
1752766879130 231.39617919921875 1099
1752766890312 229.64813232421875 1149
1752766901504 227.1975860595703 1199
1752766912686 225.15969848632812 1249
1752766923878 224.080322265625 1299
1752766935055 221.8376922607422 1349
1752766964386 220.08694458007812 1399
1752766975567 217.94586181640625 1449
1752766986747 215.9484100341797 1499
1752766997930 213.9519805908203 1549
1752767009121 211.83200073242188 1599
1752767038228 210.84254455566406 1649
1752767049390 208.11000061035156 1699
1752767060570 205.4213104248047 1749
1752767071761 203.8636474609375 1799
1752767082955 201.9119110107422 1849
1752767094151 199.63247680664062 1899
1752767122501 198.16587829589844 1949
1752767133709 194.9912872314453 1999
1752767144907 194.7632598876953 2049
1752767156119 192.2223663330078 2099
1752767167318 190.08087158203125 2149
1752767196557 187.94290161132812 2199
1752767207747 186.00697326660156 2249
1752767218905 184.16061401367188 2299
1752767230128 181.7017822265625 2349
1752767241343 179.65875244140625 2399
1752767252540 177.87998962402344 2449
1752767281755 176.00372314453125 2499
1752767292959 173.19674682617188 2549
1752767304156 171.23448181152344 2599
1752767315347 168.50582885742188 2649
1752767326557 167.01104736328125 2699
1752767355530 164.8983154296875 2749
1752767366706 161.97042846679688 2799
1752767377911 159.8170623779297 2849
1752767389104 156.86520385742188 2899
1752767400306 155.25625610351562 2949
1752767411520 152.03524780273438 2999
1752767440702 150.68421936035156 3049
1752767451915 148.1455535888672 3099
1752767463115 146.1320037841797 3149
1752767474326 143.9154510498047 3199
1752767485541 141.35789489746094 3249
1752767513829 140.03005981445312 3299
1752767525003 137.62872314453125 3349
1752767536206 135.16986083984375 3399
1752767547408 133.3804473876953 3449
1752767558609 130.67604064941406 3499
1752767569817 129.78956604003906 3549
1752767599026 126.51329040527344 3599
1752767610215 125.89749145507812 3649
1752767621410 122.71122741699219 3699
1752767632602 120.86891174316406 3749
1752767643823 118.71770477294922 3799
1752767673002 117.22111511230469 3849
1752767684162 114.75952911376953 3899
1752767695359 112.99201202392578 3949
1752767706569 111.56090545654297 3999
1752767717783 109.12507629394531 4049
1752767728989 107.20159912109375 4099
1752767757352 105.48654174804688 4149
1752767768529 103.85970306396484 4199
1752767779710 102.12224578857422 4249
1752767790907 100.69281768798828 4299
1752767802110 98.82290649414062 4349
1752767831245 96.67790222167969 4399
1752767842438 95.34837341308594 4449
1752767853618 94.00138092041016 4499
1752767864809 92.1310806274414 4549
1752767876015 90.00970458984375 4599
1752767887205 88.95195007324219 4649
1752767915595 86.85392761230469 4699
1752767926791 85.953369140625 4749
1752767937976 84.27426147460938 4799
1752767949170 83.17242431640625 4849
1752767960379 80.91031646728516 4899
1752767989509 79.87965393066406 4949
1752768000707 78.78777313232422 4999
1752768011908 77.16151428222656 5049
1752768023121 75.87651062011719 5099
1752768034323 75.22602844238281 5149
1752768045515 73.20590209960938 5199
1752768074341 72.24490356445312 5249
1752768085518 71.11383056640625 5299
1752768096699 70.1327896118164 5349
1752768107886 69.0091552734375 5399
1752768119100 67.87899780273438 5449
1752768147349 66.38468170166016 5499
1752768158585 65.06358337402344 5549
1752768169794 64.69432067871094 5599
1752768180998 63.50799560546875 5649
1752768192205 62.97554016113281 5699
1752768203394 61.789878845214844 5749
1752768231495 61.134437561035156 5799
1752768242666 59.90096664428711 5849
1752768253858 58.68947219848633 5899
1752768265045 57.927940368652344 5949
1752768276231 57.53106689453125 5999
1752768305358 56.32099151611328 6049
1752768316555 55.04428482055664 6099
1752768327751 54.23322296142578 6149
1752768338919 53.34409713745117 6199
1752768350117 52.913124084472656 6249
1752768361297 52.15620422363281 6299
1752768389732 50.74143600463867 6349
1752768400941 50.0912971496582 6399
1752768412147 49.11214828491211 6449
1752768423331 48.4621467590332 6499
1752768434545 48.08336639404297 6549
1752768462681 46.84478759765625 6599
1752768473894 46.43778610229492 6649
1752768485079 45.84845733642578 6699
1752768496277 45.10875701904297 6749
1752768507470 43.967674255371094 6799
1752768518643 43.364990234375 6849
1752768547889 42.8017578125 6899
1752768559104 42.971832275390625 6949
1752768570316 41.703880310058594 6999
1752768581532 41.62340545654297 7049
1752768592752 40.19012451171875 7099
1752768621173 39.880550384521484 7149
1752768632375 39.67347717285156 7199
1752768643578 38.565311431884766 7249
1752768654782 38.46437072753906 7299
1752768665963 38.06740188598633 7349
1752768695088 37.447914123535156 7399
1752768706268 36.980690002441406 7449
1752768717462 36.09855651855469 7499
1752768728659 36.13941955566406 7549
1752768739864 35.57420349121094 7599
1752768751075 35.36863708496094 7649
1752768779240 34.810447692871094 7699
1752768790436 34.2661247253418 7749
1752768801629 34.49098205566406 7799
1752768812822 33.706363677978516 7849
1752768824034 33.43728256225586 7899
1752768853119 33.00843048095703 7949
1752768864308 32.651893615722656 7999
1752768875517 32.257869720458984 8049
1752768886698 31.93096923828125 8099
1752768897893 31.520376205444336 8149
1752768909076 31.502445220947266 8199
1752768938229 30.96268653869629 8249
1752768949433 31.22381019592285 8299
1752768960638 30.03438949584961 8349
1752768971834 30.113922119140625 8399
1752768983021 29.84721565246582 8449
1752769011423 29.36408042907715 8499
1752769022611 29.088272094726562 8549
1752769033769 29.08036231994629 8599
1752769044959 28.899486541748047 8649
1752769056164 28.848411560058594 8699
1752769067360 28.7774715423584 8749
1752769095670 28.09827423095703 8799
1752769106872 28.030065536499023 8849
1752769118068 27.808753967285156 8899
1752769129277 27.88508415222168 8949
1752769140478 27.177959442138672 8999
1752769169580 27.961936950683594 9049
1752769180767 27.32452964782715 9099
1752769191959 27.304967880249023 9149
1752769203149 27.436595916748047 9199
1752769214338 27.028162002563477 9249
1752769225536 26.60470199584961 9299
1752769253797 26.931123733520508 9349
1752769265128 26.469514846801758 9399
1752769276335 26.502338409423828 9449
1752769287536 26.21228790283203 9499
1752769298741 25.989376068115234 9549
1752769327685 25.959259033203125 9599
1752769338878 26.1376953125 9649
1752769350068 25.74065399169922 9699
1752769361278 25.809783935546875 9749
1752769372474 25.8272647857666 9799
1752769383676 25.57798957824707 9849
1752769411968 25.413982391357422 9899
1752769423192 25.51443862915039 9949
1752769434395 25.37411117553711 9999
1752769445609 25.489665985107422 10049
1752769456815 25.00844955444336 10099
1752769485034 25.152746200561523 10149
1752769496198 24.99868392944336 10199
1752769507392 24.993289947509766 10249
1752769518592 24.89932632446289 10299
1752769529807 25.05986213684082 10349
1752769541018 24.972326278686523 10399
1752769569451 24.86542320251465 10449
1752769580651 24.70522689819336 10499
1752769591878 24.36306381225586 10549
1752769603081 24.488069534301758 10599
1752769614281 24.61551284790039 10649
1752769642672 24.691923141479492 10699
1752769653873 24.270353317260742 10749
1752769665068 24.47895050048828 10799
1752769676259 24.059484481811523 10849
1752769687450 24.585010528564453 10899
1752769698635 24.4107723236084 10949
1752769727704 24.255435943603516 10999
1752769738908 24.143264770507812 11049
1752769750107 24.17381477355957 11099
1752769761312 24.222087860107422 11149
1752769772517 24.663970947265625 11199
1752769800775 24.06778335571289 11249
1752769811974 23.905921936035156 11299
1752769823185 23.878110885620117 11349
1752769834392 23.642662048339844 11399
1752769845581 23.693885803222656 11449
1752769856779 24.06851577758789 11499
1752769884894 23.699146270751953 11549
1752769896102 23.577136993408203 11599
1752769907307 23.627193450927734 11649
1752769918492 23.645700454711914 11699
1752769929717 23.656272888183594 11749
1752769959135 23.595855712890625 11799
1752769970338 23.554248809814453 11849
1752769981537 23.23776626586914 11899
1752769992721 23.748424530029297 11949
1752770003924 23.168001174926758 11999
1752770015125 23.700206756591797 12049
1752770044275 23.243234634399414 12099
1752770055498 23.417728424072266 12149
1752770066717 23.242786407470703 12199
1752770077926 23.252830505371094 12249
1752770089126 23.19269561767578 12299
1752770117389 23.245271682739258 12349
1752770128589 23.320453643798828 12399
1752770139786 23.1383056640625 12449
1752770150998 23.12129020690918 12499
1752770162188 23.1169490814209 12549
1752770173336 22.857093811035156 12599
1752770201773 23.094539642333984 12649
1752770212975 22.75183868408203 12699
1752770224164 22.81385612487793 12749
1752770235348 23.25046157836914 12799
1752770246552 22.949785232543945 12849
1752770274917 23.009065628051758 12899
1752770286077 22.748279571533203 12949
1752770297239 22.676372528076172 12999
1752770308447 22.486108779907227 13049
1752770319656 22.823707580566406 13099
1752770330827 22.755605697631836 13149
1752770359106 22.845762252807617 13199
1752770370328 22.503753662109375 13249
1752770381535 22.900836944580078 13299
1752770392729 22.62206268310547 13349
1752770403936 22.669876098632812 13399
1752770433182 22.493349075317383 13449
1752770444570 22.74693489074707 13499
1752770455781 22.57818603515625 13549
1752770466989 22.58570098876953 13599
1752770478185 22.333303451538086 13649
1752770489334 22.3277530670166 13699
1752770517759 22.481201171875 13749
1752770528968 22.47666358947754 13799
1752770540170 22.56926918029785 13849
1752770551383 22.304428100585938 13899
1752770562590 22.501625061035156 13949
1752770590896 22.44043731689453 13999
1752770602089 22.281545639038086 14049
1752770613282 22.346099853515625 14099
1752770624496 22.21706771850586 14149
1752770635690 22.348209381103516 14199
1752770663984 22.30890655517578 14249
1752770675185 22.565011978149414 14299
1752770686397 22.207977294921875 14349
1752770697597 22.192005157470703 14399
1752770708779 21.95646095275879 14449
1752770719972 22.119802474975586 14499
1752770749110 22.09848403930664 14549
1752770760313 21.959394454956055 14599
1752770771514 22.00290298461914 14649
1752770782703 22.21599578857422 14699
1752770793906 22.204050064086914 14749
1752770823056 22.04799461364746 14799
1752770834250 22.15398406982422 14849
1752770845453 22.093942642211914 14899
1752770856664 22.1658992767334 14949
1752770867875 22.12619972229004 14999
1752770879090 22.006591796875 15049
1752770907987 21.974775314331055 15099
1752770919201 22.08295249938965 15149
1752770930411 22.089580535888672 15199
1752770941619 21.66437530517578 15249
1752770952806 22.12913703918457 15299
1752770982048 21.904430389404297 15349
1752770993254 22.108497619628906 15399
1752771004411 21.797706604003906 15449
1752771015592 22.160987854003906 15499
1752771026793 22.083383560180664 15549
1752771037994 22.04216194152832 15599
1752771066217 21.680665969848633 15649
1752771077403 21.745935440063477 15699
1752771088609 21.767704010009766 15749
1752771099804 21.912153244018555 15799
1752771111003 21.828203201293945 15849
1752771139293 21.719053268432617 15899
1752771150488 21.750463485717773 15949
1752771161696 21.78524398803711 15999
1752771172920 21.922714233398438 16049
1752771184127 22.06316375732422 16099
1752771195339 21.587356567382812 16149
1752771223730 21.837669372558594 16199
1752771234913 21.596834182739258 16249
1752771246112 21.5147705078125 16299
1752771257296 21.80867576599121 16349
1752771268507 21.553861618041992 16399
1752771296880 21.862350463867188 16449
1752771308096 21.566661834716797 16499
1752771319296 21.74322509765625 16549
1752771330488 21.665447235107422 16599
1752771341691 21.869491577148438 16649
1752771352891 21.70989990234375 16699
1752771381336 21.730331420898438 16749
1752771392540 21.741344451904297 16799
1752771403737 21.6641845703125 16849
1752771414950 21.38665008544922 16899
1752771426151 22.014455795288086 16949
1752771454288 21.507307052612305 16999
1752771465471 21.470373153686523 17049
1752771476675 21.758033752441406 17099
1752771487885 21.35723114013672 17149
1752771499081 21.74437713623047 17199
1752771510296 21.17026138305664 17249
1752771538608 21.740293502807617 17299
1752771549823 21.32965087890625 17349
1752771561026 21.73569107055664 17399
1752771572372 21.553890228271484 17449
1752771583608 21.389366149902344 17499
1752771611814 21.88558006286621 17549
1752771623018 21.299579620361328 17599
1752771634220 21.494422912597656 17649
1752771645439 21.354938507080078 17699
1752771656640 21.317577362060547 17749
1752771667846 21.547067642211914 17799
1752771697124 21.621265411376953 17849
1752771708329 21.53422737121582 17899
1752771719534 21.396331787109375 17949
1752771730746 21.59794044494629 17999
1752771741950 21.200368881225586 18049
1752771771179 21.27511978149414 18099
1752771782367 21.453649520874023 18149
1752771793567 21.34438705444336 18199
1752771804772 21.421035766601562 18249
1752771815982 21.339994430541992 18299
1752771827195 21.6451358795166 18349
1752771855560 21.333498001098633 18399
1752771866729 21.316579818725586 18449
1752771877905 21.04017448425293 18499
1752771889103 21.57474708557129 18549
1752771900297 21.343355178833008 18599
1752771928562 21.186817169189453 18649
1752771939733 21.530424118041992 18699
1752771950896 21.142547607421875 18749
1752771962096 21.24491310119629 18799
1752771973294 21.573192596435547 18849
1752771984486 21.30501937866211 18899
1752772013663 21.382986068725586 18949
1752772024857 21.329872131347656 18999
1752772036061 21.39432716369629 19049
1752772047272 21.137619018554688 19099
1752772058486 21.399751663208008 19149
1752772086735 21.28566551208496 19199
1752772097928 21.269332885742188 19249
1752772109148 21.288658142089844 19299
1752772120352 21.337059020996094 19349
1752772131531 21.022314071655273 19399
1752772142695 21.203031539916992 19449
1752772170899 21.329668045043945 19499
1752772182098 21.380664825439453 19549
1752772193294 21.500003814697266 19599
1752772204498 21.415311813354492 19649
1752772215699 21.282005310058594 19699
1752772244944 21.144180297851562 19749
1752772256144 20.989538192749023 19799
1752772267342 21.230194091796875 19849
1752772278537 21.142295837402344 19899
1752772289710 21.31907844543457 19949
1752772300885 21.085405349731445 19999
1752772329342 21.061307907104492 20049
1752772340535 21.202651977539062 20099
1752772351725 21.07604217529297 20149
1752772362927 21.26738166809082 20199
1752772374130 20.94532012939453 20249
1752772402475 21.136798858642578 20299
1752772413672 21.234601974487305 20349
1752772424878 21.188228607177734 20399
1752772436088 21.10967254638672 20449
1752772447288 21.205533981323242 20499
1752772458469 20.85661506652832 20549
1752772486960 21.19327163696289 20599
1752772498126 21.104434967041016 20649
1752772509292 20.949935913085938 20699
1752772520450 20.9993839263916 20749
1752772531617 21.077558517456055 20799
1752772560781 21.185014724731445 20849
1752772571982 20.974885940551758 20899
1752772583164 21.234909057617188 20949
1752772594364 21.054887771606445 20999
1752772605560 21.18169593811035 21049
1752772633822 20.62938690185547 21099
1752772645037 21.075063705444336 21149
1752772656250 20.911771774291992 21199
1752772667478 21.168560028076172 21249
1752772678702 21.107389450073242 21299
1752772689923 21.02235221862793 21349
1752772718455 21.282894134521484 21399
1752772729678 20.95241928100586 21449
1752772740880 21.056713104248047 21499
1752772752086 20.735048294067383 21549
1752772763299 21.089384078979492 21599
1752772791542 21.331050872802734 21649
1752772802747 21.052452087402344 21699
1752772813954 21.008777618408203 21749
1752772825155 21.168378829956055 21799
1752772836359 20.908252716064453 21849
1752772847576 21.145706176757812 21899
1752772875875 20.935457229614258 21949
1752772887071 21.097333908081055 21999
1752772898255 20.907419204711914 22049
1752772909450 21.03784942626953 22099
1752772920655 20.957429885864258 22149
1752772949096 20.997392654418945 22199
1752772960285 20.89193344116211 22249
1752772971483 21.011795043945312 22299
1752772982695 20.63524627685547 22349
1752772993890 21.10781478881836 22399
1752773005071 21.05628204345703 22449
1752773033206 20.874422073364258 22499
1752773044398 20.83497428894043 22549
1752773055592 21.011205673217773 22599
1752773066806 20.756023406982422 22649
1752773078013 21.09355354309082 22699
1752773106448 20.87420654296875 22749
1752773117647 20.830690383911133 22799
1752773128849 21.062965393066406 22849
1752773140048 20.709312438964844 22899
1752773151243 20.970521926879883 22949
1752773162441 20.863069534301758 22999
1752773191360 20.86330795288086 23049
1752773202553 20.8511905670166 23099
1752773213736 20.884294509887695 23149
1752773224909 20.940109252929688 23199
1752773236112 20.599607467651367 23249
1752773264479 21.02923011779785 23299
1752773275660 20.68583106994629 23349
1752773286845 20.97332191467285 23399
1752773298044 21.046428680419922 23449
1752773309237 20.973377227783203 23499
1752773320421 20.841514587402344 23549
1752773348770 20.700132369995117 23599
1752773359962 20.7672061920166 23649
1752773371156 20.570371627807617 23699
1752773382364 20.900287628173828 23749
1752773393607 20.97949981689453 23799
1752773422797 20.84861946105957 23849
1752773433985 21.021203994750977 23899
1752773445192 20.9332275390625 23949
1752773456414 20.7978572845459 23999
1752773467621 21.027524948120117 24049
1752773478834 20.999818801879883 24099
1752773507195 20.67206382751465 24149
1752773518405 20.72321319580078 24199
1752773529620 20.733856201171875 24249
1752773540831 20.747709274291992 24299
1752773552027 20.469058990478516 24349
1752773580394 20.79586410522461 24399
1752773591592 20.724586486816406 24449
1752773602802 20.536624908447266 24499
1752773614006 20.921770095825195 24549
1752773625214 20.467538833618164 24599
1752773636406 20.65958023071289 24649
1752773665635 20.83885955810547 24699
1752773676839 20.799381256103516 24749
1752773688037 20.783098220825195 24799
1752773699235 20.780290603637695 24849
1752773710424 20.925153732299805 24899
1752773738822 20.63083267211914 24949
1752773750043 20.563373565673828 24999
1752773761246 20.84230613708496 25049
1752773772454 20.841886520385742 25099
1752773783656 20.80298614501953 25149
1752773794855 20.714672088623047 25199
1752773823090 20.78099250793457 25249
1752773834286 20.9843807220459 25299
1752773845501 20.42906379699707 25349
1752773856704 20.967544555664062 25399
1752773867900 20.429643630981445 25449
1752773896297 20.825233459472656 25499
1752773907496 20.783933639526367 25549
1752773918701 20.852272033691406 25599
1752773929903 20.522321701049805 25649
1752773941103 20.528100967407227 25699
1752773952307 20.777103424072266 25749
1752773980674 20.80497932434082 25799
1752773991984 20.85825538635254 25849
1752774003195 20.505250930786133 25899
1752774014405 20.73895263671875 25949
1752774025612 20.760540008544922 25999
1752774054663 20.681612014770508 26049
1752774065852 20.6954288482666 26099
1752774077071 20.614734649658203 26149
1752774088283 20.798112869262695 26199
1752774099467 20.693815231323242 26249
1752774110638 20.694690704345703 26299
1752774139034 20.819026947021484 26349
1752774150221 20.47524070739746 26399
1752774161423 20.683542251586914 26449
1752774172626 20.544450759887695 26499
1752774183834 20.57485580444336 26549
1752774212769 20.46380615234375 26599
1752774223976 20.886917114257812 26649
1752774235199 20.596214294433594 26699
1752774246403 20.814287185668945 26749
1752774257608 20.85001564025879 26799
1752774268773 20.694095611572266 26849
1752774296956 20.59823226928711 26899
1752774308175 20.53965950012207 26949
1752774319376 20.44050407409668 26999
1752774330568 20.6225643157959 27049
1752774341779 20.596864700317383 27099
1752774370166 20.41098976135254 27149
1752774381362 20.528316497802734 27199
1752774392563 20.590993881225586 27249
1752774403784 20.547773361206055 27299
1752774415001 20.79513931274414 27349
1752774426173 20.35143280029297 27399
