1752766573345 2.09234619140625 49
1752766584389 4.2324090003967285 99
1752766595494 2.4571635723114014 149
1752766606600 1.7676626443862915 199
1752766617747 7.8241729736328125 249
1752766646771 7.372711181640625 299
1752766657910 5.350334644317627 349
1752766669058 5.802951812744141 399
1752766680221 6.422472953796387 449
1752766691398 3.5073025226593018 499
1752766720405 3.588966131210327 549
1752766731573 8.890287399291992 599
1752766742742 4.51746940612793 649
1752766753902 3.9088985919952393 699
1752766765086 5.610907077789307 749
1752766776269 7.3018975257873535 799
1752766805437 7.739553928375244 849
1752766816570 5.61973762512207 899
1752766827711 4.377198219299316 949
1752766838865 4.754080772399902 999
1752766850056 2.199810743331909 1049
1752766879130 8.17614459991455 1099
1752766890312 2.0542168617248535 1149
1752766901504 5.377445697784424 1199
1752766912686 6.111382007598877 1249
1752766923878 4.891778469085693 1299
1752766935055 5.192358016967773 1349
1752766964386 3.066938877105713 1399
1752766975567 4.349017143249512 1449
1752766986747 6.636224746704102 1499
1752766997930 6.312716484069824 1549
1752767009121 10.44279670715332 1599
1752767038228 2.9960861206054688 1649
1752767049390 5.538783550262451 1699
1752767060570 10.094600677490234 1749
1752767071761 2.742856025695801 1799
1752767082955 8.07310676574707 1849
1752767094151 8.300141334533691 1899
1752767122501 3.6636247634887695 1949
1752767133709 8.32574462890625 1999
1752767144907 10.766589164733887 2049
1752767156119 3.4678893089294434 2099
1752767167318 10.176843643188477 2149
1752767196557 1.822739601135254 2199
1752767207747 7.392579078674316 2249
1752767218905 4.788730144500732 2299
1752767230128 6.385648250579834 2349
1752767241343 4.042618751525879 2399
1752767252540 6.594848155975342 2449
1752767281755 4.856696605682373 2499
1752767292959 3.6668293476104736 2549
1752767304156 4.122883319854736 2599
1752767315347 4.43524169921875 2649
1752767326557 6.580219745635986 2699
1752767355530 2.2240586280822754 2749
1752767366706 4.141132831573486 2799
1752767377911 3.3395655155181885 2849
1752767389104 4.710312366485596 2899
1752767400306 5.112970352172852 2949
1752767411520 8.550994873046875 2999
1752767440702 5.888792991638184 3049
1752767451915 3.235940456390381 3099
1752767463115 4.203299045562744 3149
1752767474326 7.356688499450684 3199
1752767485541 7.169657230377197 3249
1752767513829 5.464163303375244 3299
1752767525003 3.412508964538574 3349
1752767536206 4.022055149078369 3399
1752767547408 7.822795867919922 3449
1752767558609 4.373505592346191 3499
1752767569817 5.041154861450195 3549
1752767599026 5.467223644256592 3599
1752767610215 5.288064479827881 3649
1752767621410 7.1423492431640625 3699
1752767632602 1.6984878778457642 3749
1752767643823 6.14498233795166 3799
1752767673002 1.7319165468215942 3849
1752767684162 9.638328552246094 3899
1752767695359 8.274718284606934 3949
1752767706569 3.629868745803833 3999
1752767717783 4.692752838134766 4049
1752767728989 7.433514595031738 4099
1752767757352 3.4720265865325928 4149
1752767768529 5.529272556304932 4199
1752767779710 4.930203914642334 4249
1752767790907 5.628004550933838 4299
1752767802110 4.902732849121094 4349
1752767831245 3.1923410892486572 4399
1752767842438 6.308848857879639 4449
1752767853618 4.72971248626709 4499
1752767864809 2.453674793243408 4549
1752767876015 8.246031761169434 4599
1752767887205 3.7036232948303223 4649
1752767915595 3.781254768371582 4699
1752767926791 6.645898818969727 4749
1752767937976 2.8768630027770996 4799
1752767949170 1.9712177515029907 4849
1752767960379 4.519878387451172 4899
1752767989509 5.916093349456787 4949
1752768000707 4.871063709259033 4999
1752768011908 9.669050216674805 5049
1752768023121 5.220127582550049 5099
1752768034323 6.450422763824463 5149
1752768045515 5.834610462188721 5199
1752768074341 5.496002197265625 5249
1752768085518 1.5876559019088745 5299
1752768096699 7.177022457122803 5349
1752768107886 7.929498672485352 5399
1752768119100 5.45279598236084 5449
1752768147349 3.924884557723999 5499
1752768158585 4.966560363769531 5549
1752768169794 5.860301494598389 5599
1752768180998 3.9125258922576904 5649
1752768192205 6.326015472412109 5699
1752768203394 5.812870025634766 5749
1752768231495 1.9479435682296753 5799
1752768242666 5.242562294006348 5849
1752768253858 4.8832011222839355 5899
1752768265045 3.3587021827697754 5949
1752768276231 7.033267974853516 5999
1752768305358 4.509366989135742 6049
1752768316555 5.418962001800537 6099
1752768327751 6.237378120422363 6149
1752768338919 5.4900994300842285 6199
1752768350117 5.756496906280518 6249
1752768361297 6.222758769989014 6299
1752768389732 4.99611759185791 6349
1752768400941 6.040547847747803 6399
1752768412147 5.716399192810059 6449
1752768423331 2.6671602725982666 6499
1752768434545 7.263407230377197 6549
1752768462681 6.145070552825928 6599
1752768473894 2.695647954940796 6649
1752768485079 3.31182599067688 6699
1752768496277 3.960357904434204 6749
1752768507470 6.707820892333984 6799
1752768518643 6.997071743011475 6849
1752768547889 3.537545680999756 6899
1752768559104 2.7271716594696045 6949
1752768570316 4.044606685638428 6999
1752768581532 3.798457622528076 7049
1752768592752 5.943162441253662 7099
1752768621173 2.651484966278076 7149
1752768632375 3.5101630687713623 7199
1752768643578 3.064302921295166 7249
1752768654782 5.831878185272217 7299
1752768665963 6.960352420806885 7349
1752768695088 2.1828722953796387 7399
1752768706268 1.9656825065612793 7449
1752768717462 9.316970825195312 7499
1752768728659 2.7547295093536377 7549
1752768739864 3.1244349479675293 7599
1752768751075 4.148311138153076 7649
1752768779240 2.416079521179199 7699
1752768790436 7.001708984375 7749
1752768801629 2.9309020042419434 7799
1752768812822 5.142799377441406 7849
1752768824034 1.9883488416671753 7899
1752768853119 5.107570171356201 7949
1752768864308 7.073346138000488 7999
1752768875517 3.0228421688079834 8049
1752768886698 3.5883090496063232 8099
1752768897893 4.512585163116455 8149
1752768909076 3.9517645835876465 8199
1752768938229 7.533748149871826 8249
1752768949433 2.9522488117218018 8299
1752768960638 2.5129716396331787 8349
1752768971834 5.330440044403076 8399
1752768983021 3.753814935684204 8449
1752769011423 3.832273483276367 8499
1752769022611 2.8178446292877197 8549
1752769033769 4.086286544799805 8599
1752769044959 4.334096908569336 8649
1752769056164 5.668374061584473 8699
1752769067360 4.755268573760986 8749
1752769095670 5.502073287963867 8799
1752769106872 3.0861523151397705 8849
1752769118068 2.8176450729370117 8899
1752769129277 1.662266731262207 8949
1752769140478 2.8900225162506104 8999
1752769169580 8.574016571044922 9049
1752769180767 7.555080890655518 9099
1752769191959 2.711900472640991 9149
1752769203149 4.4958624839782715 9199
1752769214338 5.272574424743652 9249
1752769225536 6.734475135803223 9299
1752769253797 3.223020553588867 9349
1752769265128 5.033206462860107 9399
1752769276335 4.542768955230713 9449
1752769287536 2.284716844558716 9499
1752769298741 4.8974103927612305 9549
1752769327685 7.067895889282227 9599
1752769338878 5.3920722007751465 9649
1752769350068 2.9578986167907715 9699
1752769361278 3.5458598136901855 9749
1752769372474 2.8948700428009033 9799
1752769383676 3.8638150691986084 9849
1752769411968 3.217618703842163 9899
1752769423192 2.4324581623077393 9949
1752769434395 5.045267581939697 9999
1752769445609 2.2082037925720215 10049
1752769456815 2.6030073165893555 10099
1752769485034 3.361905336380005 10149
1752769496198 5.859074115753174 10199
1752769507392 1.7995246648788452 10249
1752769518592 4.180169582366943 10299
1752769529807 6.285841941833496 10349
1752769541018 1.7277791500091553 10399
1752769569451 2.495793581008911 10449
1752769580651 1.8193953037261963 10499
1752769591878 2.341590166091919 10549
1752769603081 2.397449016571045 10599
1752769614281 2.312971591949463 10649
1752769642672 4.592352390289307 10699
1752769653873 1.4944185018539429 10749
1752769665068 1.9740763902664185 10799
1752769676259 4.258382320404053 10849
1752769687450 2.7740890979766846 10899
1752769698635 1.603764533996582 10949
1752769727704 4.119958877563477 10999
1752769738908 1.9465938806533813 11049
1752769750107 2.538102388381958 11099
1752769761312 4.600582122802734 11149
1752769772517 3.0628225803375244 11199
1752769800775 1.2517261505126953 11249
1752769811974 2.8839316368103027 11299
1752769823185 1.5104013681411743 11349
1752769834392 1.4644306898117065 11399
1752769845581 5.684725761413574 11449
1752769856779 2.775296688079834 11499
1752769884894 2.87223744392395 11549
1752769896102 2.6453001499176025 11599
1752769907307 2.0340540409088135 11649
1752769918492 2.2378854751586914 11699
1752769929717 4.097404479980469 11749
1752769959135 0.5752279162406921 11799
1752769970338 3.0514559745788574 11849
1752769981537 4.804687023162842 11899
1752769992721 1.5564848184585571 11949
1752770003924 3.502584218978882 11999
1752770015125 3.3766300678253174 12049
1752770044275 6.108791828155518 12099
1752770055498 5.5149006843566895 12149
1752770066717 2.439643621444702 12199
1752770077926 1.2514418363571167 12249
1752770089126 2.5027549266815186 12299
1752770117389 1.8569655418395996 12349
1752770128589 5.645571708679199 12399
1752770139786 2.9776804447174072 12449
1752770150998 3.4425840377807617 12499
1752770162188 3.0303852558135986 12549
1752770173336 0.8512709736824036 12599
1752770201773 1.3448716402053833 12649
1752770212975 2.6748948097229004 12699
1752770224164 2.7702484130859375 12749
1752770235348 3.0045087337493896 12799
1752770246552 3.2556376457214355 12849
1752770274917 4.213784217834473 12899
1752770286077 1.247422695159912 12949
1752770297239 1.3986023664474487 12999
1752770308447 2.132613182067871 13049
1752770319656 2.964885711669922 13099
1752770330827 3.913773775100708 13149
1752770359106 3.3479816913604736 13199
1752770370328 2.3891825675964355 13249
1752770381535 4.335347652435303 13299
1752770392729 3.93294095993042 13349
1752770403936 2.4646191596984863 13399
1752770433182 2.9219090938568115 13449
1752770444570 2.0750691890716553 13499
1752770455781 4.624171257019043 13549
1752770466989 2.3713719844818115 13599
1752770478185 2.6083977222442627 13649
1752770489334 2.6164135932922363 13699
1752770517759 0.7518851161003113 13749
1752770528968 2.0603435039520264 13799
1752770540170 2.7453322410583496 13849
1752770551383 1.1340311765670776 13899
1752770562590 2.9973649978637695 13949
1752770590896 3.1687660217285156 13999
1752770602089 3.2900502681732178 14049
1752770613282 0.9233248233795166 14099
1752770624496 3.264453172683716 14149
1752770635690 3.0042784214019775 14199
1752770663984 1.7453824281692505 14249
1752770675185 4.910547256469727 14299
1752770686397 0.975253701210022 14349
1752770697597 4.312613010406494 14399
1752770708779 1.9565213918685913 14449
1752770719972 2.329909563064575 14499
1752770749110 0.6912422180175781 14549
1752770760313 2.9498953819274902 14599
1752770771514 1.3013817071914673 14649
1752770782703 3.299961566925049 14699
1752770793906 2.9744410514831543 14749
1752770823056 1.1789320707321167 14799
1752770834250 1.788287878036499 14849
1752770845453 1.0707029104232788 14899
1752770856664 3.467792510986328 14949
1752770867875 1.803513765335083 14999
1752770879090 1.4498095512390137 15049
1752770907987 2.052901029586792 15099
1752770919201 1.0848292112350464 15149
1752770930411 1.1044896841049194 15199
1752770941619 3.2493014335632324 15249
1752770952806 2.2867283821105957 15299
1752770982048 2.3113253116607666 15349
1752770993254 1.6351126432418823 15399
1752771004411 2.4218857288360596 15449
1752771015592 1.9845225811004639 15499
1752771026793 1.7869153022766113 15549
1752771037994 2.750601291656494 15599
1752771066217 2.425241231918335 15649
1752771077403 1.397097110748291 15699
1752771088609 2.4217758178710938 15749
1752771099804 1.4103714227676392 15799
1752771111003 1.6148505210876465 15849
1752771139293 2.4337193965911865 15899
1752771150488 1.1942771673202515 15949
1752771161696 1.7576199769973755 15999
1752771172920 2.1989541053771973 16049
1752771184127 1.3889994621276855 16099
1752771195339 0.6510719060897827 16149
1752771223730 2.489461898803711 16199
1752771234913 2.269127607345581 16249
1752771246112 1.788860559463501 16299
1752771257296 4.804020404815674 16349
1752771268507 4.160597324371338 16399
1752771296880 1.5449491739273071 16449
1752771308096 2.2205142974853516 16499
1752771319296 1.437395453453064 16549
1752771330488 1.093913197517395 16599
1752771341691 1.9994474649429321 16649
1752771352891 1.202143669128418 16699
1752771381336 2.669039487838745 16749
1752771392540 3.9363601207733154 16799
1752771403737 3.355332374572754 16849
1752771414950 1.8339414596557617 16899
1752771426151 1.7439128160476685 16949
1752771454288 1.7151869535446167 16999
1752771465471 4.22279167175293 17049
1752771476675 1.3726449012756348 17099
1752771487885 3.40482759475708 17149
1752771499081 1.314413070678711 17199
1752771510296 2.630103349685669 17249
1752771538608 1.1723833084106445 17299
1752771549823 3.5252013206481934 17349
1752771561026 2.263932466506958 17399
1752771572372 2.4082062244415283 17449
1752771583608 3.047661066055298 17499
1752771611814 0.6224231123924255 17549
1752771623018 3.167729139328003 17599
1752771634220 2.2858493328094482 17649
1752771645439 1.754176378250122 17699
1752771656640 2.000823736190796 17749
1752771667846 1.1745786666870117 17799
1752771697124 2.97607159614563 17849
1752771708329 1.6940871477127075 17899
1752771719534 1.707815408706665 17949
1752771730746 1.3913079500198364 17999
1752771741950 1.327720046043396 18049
1752771771179 3.898104190826416 18099
1752771782367 2.5266098976135254 18149
1752771793567 4.200767993927002 18199
1752771804772 1.9214520454406738 18249
1752771815982 1.4492840766906738 18299
1752771827195 2.947397470474243 18349
1752771855560 3.0057830810546875 18399
1752771866729 1.2060790061950684 18449
1752771877905 1.8117640018463135 18499
1752771889103 2.031805992126465 18549
1752771900297 2.059081554412842 18599
1752771928562 3.33927321434021 18649
1752771939733 2.573472738265991 18699
1752771950896 2.111509084701538 18749
1752771962096 1.8506399393081665 18799
1752771973294 2.4970009326934814 18849
1752771984486 1.9610693454742432 18899
1752772013663 1.016758680343628 18949
1752772024857 1.8799813985824585 18999
1752772036061 0.7596209645271301 19049
1752772047272 1.8145309686660767 19099
1752772058486 2.2107622623443604 19149
1752772086735 2.7003581523895264 19199
1752772097928 1.6832510232925415 19249
1752772109148 1.0880239009857178 19299
1752772120352 1.6942418813705444 19349
1752772131531 0.9401660561561584 19399
1752772142695 2.4342191219329834 19449
1752772170899 0.6722820401191711 19499
1752772182098 1.3749409914016724 19549
1752772193294 1.8691692352294922 19599
1752772204498 1.795224905014038 19649
1752772215699 0.989112138748169 19699
1752772244944 2.171872138977051 19749
1752772256144 2.5530951023101807 19799
1752772267342 2.6801722049713135 19849
1752772278537 3.4077484607696533 19899
1752772289710 1.9332367181777954 19949
1752772300885 3.597184658050537 19999
1752772329342 1.7952585220336914 20049
1752772340535 2.147393226623535 20099
1752772351725 0.9448398947715759 20149
1752772362927 2.4336376190185547 20199
1752772374130 1.0233250856399536 20249
1752772402475 1.8422702550888062 20299
1752772413672 1.6583037376403809 20349
1752772424878 2.1869595050811768 20399
1752772436088 2.1434717178344727 20449
1752772447288 1.7881807088851929 20499
1752772458469 2.390939474105835 20549
1752772486960 2.498534917831421 20599
1752772498126 2.2896475791931152 20649
1752772509292 1.6230463981628418 20699
1752772520450 3.4661388397216797 20749
1752772531617 0.6918476819992065 20799
1752772560781 1.0401325225830078 20849
1752772571982 1.5209376811981201 20899
1752772583164 1.2658134698867798 20949
1752772594364 1.7199103832244873 20999
1752772605560 1.8511806726455688 21049
1752772633822 3.2306835651397705 21099
1752772645037 0.6857946515083313 21149
1752772656250 1.3392918109893799 21199
1752772667478 2.2251880168914795 21249
1752772678702 1.3032307624816895 21299
1752772689923 1.1287261247634888 21349
1752772718455 1.043749213218689 21399
1752772729678 1.1814348697662354 21449
1752772740880 1.3789417743682861 21499
1752772752086 0.960016667842865 21549
1752772763299 0.7861068248748779 21599
1752772791542 2.723813772201538 21649
1752772802747 1.1943552494049072 21699
1752772813954 1.6598175764083862 21749
1752772825155 2.067932605743408 21799
1752772836359 1.5577707290649414 21849
1752772847576 1.4480385780334473 21899
1752772875875 1.4462119340896606 21949
1752772887071 0.5471550822257996 21999
1752772898255 3.0972673892974854 22049
1752772909450 1.0185317993164062 22099
1752772920655 1.357271671295166 22149
1752772949096 1.3683053255081177 22199
1752772960285 1.9504728317260742 22249
1752772971483 0.7028941512107849 22299
1752772982695 1.7285370826721191 22349
1752772993890 0.6596046686172485 22399
1752773005071 1.412652611732483 22449
1752773033206 1.4860711097717285 22499
1752773044398 0.7616786360740662 22549
1752773055592 2.1149747371673584 22599
1752773066806 3.051342487335205 22649
1752773078013 0.925628125667572 22699
1752773106448 1.7326382398605347 22749
1752773117647 0.9985150694847107 22799
1752773128849 0.9886733293533325 22849
1752773140048 2.097996234893799 22899
1752773151243 1.528456449508667 22949
1752773162441 0.5220028162002563 22999
1752773191360 2.8052423000335693 23049
1752773202553 0.8257908821105957 23099
1752773213736 1.455423355102539 23149
1752773224909 1.8710472583770752 23199
1752773236112 2.5778119564056396 23249
1752773264479 0.8519233465194702 23299
1752773275660 2.6222341060638428 23349
1752773286845 1.873486042022705 23399
1752773298044 2.8022329807281494 23449
1752773309237 1.2866955995559692 23499
1752773320421 2.463139772415161 23549
1752773348770 1.805200219154358 23599
1752773359962 2.0306923389434814 23649
1752773371156 1.5382992029190063 23699
1752773382364 1.3250913619995117 23749
1752773393607 1.2393571138381958 23799
1752773422797 2.39565110206604 23849
1752773433985 1.3652219772338867 23899
1752773445192 1.7840216159820557 23949
1752773456414 0.9554693102836609 23999
1752773467621 3.138545274734497 24049
1752773478834 0.9708697199821472 24099
1752773507195 0.9791020154953003 24149
1752773518405 2.9040606021881104 24199
1752773529620 2.2314274311065674 24249
1752773540831 1.4684555530548096 24299
1752773552027 2.801103353500366 24349
1752773580394 2.515946388244629 24399
1752773591592 2.0914764404296875 24449
1752773602802 0.9536817669868469 24499
1752773614006 2.017333745956421 24549
1752773625214 1.3035564422607422 24599
1752773636406 1.3430321216583252 24649
1752773665635 0.80402010679245 24699
1752773676839 1.9046543836593628 24749
1752773688037 0.6582291126251221 24799
1752773699235 2.033228635787964 24849
1752773710424 1.2253872156143188 24899
1752773738822 1.0917037725448608 24949
1752773750043 0.5883557200431824 24999
1752773761246 1.3800060749053955 25049
1752773772454 1.3940012454986572 25099
1752773783656 1.285284161567688 25149
1752773794855 1.1373449563980103 25199
1752773823090 1.977602481842041 25249
1752773834286 1.693860411643982 25299
1752773845501 1.428633451461792 25349
1752773856704 1.8776739835739136 25399
1752773867900 0.9996628761291504 25449
1752773896297 0.7157351970672607 25499
1752773907496 2.824566602706909 25549
1752773918701 0.5437834858894348 25599
1752773929903 0.6731587648391724 25649
1752773941103 0.8385782241821289 25699
1752773952307 3.3921468257904053 25749
1752773980674 3.031423330307007 25799
1752773991984 1.4939820766448975 25849
1752774003195 1.9676285982131958 25899
1752774014405 2.1648168563842773 25949
1752774025612 1.2427855730056763 25999
1752774054663 1.737703561782837 26049
1752774065852 1.7087777853012085 26099
1752774077071 0.9663846492767334 26149
1752774088283 0.6619560718536377 26199
1752774099467 0.7956722974777222 26249
1752774110638 1.3145325183868408 26299
1752774139034 1.3421895503997803 26349
1752774150221 2.1386818885803223 26399
1752774161423 1.8549809455871582 26449
1752774172626 1.4802238941192627 26499
1752774183834 1.7197165489196777 26549
1752774212769 1.0333067178726196 26599
1752774223976 2.533961296081543 26649
1752774235199 0.33563801646232605 26699
1752774246403 0.977981448173523 26749
1752774257608 1.1236594915390015 26799
1752774268773 1.6808979511260986 26849
1752774296956 1.6612461805343628 26899
1752774308175 1.9451820850372314 26949
1752774319376 1.582079291343689 26999
1752774330568 0.6989701390266418 27049
1752774341779 0.8635043501853943 27099
1752774370166 0.8974171280860901 27149
1752774381362 1.7493988275527954 27199
1752774392563 3.2784457206726074 27249
1752774403784 1.0770400762557983 27299
1752774415001 0.9806349277496338 27349
1752774426173 2.5576817989349365 27399
