1752766573345 26.308645248413086 49
1752766584389 26.24077606201172 99
1752766595494 26.040462493896484 149
1752766606600 25.79541778564453 199
1752766617747 25.57769012451172 249
1752766646771 25.36212730407715 299
1752766657910 25.161354064941406 349
1752766669058 24.96247100830078 399
1752766680221 24.662200927734375 449
1752766691398 24.585819244384766 499
1752766720405 24.446474075317383 549
1752766731573 24.262765884399414 599
1752766742742 23.929550170898438 649
1752766753902 23.889476776123047 699
1752766765086 23.728557586669922 749
1752766776269 23.51723861694336 799
1752766805437 23.296056747436523 849
1752766816570 23.204509735107422 899
1752766827711 22.845001220703125 949
1752766838865 22.58184814453125 999
1752766850056 22.760576248168945 1049
1752766879130 22.288036346435547 1099
1752766890312 22.08525848388672 1149
1752766901504 21.963741302490234 1199
1752766912686 21.801002502441406 1249
1752766923878 21.72154426574707 1299
1752766935055 21.46316909790039 1349
1752766964386 21.309404373168945 1399
1752766975567 21.040706634521484 1449
1752766986747 20.900978088378906 1499
1752766997930 20.61629867553711 1549
1752767009121 20.618282318115234 1599
1752767038228 20.251293182373047 1649
1752767049390 20.139469146728516 1699
1752767060570 19.908443450927734 1749
1752767071761 19.667627334594727 1799
1752767082955 19.481075286865234 1849
1752767094151 19.305952072143555 1899
1752767122501 19.23362159729004 1949
1752767133709 18.834842681884766 1999
1752767144907 18.72382354736328 2049
1752767156119 18.582622528076172 2099
1752767167318 18.30109405517578 2149
1752767196557 18.142066955566406 2199
1752767207747 18.011627197265625 2249
1752767218905 17.769466400146484 2299
1752767230128 17.518218994140625 2349
1752767241343 17.46010971069336 2399
1752767252540 17.248035430908203 2449
1752767281755 16.898639678955078 2499
1752767292959 16.64630699157715 2549
1752767304156 16.44562339782715 2599
1752767315347 16.272144317626953 2649
1752767326557 16.067333221435547 2699
1752767355530 15.798115730285645 2749
1752767366706 15.442971229553223 2799
1752767377911 15.331975936889648 2849
1752767389104 14.913772583007812 2899
1752767400306 14.756559371948242 2949
1752767411520 14.543405532836914 2999
1752767440702 14.413333892822266 3049
1752767451915 13.996696472167969 3099
1752767463115 14.02385139465332 3149
1752767474326 13.669145584106445 3199
1752767485541 13.364370346069336 3249
1752767513829 13.19933795928955 3299
1752767525003 12.973733901977539 3349
1752767536206 12.836652755737305 3399
1752767547408 12.684452056884766 3449
1752767558609 12.212656021118164 3499
1752767569817 12.18122673034668 3549
1752767599026 12.11654281616211 3599
1752767610215 11.559216499328613 3649
1752767621410 11.60773754119873 3699
1752767632602 11.086301803588867 3749
1752767643823 11.041898727416992 3799
1752767673002 10.720499038696289 3849
1752767684162 10.653544425964355 3899
1752767695359 10.466405868530273 3949
1752767706569 10.157394409179688 3999
1752767717783 10.021489143371582 4049
1752767728989 9.994186401367188 4099
1752767757352 9.53422737121582 4149
1752767768529 9.449867248535156 4199
1752767779710 9.204374313354492 4249
1752767790907 8.976957321166992 4299
1752767802110 8.819270133972168 4349
1752767831245 8.639607429504395 4399
1752767842438 8.494035720825195 4449
1752767853618 8.24632740020752 4499
1752767864809 8.23398208618164 4549
1752767876015 7.957271099090576 4599
1752767887205 7.790065765380859 4649
1752767915595 7.611534595489502 4699
1752767926791 7.513731002807617 4749
1752767937976 7.353420257568359 4799
1752767949170 7.142958641052246 4849
1752767960379 6.879602432250977 4899
1752767989509 6.940459251403809 4949
1752768000707 6.508027076721191 4999
1752768011908 6.537806034088135 5049
1752768023121 6.386981010437012 5099
1752768034323 6.204999923706055 5149
1752768045515 6.093684196472168 5199
1752768074341 6.160775184631348 5249
1752768085518 5.966488838195801 5299
1752768096699 5.908846855163574 5349
1752768107886 5.62247896194458 5399
1752768119100 5.608929634094238 5449
1752768147349 5.350316047668457 5499
1752768158585 5.398253917694092 5549
1752768169794 5.057880401611328 5599
1752768180998 4.995438098907471 5649
1752768192205 4.958060264587402 5699
1752768203394 4.8171257972717285 5749
1752768231495 4.664804458618164 5799
1752768242666 4.856045722961426 5849
1752768253858 4.4809393882751465 5899
1752768265045 4.360452651977539 5949
1752768276231 4.39524507522583 5999
1752768305358 4.232302665710449 6049
1752768316555 3.9724318981170654 6099
1752768327751 4.101844787597656 6149
1752768338919 3.8457584381103516 6199
1752768350117 3.8407559394836426 6249
1752768361297 3.5908663272857666 6299
1752768389732 3.7154715061187744 6349
1752768400941 3.4735732078552246 6399
1752768412147 3.5610618591308594 6449
1752768423331 3.3144359588623047 6499
1752768434545 3.3245787620544434 6549
1752768462681 3.3413546085357666 6599
1752768473894 3.2253692150115967 6649
1752768485079 3.057521343231201 6699
1752768496277 3.004108428955078 6749
1752768507470 2.834717273712158 6799
1752768518643 2.945101499557495 6849
1752768547889 2.8042311668395996 6899
1752768559104 2.7584171295166016 6949
1752768570316 2.8741705417633057 6999
1752768581532 2.620060920715332 7049
1752768592752 2.6243247985839844 7099
1752768621173 2.571550130844116 7149
1752768632375 2.5479836463928223 7199
1752768643578 2.3597207069396973 7249
1752768654782 2.3909695148468018 7299
1752768665963 2.3631820678710938 7349
1752768695088 2.468327045440674 7399
1752768706268 2.140472888946533 7449
1752768717462 2.2749743461608887 7499
1752768728659 2.041950225830078 7549
1752768739864 2.169114828109741 7599
1752768751075 2.0510692596435547 7649
1752768779240 1.9397491216659546 7699
1752768790436 2.0099735260009766 7749
1752768801629 1.9427869319915771 7799
1752768812822 1.938209056854248 7849
1752768824034 1.8173389434814453 7899
1752768853119 1.897086262702942 7949
1752768864308 1.778884768486023 7999
1752768875517 1.8237158060073853 8049
1752768886698 1.7271828651428223 8099
1752768897893 1.815622329711914 8149
1752768909076 1.5394657850265503 8199
1752768938229 1.7213294506072998 8249
1752768949433 1.5525343418121338 8299
1752768960638 1.6118512153625488 8349
1752768971834 1.5595935583114624 8399
1752768983021 1.4998772144317627 8449
1752769011423 1.524613380432129 8499
1752769022611 1.6080485582351685 8549
1752769033769 1.459416389465332 8599
1752769044959 1.5768030881881714 8649
1752769056164 1.5551142692565918 8699
1752769067360 1.499441146850586 8749
1752769095670 1.4834843873977661 8799
1752769106872 1.3534965515136719 8849
1752769118068 1.418850302696228 8899
1752769129277 1.4032737016677856 8949
1752769140478 1.4849936962127686 8999
1752769169580 1.4577802419662476 9049
1752769180767 1.532466173171997 9099
1752769191959 1.3608711957931519 9149
1752769203149 1.4234092235565186 9199
1752769214338 1.320692539215088 9249
1752769225536 1.5132209062576294 9299
1752769253797 1.207923173904419 9349
1752769265128 1.385064721107483 9399
1752769276335 1.31959867477417 9449
1752769287536 1.3604438304901123 9499
1752769298741 1.315183162689209 9549
1752769327685 1.3099298477172852 9599
1752769338878 1.2335565090179443 9649
1752769350068 1.3384346961975098 9699
1752769361278 1.22226881980896 9749
1752769372474 1.2012804746627808 9799
1752769383676 1.3206592798233032 9849
1752769411968 1.3648713827133179 9899
1752769423192 1.3444058895111084 9949
1752769434395 1.3672082424163818 9999
1752769445609 1.2938164472579956 10049
1752769456815 1.3124520778656006 10099
1752769485034 1.1088142395019531 10149
1752769496198 1.3450241088867188 10199
1752769507392 1.1884814500808716 10249
1752769518592 1.3252406120300293 10299
1752769529807 1.2562494277954102 10349
1752769541018 1.3298985958099365 10399
1752769569451 1.1801409721374512 10449
1752769580651 1.2382009029388428 10499
1752769591878 1.284150242805481 10549
1752769603081 1.2997019290924072 10599
1752769614281 1.2422802448272705 10649
1752769642672 1.1654192209243774 10699
1752769653873 1.241194725036621 10749
1752769665068 1.0873867273330688 10799
1752769676259 1.2516628503799438 10849
1752769687450 1.1420667171478271 10899
1752769698635 1.2206052541732788 10949
1752769727704 1.2933012247085571 10999
1752769738908 1.2514749765396118 11049
1752769750107 1.264395833015442 11099
1752769761312 1.2192710638046265 11149
1752769772517 1.2472211122512817 11199
1752769800775 1.3137588500976562 11249
1752769811974 1.2557587623596191 11299
1752769823185 1.3046445846557617 11349
1752769834392 1.294979453086853 11399
1752769845581 1.3577044010162354 11449
1752769856779 1.1759681701660156 11499
1752769884894 1.1974406242370605 11549
1752769896102 1.1595773696899414 11599
1752769907307 1.2123401165008545 11649
1752769918492 1.217968463897705 11699
1752769929717 1.1224408149719238 11749
1752769959135 1.1395118236541748 11799
1752769970338 1.252678632736206 11849
1752769981537 1.2953027486801147 11899
1752769992721 1.2007315158843994 11949
1752770003924 1.3023788928985596 11999
1752770015125 1.2064318656921387 12049
1752770044275 1.1872690916061401 12099
1752770055498 1.3108189105987549 12149
1752770066717 1.145902156829834 12199
1752770077926 1.2987427711486816 12249
1752770089126 1.2154152393341064 12299
1752770117389 1.2231383323669434 12349
1752770128589 1.1915442943572998 12399
1752770139786 1.269777774810791 12449
1752770150998 1.2827874422073364 12499
1752770162188 1.1877827644348145 12549
1752770173336 1.2491546869277954 12599
1752770201773 1.2339541912078857 12649
1752770212975 1.3288089036941528 12699
1752770224164 1.317507266998291 12749
1752770235348 1.2035390138626099 12799
1752770246552 1.2539722919464111 12849
1752770274917 1.28352689743042 12899
1752770286077 1.3440008163452148 12949
1752770297239 1.3699449300765991 12999
1752770308447 1.3231538534164429 13049
1752770319656 1.279498815536499 13099
1752770330827 1.2488596439361572 13149
1752770359106 1.3266923427581787 13199
1752770370328 1.3627268075942993 13249
1752770381535 1.2331827878952026 13299
1752770392729 1.199259877204895 13349
1752770403936 1.3958566188812256 13399
1752770433182 1.4516819715499878 13449
1752770444570 1.2749360799789429 13499
1752770455781 1.2199158668518066 13549
1752770466989 1.2867286205291748 13599
1752770478185 1.4206595420837402 13649
1752770489334 1.3073463439941406 13699
1752770517759 1.2781119346618652 13749
1752770528968 1.1898128986358643 13799
1752770540170 1.2894551753997803 13849
1752770551383 1.2337217330932617 13899
1752770562590 1.3812229633331299 13949
1752770590896 1.1939384937286377 13999
1752770602089 1.3917902708053589 14049
1752770613282 1.328707218170166 14099
1752770624496 1.5137825012207031 14149
1752770635690 1.3595004081726074 14199
1752770663984 1.1677573919296265 14249
1752770675185 1.1082446575164795 14299
1752770686397 1.1981732845306396 14349
1752770697597 1.363182544708252 14399
1752770708779 1.3149609565734863 14449
1752770719972 1.259964942932129 14499
1752770749110 1.3196152448654175 14549
1752770760313 1.2827305793762207 14599
1752770771514 1.307525873184204 14649
1752770782703 1.4198017120361328 14699
1752770793906 1.2237704992294312 14749
1752770823056 1.4469146728515625 14799
1752770834250 1.2997994422912598 14849
1752770845453 1.2571603059768677 14899
1752770856664 1.1829018592834473 14949
1752770867875 1.2799358367919922 14999
1752770879090 1.288636565208435 15049
1752770907987 1.3310588598251343 15099
1752770919201 1.338036298751831 15149
1752770930411 1.3868701457977295 15199
1752770941619 1.3867257833480835 15249
1752770952806 1.2780067920684814 15299
1752770982048 1.2371249198913574 15349
1752770993254 1.3313148021697998 15399
1752771004411 1.4485089778900146 15449
1752771015592 1.2176204919815063 15499
1752771026793 1.3189042806625366 15549
1752771037994 1.4271695613861084 15599
1752771066217 1.563363790512085 15649
1752771077403 1.3428325653076172 15699
1752771088609 1.2446211576461792 15749
1752771099804 1.2880878448486328 15799
1752771111003 1.2617706060409546 15849
1752771139293 1.404566764831543 15899
1752771150488 1.2129616737365723 15949
1752771161696 1.3904283046722412 15999
1752771172920 1.2704957723617554 16049
1752771184127 1.2291064262390137 16099
1752771195339 1.4003126621246338 16149
1752771223730 1.3457989692687988 16199
1752771234913 1.4881620407104492 16249
1752771246112 1.4112722873687744 16299
1752771257296 1.3773949146270752 16349
1752771268507 1.416013479232788 16399
1752771296880 1.3475496768951416 16449
1752771308096 1.3663208484649658 16499
1752771319296 1.3979990482330322 16549
1752771330488 1.352958083152771 16599
1752771341691 1.3704183101654053 16649
1752771352891 1.4815254211425781 16699
1752771381336 1.5060172080993652 16749
1752771392540 1.4623808860778809 16799
1752771403737 1.42000412940979 16849
1752771414950 1.3847379684448242 16899
1752771426151 1.2969967126846313 16949
1752771454288 1.38446044921875 16999
1752771465471 1.435383677482605 17049
1752771476675 1.4016550779342651 17099
1752771487885 1.4918783903121948 17149
1752771499081 1.2436363697052002 17199
1752771510296 1.3635281324386597 17249
1752771538608 1.3481223583221436 17299
1752771549823 1.3486268520355225 17349
1752771561026 1.408050537109375 17399
1752771572372 1.3972278833389282 17449
1752771583608 1.468763828277588 17499
1752771611814 1.2941946983337402 17549
1752771623018 1.4552726745605469 17599
1752771634220 1.3709955215454102 17649
1752771645439 1.3763701915740967 17699
1752771656640 1.343564748764038 17749
1752771667846 1.4506831169128418 17799
1752771697124 1.4496301412582397 17849
1752771708329 1.3978209495544434 17899
1752771719534 1.3185935020446777 17949
1752771730746 1.1537930965423584 17999
1752771741950 1.4414790868759155 18049
1752771771179 1.444562315940857 18099
1752771782367 1.437201738357544 18149
1752771793567 1.444748878479004 18199
1752771804772 1.413620948791504 18249
1752771815982 1.3526934385299683 18299
1752771827195 1.407149076461792 18349
1752771855560 1.3805692195892334 18399
1752771866729 1.391485333442688 18449
1752771877905 1.5282847881317139 18499
1752771889103 1.3283761739730835 18549
1752771900297 1.371776819229126 18599
1752771928562 1.4046216011047363 18649
1752771939733 1.496391773223877 18699
1752771950896 1.5170340538024902 18749
1752771962096 1.3988192081451416 18799
1752771973294 1.3372633457183838 18849
1752771984486 1.3669707775115967 18899
1752772013663 1.4246783256530762 18949
1752772024857 1.3696041107177734 18999
1752772036061 1.364081859588623 19049
1752772047272 1.491492509841919 19099
1752772058486 1.3679066896438599 19149
1752772086735 1.3434152603149414 19199
1752772097928 1.4628050327301025 19249
1752772109148 1.3446910381317139 19299
1752772120352 1.5016437768936157 19349
1752772131531 1.4063588380813599 19399
1752772142695 1.5095349550247192 19449
1752772170899 1.3242003917694092 19499
1752772182098 1.3399102687835693 19549
1752772193294 1.3390353918075562 19599
1752772204498 1.3900671005249023 19649
1752772215699 1.2441895008087158 19699
1752772244944 1.4290642738342285 19749
1752772256144 1.4523805379867554 19799
1752772267342 1.4112250804901123 19849
1752772278537 1.3621104955673218 19899
1752772289710 1.3405007123947144 19949
1752772300885 1.471106767654419 19999
1752772329342 1.5031075477600098 20049
1752772340535 1.4166656732559204 20099
1752772351725 1.4239139556884766 20149
1752772362927 1.3933327198028564 20199
1752772374130 1.424784541130066 20249
1752772402475 1.619636058807373 20299
1752772413672 1.4613184928894043 20349
1752772424878 1.4687397480010986 20399
1752772436088 1.4395676851272583 20449
1752772447288 1.485730767250061 20499
1752772458469 1.5422005653381348 20549
1752772486960 1.5098556280136108 20599
1752772498126 1.5087733268737793 20649
1752772509292 1.5918238162994385 20699
1752772520450 1.6315773725509644 20749
1752772531617 1.4038639068603516 20799
1752772560781 1.5993354320526123 20849
1752772571982 1.4436054229736328 20899
1752772583164 1.5228431224822998 20949
1752772594364 1.4111926555633545 20999
1752772605560 1.4956042766571045 21049
1752772633822 1.578829288482666 21099
1752772645037 1.2891831398010254 21149
1752772656250 1.4776620864868164 21199
1752772667478 1.4607205390930176 21249
1752772678702 1.4136300086975098 21299
1752772689923 1.4952268600463867 21349
1752772718455 1.448686122894287 21399
1752772729678 1.499526023864746 21449
1752772740880 1.4065830707550049 21499
1752772752086 1.533596158027649 21549
1752772763299 1.4552866220474243 21599
1752772791542 1.403257131576538 21649
1752772802747 1.4099617004394531 21699
1752772813954 1.42268705368042 21749
1752772825155 1.4027584791183472 21799
1752772836359 1.630075454711914 21849
1752772847576 1.3741005659103394 21899
1752772875875 1.342445731163025 21949
1752772887071 1.4115970134735107 21999
1752772898255 1.4737277030944824 22049
1752772909450 1.402534008026123 22099
1752772920655 1.4350001811981201 22149
1752772949096 1.5066280364990234 22199
1752772960285 1.5607762336730957 22249
1752772971483 1.4668583869934082 22299
1752772982695 1.5943024158477783 22349
1752772993890 1.4520212411880493 22399
1752773005071 1.385136604309082 22449
1752773033206 1.3936090469360352 22499
1752773044398 1.7032537460327148 22549
1752773055592 1.4078478813171387 22599
1752773066806 1.6630215644836426 22649
1752773078013 1.5815376043319702 22699
1752773106448 1.476835012435913 22749
1752773117647 1.6769291162490845 22799
1752773128849 1.516221046447754 22849
1752773140048 1.6311088800430298 22899
1752773151243 1.591477632522583 22949
1752773162441 1.4749178886413574 22999
1752773191360 1.5382153987884521 23049
1752773202553 1.5205754041671753 23099
1752773213736 1.679349422454834 23149
1752773224909 1.5618541240692139 23199
1752773236112 1.568469524383545 23249
1752773264479 1.5092449188232422 23299
1752773275660 1.5995135307312012 23349
1752773286845 1.4105091094970703 23399
1752773298044 1.5007261037826538 23449
1752773309237 1.492652416229248 23499
1752773320421 1.5199724435806274 23549
1752773348770 1.6772457361221313 23599
1752773359962 1.542799711227417 23649
1752773371156 1.6956753730773926 23699
1752773382364 1.437820315361023 23749
1752773393607 1.4428274631500244 23799
1752773422797 1.6514644622802734 23849
1752773433985 1.4823980331420898 23899
1752773445192 1.7187896966934204 23949
1752773456414 1.6197528839111328 23999
1752773467621 1.624285340309143 24049
1752773478834 1.4055596590042114 24099
1752773507195 1.5901926755905151 24149
1752773518405 1.6559252738952637 24199
1752773529620 1.5554988384246826 24249
1752773540831 1.5384613275527954 24299
1752773552027 1.6148861646652222 24349
1752773580394 1.6455354690551758 24399
1752773591592 1.61027991771698 24449
1752773602802 1.6780121326446533 24499
1752773614006 1.6149821281433105 24549
1752773625214 1.6358616352081299 24599
1752773636406 1.521465539932251 24649
1752773665635 1.6047730445861816 24699
1752773676839 1.4232183694839478 24749
1752773688037 1.3814549446105957 24799
1752773699235 1.484555721282959 24849
1752773710424 1.4385547637939453 24899
1752773738822 1.5202282667160034 24949
1752773750043 1.5873565673828125 24999
1752773761246 1.592409372329712 25049
1752773772454 1.6790714263916016 25099
1752773783656 1.4681828022003174 25149
1752773794855 1.6329560279846191 25199
1752773823090 1.5366594791412354 25249
1752773834286 1.4812580347061157 25299
1752773845501 1.6967202425003052 25349
1752773856704 1.55874764919281 25399
1752773867900 1.7550781965255737 25449
1752773896297 1.6011559963226318 25499
1752773907496 1.5248489379882812 25549
1752773918701 1.7175472974777222 25599
1752773929903 1.715899109840393 25649
1752773941103 1.72509765625 25699
1752773952307 1.7480864524841309 25749
1752773980674 1.5717668533325195 25799
1752773991984 1.5272059440612793 25849
1752774003195 1.6100605726242065 25899
1752774014405 1.7306122779846191 25949
1752774025612 1.7848960161209106 25999
1752774054663 1.6566648483276367 26049
1752774065852 1.6669836044311523 26099
1752774077071 1.6653867959976196 26149
1752774088283 1.698797345161438 26199
1752774099467 1.6075797080993652 26249
1752774110638 1.5389361381530762 26299
1752774139034 1.5748411417007446 26349
1752774150221 1.607104778289795 26399
1752774161423 1.5516314506530762 26449
1752774172626 1.6758471727371216 26499
1752774183834 1.7709922790527344 26549
1752774212769 1.625983715057373 26599
1752774223976 1.5654823780059814 26649
1752774235199 1.5224521160125732 26699
1752774246403 1.532248854637146 26749
1752774257608 1.549387812614441 26799
1752774268773 1.693530559539795 26849
1752774296956 1.6535547971725464 26899
1752774308175 1.570421814918518 26949
1752774319376 1.567408800125122 26999
1752774330568 1.5291357040405273 27049
1752774341779 1.7464948892593384 27099
1752774370166 1.7117104530334473 27149
1752774381362 1.536468267440796 27199
1752774392563 1.7286884784698486 27249
1752774403784 1.6536495685577393 27299
1752774415001 1.4064502716064453 27349
1752774426173 1.5938191413879395 27399
