1752766573345 0.09588653594255447 49
1752766584389 0.07208561897277832 99
1752766595494 0.06756315380334854 149
1752766606600 0.06307043135166168 199
1752766617747 0.07842352986335754 249
1752766646771 0.0647411197423935 299
1752766657910 0.06348439306020737 349
1752766669058 0.06051994115114212 399
1752766680221 0.06321615725755692 449
1752766691398 0.06304524838924408 499
1752766720405 0.04875624179840088 549
1752766731573 0.050319768488407135 599
1752766742742 0.04528830200433731 649
1752766753902 0.054123423993587494 699
1752766765086 0.05807838216423988 749
1752766776269 0.047553084790706635 799
1752766805437 0.05560436099767685 849
1752766816570 0.05834246426820755 899
1752766827711 0.0468594953417778 949
1752766838865 0.04711353778839111 999
1752766850056 0.03962152451276779 1049
1752766879130 0.04883536696434021 1099
1752766890312 0.05385402962565422 1149
1752766901504 0.0588701069355011 1199
1752766912686 0.04883640259504318 1249
1752766923878 0.050831399857997894 1299
1752766935055 0.048492055386304855 1349
1752766964386 0.059639301151037216 1399
1752766975567 0.03668908029794693 1449
1752766986747 0.046466998755931854 1499
1752766997930 0.04229280725121498 1549
1752767009121 0.04678196832537651 1599
1752767038228 0.038837991654872894 1649
1752767049390 0.04982241988182068 1699
1752767060570 0.050761979073286057 1749
1752767071761 0.05252645164728165 1799
1752767082955 0.049587398767471313 1849
1752767094151 0.048729389905929565 1899
1752767122501 0.04473557323217392 1949
1752767133709 0.06253127753734589 1999
1752767144907 0.06468023359775543 2049
1752767156119 0.04338903725147247 2099
1752767167318 0.04933509603142738 2149
1752767196557 0.057863883674144745 2199
1752767207747 0.05279975384473801 2249
1752767218905 0.04331330209970474 2299
1752767230128 0.06363184005022049 2349
1752767241343 0.038887493312358856 2399
1752767252540 0.05313440039753914 2449
1752767281755 0.042255960404872894 2499
1752767292959 0.041853830218315125 2549
1752767304156 0.046336542814970016 2599
1752767315347 0.033386263996362686 2649
1752767326557 0.04389338195323944 2699
1752767355530 0.03783177211880684 2749
1752767366706 0.03636924549937248 2799
1752767377911 0.04629223793745041 2849
1752767389104 0.03904096037149429 2899
1752767400306 0.0455634631216526 2949
1752767411520 0.04490203782916069 2999
1752767440702 0.044326119124889374 3049
1752767451915 0.04635871946811676 3099
1752767463115 0.033114779740571976 3149
1752767474326 0.04127081483602524 3199
1752767485541 0.05361169949173927 3249
1752767513829 0.0573706179857254 3299
1752767525003 0.06184712052345276 3349
1752767536206 0.04062268137931824 3399
1752767547408 0.03969576209783554 3449
1752767558609 0.04438232257962227 3499
1752767569817 0.03257110342383385 3549
1752767599026 0.036690376698970795 3599
1752767610215 0.04563543200492859 3649
1752767621410 0.03745307773351669 3699
1752767632602 0.03824639320373535 3749
1752767643823 0.03597049042582512 3799
1752767673002 0.04635221138596535 3849
1752767684162 0.043932631611824036 3899
1752767695359 0.03850708529353142 3949
1752767706569 0.044498883187770844 3999
1752767717783 0.049142878502607346 4049
1752767728989 0.03919673338532448 4099
1752767757352 0.03597145155072212 4149
1752767768529 0.03314550220966339 4199
1752767779710 0.03398433327674866 4249
1752767790907 0.03536832705140114 4299
1752767802110 0.039970505982637405 4349
1752767831245 0.048996418714523315 4399
1752767842438 0.05359138548374176 4449
1752767853618 0.04360366612672806 4499
1752767864809 0.033506959676742554 4549
1752767876015 0.03538820892572403 4599
1752767887205 0.047616470605134964 4649
1752767915595 0.03910095989704132 4699
1752767926791 0.033447686582803726 4749
1752767937976 0.037471406161785126 4799
1752767949170 0.03449598699808121 4849
1752767960379 0.05576610192656517 4899
1752767989509 0.03276331350207329 4949
1752768000707 0.040448520332574844 4999
1752768011908 0.03697894886136055 5049
1752768023121 0.029438233003020287 5099
1752768034323 0.0414070263504982 5149
1752768045515 0.04164683818817139 5199
1752768074341 0.04039522632956505 5249
1752768085518 0.027295831590890884 5299
1752768096699 0.03403468802571297 5349
1752768107886 0.037244878709316254 5399
1752768119100 0.057060904800891876 5449
1752768147349 0.03972041234374046 5499
1752768158585 0.04971151053905487 5549
1752768169794 0.03542432188987732 5599
1752768180998 0.03282225877046585 5649
1752768192205 0.052140992134809494 5699
1752768203394 0.02993249148130417 5749
1752768231495 0.03593486547470093 5799
1752768242666 0.04241109639406204 5849
1752768253858 0.035531144589185715 5899
1752768265045 0.037349194288253784 5949
1752768276231 0.040788684040308 5999
1752768305358 0.04327565059065819 6049
1752768316555 0.03485332429409027 6099
1752768327751 0.03493276983499527 6149
1752768338919 0.03996287286281586 6199
1752768350117 0.037690795958042145 6249
1752768361297 0.03993149474263191 6299
1752768389732 0.03422519937157631 6349
1752768400941 0.0421367883682251 6399
1752768412147 0.051559291779994965 6449
1752768423331 0.02865493856370449 6499
1752768434545 0.041724126785993576 6549
1752768462681 0.03087772987782955 6599
1752768473894 0.03028697893023491 6649
1752768485079 0.03051370568573475 6699
1752768496277 0.029500531032681465 6749
1752768507470 0.06128579378128052 6799
1752768518643 0.03831047564744949 6849
1752768547889 0.0361788347363472 6899
1752768559104 0.03724422678351402 6949
1752768570316 0.04604846611618996 6999
1752768581532 0.04630573093891144 7049
1752768592752 0.030546249821782112 7099
1752768621173 0.026614073663949966 7149
1752768632375 0.03497214615345001 7199
1752768643578 0.04645950347185135 7249
1752768654782 0.03865063190460205 7299
1752768665963 0.02864108607172966 7349
1752768695088 0.02943420596420765 7399
1752768706268 0.035583317279815674 7449
1752768717462 0.043392397463321686 7499
1752768728659 0.03182334080338478 7549
1752768739864 0.02268410287797451 7599
1752768751075 0.030254937708377838 7649
1752768779240 0.038157474249601364 7699
1752768790436 0.051940739154815674 7749
1752768801629 0.02833629958331585 7799
1752768812822 0.03812975063920021 7849
1752768824034 0.027080275118350983 7899
1752768853119 0.035978421568870544 7949
1752768864308 0.03042944148182869 7999
1752768875517 0.025679942220449448 8049
1752768886698 0.03586889058351517 8099
1752768897893 0.0413358211517334 8149
1752768909076 0.033397264778614044 8199
1752768938229 0.030701404437422752 8249
1752768949433 0.03529195487499237 8299
1752768960638 0.03938749432563782 8349
1752768971834 0.03718032315373421 8399
1752768983021 0.03190544247627258 8449
1752769011423 0.04224120080471039 8499
1752769022611 0.04522532597184181 8549
1752769033769 0.03281072527170181 8599
1752769044959 0.03563714772462845 8649
1752769056164 0.03460850566625595 8699
1752769067360 0.049371980130672455 8749
1752769095670 0.038891181349754333 8799
1752769106872 0.02742798998951912 8849
1752769118068 0.04666093736886978 8899
1752769129277 0.02386677823960781 8949
1752769140478 0.028905371204018593 8999
1752769169580 0.045481126755476 9049
1752769180767 0.03074248880147934 9099
1752769191959 0.03402791917324066 9149
1752769203149 0.03787726163864136 9199
1752769214338 0.038733016699552536 9249
1752769225536 0.04286754131317139 9299
1752769253797 0.036242783069610596 9349
1752769265128 0.03922715783119202 9399
1752769276335 0.03373372554779053 9449
1752769287536 0.031532615423202515 9499
1752769298741 0.028334742411971092 9549
1752769327685 0.03640050068497658 9599
1752769338878 0.03493234142661095 9649
1752769350068 0.033815495669841766 9699
1752769361278 0.04600116237998009 9749
1752769372474 0.03406776487827301 9799
1752769383676 0.03521333634853363 9849
1752769411968 0.04381554573774338 9899
1752769423192 0.028769897297024727 9949
1752769434395 0.04043146222829819 9999
1752769445609 0.0354553759098053 10049
1752769456815 0.0390685498714447 10099
1752769485034 0.029740989208221436 10149
1752769496198 0.03823240473866463 10199
1752769507392 0.031044261530041695 10249
1752769518592 0.026738982647657394 10299
1752769529807 0.05521830916404724 10349
1752769541018 0.02675008215010166 10399
1752769569451 0.032284483313560486 10449
1752769580651 0.035405464470386505 10499
1752769591878 0.035684734582901 10549
1752769603081 0.03841034695506096 10599
1752769614281 0.049681443721055984 10649
1752769642672 0.03301478177309036 10699
1752769653873 0.03665279597043991 10749
1752769665068 0.030211232602596283 10799
1752769676259 0.0376180037856102 10849
1752769687450 0.030208701267838478 10899
1752769698635 0.03557837754487991 10949
1752769727704 0.028439611196517944 10999
1752769738908 0.027605287730693817 11049
1752769750107 0.0318935364484787 11099
1752769761312 0.03896107152104378 11149
1752769772517 0.04268457368016243 11199
1752769800775 0.050670117139816284 11249
1752769811974 0.02382141910493374 11299
1752769823185 0.026290951296687126 11349
1752769834392 0.029638195410370827 11399
1752769845581 0.034920766949653625 11449
1752769856779 0.03502647578716278 11499
1752769884894 0.037197381258010864 11549
1752769896102 0.03429228812456131 11599
1752769907307 0.02478531189262867 11649
1752769918492 0.026861844584345818 11699
1752769929717 0.03354128450155258 11749
1752769959135 0.023659028112888336 11799
1752769970338 0.03043830394744873 11849
1752769981537 0.035984039306640625 11899
1752769992721 0.02125239185988903 11949
1752770003924 0.036466699093580246 11999
1752770015125 0.05695907399058342 12049
1752770044275 0.028837747871875763 12099
1752770055498 0.046334244310855865 12149
1752770066717 0.028028860688209534 12199
1752770077926 0.029515260830521584 12249
1752770089126 0.03213949501514435 12299
1752770117389 0.03599027916789055 12349
1752770128589 0.026341615244746208 12399
1752770139786 0.029319968074560165 12449
1752770150998 0.03608204796910286 12499
1752770162188 0.03155193105340004 12549
1752770173336 0.05730755999684334 12599
1752770201773 0.033842783421278 12649
1752770212975 0.03006669320166111 12699
1752770224164 0.027231460437178612 12749
1752770235348 0.03268321976065636 12799
1752770246552 0.026209373027086258 12849
1752770274917 0.04285596311092377 12899
1752770286077 0.022286413237452507 12949
1752770297239 0.025989960879087448 12999
1752770308447 0.03147713094949722 13049
1752770319656 0.039529506117105484 13099
1752770330827 0.03172944486141205 13149
1752770359106 0.035581324249506 13199
1752770370328 0.03160349279642105 13249
1752770381535 0.03591537848114967 13299
1752770392729 0.0354495607316494 13349
1752770403936 0.03993610292673111 13399
1752770433182 0.02858121506869793 13449
1752770444570 0.024067722260951996 13499
1752770455781 0.027195435017347336 13549
1752770466989 0.026594463735818863 13599
1752770478185 0.032026030123233795 13649
1752770489334 0.033625487238168716 13699
1752770517759 0.0352858267724514 13749
1752770528968 0.03372890129685402 13799
1752770540170 0.029654793441295624 13849
1752770551383 0.04089124873280525 13899
1752770562590 0.04299296438694 13949
1752770590896 0.02818879671394825 13999
1752770602089 0.033596865832805634 14049
1752770613282 0.031032023951411247 14099
1752770624496 0.03725183755159378 14149
1752770635690 0.03642415255308151 14199
1752770663984 0.022838875651359558 14249
1752770675185 0.04164234176278114 14299
1752770686397 0.025344721972942352 14349
1752770697597 0.02949138544499874 14399
1752770708779 0.03104282356798649 14449
1752770719972 0.028275325894355774 14499
1752770749110 0.03382446989417076 14549
1752770760313 0.036008626222610474 14599
1752770771514 0.029447156935930252 14649
1752770782703 0.02704770490527153 14699
1752770793906 0.028887413442134857 14749
1752770823056 0.029889091849327087 14799
1752770834250 0.035308949649333954 14849
1752770845453 0.03187347203493118 14899
1752770856664 0.034361500293016434 14949
1752770867875 0.03571189194917679 14999
1752770879090 0.03851887583732605 15049
1752770907987 0.022908618673682213 15099
1752770919201 0.020922578871250153 15149
1752770930411 0.03800521045923233 15199
1752770941619 0.03729364275932312 15249
1752770952806 0.03580193221569061 15299
1752770982048 0.0244095828384161 15349
1752770993254 0.027446433901786804 15399
1752771004411 0.037392519414424896 15449
1752771015592 0.036318983882665634 15499
1752771026793 0.020775649696588516 15549
1752771037994 0.02494986541569233 15599
1752771066217 0.03588416799902916 15649
1752771077403 0.032536931335926056 15699
1752771088609 0.023582294583320618 15749
1752771099804 0.03927110135555267 15799
1752771111003 0.021096112206578255 15849
1752771139293 0.02646510861814022 15899
1752771150488 0.025608614087104797 15949
1752771161696 0.03278804197907448 15999
1752771172920 0.028828352689743042 16049
1752771184127 0.0256733950227499 16099
1752771195339 0.025829462334513664 16149
1752771223730 0.03427261486649513 16199
1752771234913 0.033013228327035904 16249
1752771246112 0.02897229790687561 16299
1752771257296 0.03896402567625046 16349
1752771268507 0.03391316905617714 16399
1752771296880 0.025163225829601288 16449
1752771308096 0.02495449036359787 16499
1752771319296 0.027591673657298088 16549
1752771330488 0.021446529775857925 16599
1752771341691 0.026936408132314682 16649
1752771352891 0.032904889434576035 16699
1752771381336 0.03559429943561554 16749
1752771392540 0.025696422904729843 16799
1752771403737 0.038710903376340866 16849
1752771414950 0.025658655911684036 16899
1752771426151 0.041312139481306076 16949
1752771454288 0.04067791998386383 16999
1752771465471 0.0271415114402771 17049
1752771476675 0.02330796793103218 17099
1752771487885 0.03060154989361763 17149
1752771499081 0.02704450488090515 17199
1752771510296 0.029279954731464386 17249
1752771538608 0.028085999190807343 17299
1752771549823 0.036856234073638916 17349
1752771561026 0.02521495521068573 17399
1752771572372 0.026493193581700325 17449
1752771583608 0.03505773842334747 17499
1752771611814 0.030061036348342896 17549
1752771623018 0.026559440419077873 17599
1752771634220 0.046186503022909164 17649
1752771645439 0.03134297579526901 17699
1752771656640 0.033135414123535156 17749
1752771667846 0.029517564922571182 17799
1752771697124 0.03550601378083229 17849
1752771708329 0.04417914152145386 17899
1752771719534 0.02729717269539833 17949
1752771730746 0.023036552593111992 17999
1752771741950 0.028142249211668968 18049
1752771771179 0.03521181270480156 18099
1752771782367 0.03779684379696846 18149
1752771793567 0.02866123989224434 18199
1752771804772 0.03289487212896347 18249
1752771815982 0.02266654744744301 18299
1752771827195 0.03875017166137695 18349
1752771855560 0.0212983638048172 18399
1752771866729 0.02177443914115429 18449
1752771877905 0.03874259442090988 18499
1752771889103 0.032693296670913696 18549
1752771900297 0.030941978096961975 18599
1752771928562 0.026569101959466934 18649
1752771939733 0.02848666161298752 18699
1752771950896 0.034900449216365814 18749
1752771962096 0.02277384325861931 18799
1752771973294 0.0233955979347229 18849
1752771984486 0.04081512987613678 18899
1752772013663 0.02499089017510414 18949
1752772024857 0.035321131348609924 18999
1752772036061 0.030363986268639565 19049
1752772047272 0.03493692725896835 19099
1752772058486 0.02601545676589012 19149
1752772086735 0.022625982761383057 19199
1752772097928 0.026927277445793152 19249
1752772109148 0.035033177584409714 19299
1752772120352 0.02566485106945038 19349
1752772131531 0.024501008912920952 19399
1752772142695 0.026981353759765625 19449
1752772170899 0.026262210682034492 19499
1752772182098 0.02469678409397602 19549
1752772193294 0.04234246909618378 19599
1752772204498 0.02410632185637951 19649
1752772215699 0.030284631997346878 19699
1752772244944 0.026130959391593933 19749
1752772256144 0.02770216576755047 19799
1752772267342 0.03061426430940628 19849
1752772278537 0.02368459850549698 19899
1752772289710 0.0246883537620306 19949
1752772300885 0.027364211156964302 19999
1752772329342 0.037915799766778946 20049
1752772340535 0.032401569187641144 20099
1752772351725 0.03650977090001106 20149
1752772362927 0.0307370126247406 20199
1752772374130 0.03037971816956997 20249
1752772402475 0.028422463685274124 20299
1752772413672 0.022335683926939964 20349
1752772424878 0.022030595690011978 20399
1752772436088 0.033742085099220276 20449
1752772447288 0.02628220245242119 20499
1752772458469 0.03040260449051857 20549
1752772486960 0.02553585171699524 20599
1752772498126 0.03147312253713608 20649
1752772509292 0.02428896725177765 20699
1752772520450 0.03066285327076912 20749
1752772531617 0.031239213421940804 20799
1752772560781 0.06454373896121979 20849
1752772571982 0.03635546565055847 20899
1752772583164 0.023659855127334595 20949
1752772594364 0.02167164906859398 20999
1752772605560 0.038688670843839645 21049
1752772633822 0.03845229744911194 21099
1752772645037 0.04414289817214012 21149
1752772656250 0.03362821787595749 21199
1752772667478 0.023969512432813644 21249
1752772678702 0.01897718384861946 21299
1752772689923 0.03497902676463127 21349
1752772718455 0.038126446306705475 21399
1752772729678 0.03138493746519089 21449
1752772740880 0.023541869595646858 21499
1752772752086 0.037632182240486145 21549
1752772763299 0.026406360790133476 21599
1752772791542 0.025864889845252037 21649
1752772802747 0.027075164020061493 21699
1752772813954 0.033095549792051315 21749
1752772825155 0.029706308618187904 21799
1752772836359 0.028915835544466972 21849
1752772847576 0.0356949120759964 21899
1752772875875 0.022396136075258255 21949
1752772887071 0.02431107684969902 21999
1752772898255 0.028144188225269318 22049
1752772909450 0.020612847059965134 22099
1752772920655 0.03087986260652542 22149
1752772949096 0.0343841053545475 22199
1752772960285 0.0368303582072258 22249
1752772971483 0.027969662100076675 22299
1752772982695 0.041183557361364365 22349
1752772993890 0.02972249500453472 22399
1752773005071 0.026162320747971535 22449
1752773033206 0.033615536987781525 22499
1752773044398 0.027809230610728264 22549
1752773055592 0.035946525633335114 22599
1752773066806 0.0291580930352211 22649
1752773078013 0.02736540697515011 22699
1752773106448 0.022138018161058426 22749
1752773117647 0.0258038230240345 22799
1752773128849 0.04108870401978493 22849
1752773140048 0.0443781353533268 22899
1752773151243 0.02830389142036438 22949
1752773162441 0.025913242250680923 22999
1752773191360 0.034109991043806076 23049
1752773202553 0.02662120759487152 23099
1752773213736 0.029440835118293762 23149
1752773224909 0.02409193478524685 23199
1752773236112 0.045477259904146194 23249
1752773264479 0.025765005499124527 23299
1752773275660 0.022512126713991165 23349
1752773286845 0.029167748987674713 23399
1752773298044 0.030551837757229805 23449
1752773309237 0.02167247235774994 23499
1752773320421 0.02617810294032097 23549
1752773348770 0.03559628129005432 23599
1752773359962 0.031891949474811554 23649
1752773371156 0.029562443494796753 23699
1752773382364 0.024512644857168198 23749
1752773393607 0.022357767447829247 23799
1752773422797 0.02725638449192047 23849
1752773433985 0.02263565920293331 23899
1752773445192 0.022108813747763634 23949
1752773456414 0.026301492005586624 23999
1752773467621 0.02599348872900009 24049
1752773478834 0.023096807301044464 24099
1752773507195 0.03135622292757034 24149
1752773518405 0.027341092005372047 24199
1752773529620 0.03060791827738285 24249
1752773540831 0.03225580230355263 24299
1752773552027 0.03947649896144867 24349
1752773580394 0.02065937966108322 24399
1752773591592 0.031595028936862946 24449
1752773602802 0.02505662851035595 24499
1752773614006 0.027548596262931824 24549
1752773625214 0.027781737968325615 24599
1752773636406 0.02883242815732956 24649
1752773665635 0.04330381378531456 24699
1752773676839 0.02971588633954525 24749
1752773688037 0.033635493367910385 24799
1752773699235 0.03438708186149597 24849
1752773710424 0.01998564600944519 24899
1752773738822 0.03244134411215782 24949
1752773750043 0.022964566946029663 24999
1752773761246 0.030057379975914955 25049
1752773772454 0.03717157244682312 25099
1752773783656 0.023227181285619736 25149
1752773794855 0.040742289274930954 25199
1752773823090 0.023051876574754715 25249
1752773834286 0.02128181792795658 25299
1752773845501 0.047576021403074265 25349
1752773856704 0.028165098279714584 25399
1752773867900 0.029103804379701614 25449
1752773896297 0.020371409133076668 25499
1752773907496 0.03132843226194382 25549
1752773918701 0.028478024527430534 25599
1752773929903 0.031246306374669075 25649
1752773941103 0.02565065771341324 25699
1752773952307 0.025695854797959328 25749
1752773980674 0.027105845510959625 25799
1752773991984 0.024730132892727852 25849
1752774003195 0.042362358421087265 25899
1752774014405 0.02457236312329769 25949
1752774025612 0.02639726921916008 25999
1752774054663 0.02781539224088192 26049
1752774065852 0.028435952961444855 26099
1752774077071 0.027475489303469658 26149
1752774088283 0.020228780806064606 26199
1752774099467 0.02729414962232113 26249
1752774110638 0.03690429404377937 26299
1752774139034 0.02516009844839573 26349
1752774150221 0.02581954188644886 26399
1752774161423 0.03004654124379158 26449
1752774172626 0.03196579962968826 26499
1752774183834 0.027995971962809563 26549
1752774212769 0.024912670254707336 26599
1752774223976 0.038023412227630615 26649
1752774235199 0.016913512721657753 26699
1752774246403 0.028995895758271217 26749
1752774257608 0.018200967460870743 26799
1752774268773 0.024923216551542282 26849
1752774296956 0.023877518251538277 26899
1752774308175 0.03236949071288109 26949
1752774319376 0.026841387152671814 26999
1752774330568 0.023571301251649857 27049
1752774341779 0.02013261616230011 27099
1752774370166 0.02574504166841507 27149
1752774381362 0.029830660670995712 27199
1752774392563 0.034719936549663544 27249
1752774403784 0.026607442647218704 27299
1752774415001 0.032784637063741684 27349
1752774426173 0.046079449355602264 27399
