1752766573345 9.460649490356445 49
1752766584389 6.68704891204834 99
1752766595494 6.275176525115967 149
1752766606600 5.927266597747803 199
1752766617747 6.519404411315918 249
1752766646771 6.314802169799805 299
1752766657910 5.904399394989014 349
1752766669058 5.438599586486816 399
1752766680221 6.048386573791504 449
1752766691398 6.421873092651367 499
1752766720405 5.571151256561279 549
1752766731573 4.426614761352539 599
1752766742742 5.474455833435059 649
1752766753902 5.2390875816345215 699
1752766765086 4.842096328735352 749
1752766776269 5.341828346252441 799
1752766805437 4.22499942779541 849
1752766816570 5.2329559326171875 899
1752766827711 5.261092185974121 949
1752766838865 4.831722259521484 999
1752766850056 4.739727020263672 1049
1752766879130 4.422467231750488 1099
1752766890312 5.263339519500732 1149
1752766901504 4.713956832885742 1199
1752766912686 5.303238391876221 1249
1752766923878 4.254905700683594 1299
1752766935055 4.308102130889893 1349
1752766964386 4.537534713745117 1399
1752766975567 4.493902206420898 1449
1752766986747 4.781529426574707 1499
1752766997930 4.564189910888672 1549
1752767009121 4.028499126434326 1599
1752767038228 4.275844573974609 1649
1752767049390 4.485868453979492 1699
1752767060570 3.9702014923095703 1749
1752767071761 4.754075050354004 1799
1752767082955 4.150969505310059 1849
1752767094151 4.401151657104492 1899
1752767122501 4.18856143951416 1949
1752767133709 4.493739128112793 1999
1752767144907 4.462862014770508 2049
1752767156119 4.052666664123535 2099
1752767167318 3.6457226276397705 2149
1752767196557 4.134117126464844 2199
1752767207747 3.588538646697998 2249
1752767218905 4.104058742523193 2299
1752767230128 4.048672676086426 2349
1752767241343 3.963649272918701 2399
1752767252540 3.964658737182617 2449
1752767281755 4.095227241516113 2499
1752767292959 4.099602699279785 2549
1752767304156 4.048506736755371 2599
1752767315347 2.9321906566619873 2649
1752767326557 4.005468845367432 2699
1752767355530 3.6045660972595215 2749
1752767366706 3.772984504699707 2799
1752767377911 4.037342548370361 2849
1752767389104 3.854677200317383 2899
1752767400306 3.824751615524292 2949
1752767411520 3.4459176063537598 2999
1752767440702 3.3280937671661377 3049
1752767451915 3.557317018508911 3099
1752767463115 3.367612600326538 3149
1752767474326 3.532388687133789 3199
1752767485541 3.477001190185547 3249
1752767513829 3.7543041706085205 3299
1752767525003 3.853837728500366 3349
1752767536206 4.029698848724365 3399
1752767547408 3.3639426231384277 3449
1752767558609 3.321375846862793 3499
1752767569817 2.996083974838257 3549
1752767599026 3.295815944671631 3599
1752767610215 3.3995261192321777 3649
1752767621410 3.6172850131988525 3699
1752767632602 3.900513172149658 3749
1752767643823 3.4541752338409424 3799
1752767673002 3.4882736206054688 3849
1752767684162 3.05056095123291 3899
1752767695359 3.0786709785461426 3949
1752767706569 3.696721076965332 3999
1752767717783 4.198276042938232 4049
1752767728989 3.0107483863830566 4099
1752767757352 3.6350865364074707 4149
1752767768529 3.209552764892578 4199
1752767779710 3.1136927604675293 4249
1752767790907 3.046596050262451 4299
1752767802110 3.6495277881622314 4349
1752767831245 4.061230659484863 4399
1752767842438 3.538597583770752 4449
1752767853618 3.9736011028289795 4499
1752767864809 3.1226556301116943 4549
1752767876015 3.386387825012207 4599
1752767887205 3.3099756240844727 4649
1752767915595 3.905709743499756 4699
1752767926791 3.2150862216949463 4749
1752767937976 3.826244354248047 4799
1752767949170 3.47100830078125 4849
1752767960379 4.1160383224487305 4899
1752767989509 3.445875644683838 4949
1752768000707 3.4788084030151367 4999
1752768011908 3.311997413635254 5049
1752768023121 3.1079723834991455 5099
1752768034323 3.388618230819702 5149
1752768045515 2.992804527282715 5199
1752768074341 3.215005397796631 5249
1752768085518 3.1261954307556152 5299
1752768096699 3.047941207885742 5349
1752768107886 2.9490604400634766 5399
1752768119100 3.809264659881592 5449
1752768147349 3.513498067855835 5499
1752768158585 3.572817325592041 5549
1752768169794 3.3216795921325684 5599
1752768180998 3.6360232830047607 5649
1752768192205 3.578991413116455 5699
1752768203394 3.1390151977539062 5749
1752768231495 3.4483084678649902 5799
1752768242666 3.53922700881958 5849
1752768253858 3.2253763675689697 5899
1752768265045 3.506831645965576 5949
1752768276231 3.2960715293884277 5999
1752768305358 3.4599928855895996 6049
1752768316555 2.884540557861328 6099
1752768327751 2.978794574737549 6149
1752768338919 3.304307699203491 6199
1752768350117 3.339221477508545 6249
1752768361297 3.5667178630828857 6299
1752768389732 3.2378790378570557 6349
1752768400941 3.352928638458252 6399
1752768412147 3.3789737224578857 6449
1752768423331 3.290226936340332 6499
1752768434545 3.316133499145508 6549
1752768462681 2.926969528198242 6599
1752768473894 3.1219868659973145 6649
1752768485079 2.9986143112182617 6699
1752768496277 2.920273780822754 6749
1752768507470 3.4935545921325684 6799
1752768518643 3.2718095779418945 6849
1752768547889 3.2695116996765137 6899
1752768559104 3.630805730819702 6949
1752768570316 3.6643266677856445 6999
1752768581532 3.628049373626709 7049
1752768592752 3.149624824523926 7099
1752768621173 2.6692142486572266 7149
1752768632375 3.5788495540618896 7199
1752768643578 3.280357837677002 7249
1752768654782 3.05271577835083 7299
1752768665963 2.935728073120117 7349
1752768695088 2.857306480407715 7399
1752768706268 3.4800052642822266 7449
1752768717462 2.512089252471924 7499
1752768728659 2.7070698738098145 7549
1752768739864 2.894702434539795 7599
1752768751075 2.8496310710906982 7649
1752768779240 3.2589504718780518 7699
1752768790436 3.3787081241607666 7749
1752768801629 2.5599451065063477 7799
1752768812822 3.5367422103881836 7849
1752768824034 2.539081573486328 7899
1752768853119 3.6384761333465576 7949
1752768864308 2.8327198028564453 7999
1752768875517 3.0547666549682617 8049
1752768886698 3.1474032402038574 8099
1752768897893 3.3471760749816895 8149
1752768909076 2.8015174865722656 8199
1752768938229 2.7362871170043945 8249
1752768949433 2.8608598709106445 8299
1752768960638 2.979459047317505 8349
1752768971834 3.2029998302459717 8399
1752768983021 2.94122052192688 8449
1752769011423 3.4580700397491455 8499
1752769022611 3.387019157409668 8549
1752769033769 3.091951370239258 8599
1752769044959 2.971766471862793 8649
1752769056164 2.8430612087249756 8699
1752769067360 3.4746272563934326 8749
1752769095670 3.480483055114746 8799
1752769106872 2.9985790252685547 8849
1752769118068 3.200779438018799 8899
1752769129277 2.8463404178619385 8949
1752769140478 2.6444718837738037 8999
1752769169580 3.006218194961548 9049
1752769180767 2.6269664764404297 9099
1752769191959 2.880161762237549 9149
1752769203149 2.979325532913208 9199
1752769214338 3.070011615753174 9249
1752769225536 3.186946153640747 9299
1752769253797 2.781508207321167 9349
1752769265128 3.209150791168213 9399
1752769276335 3.1688694953918457 9449
1752769287536 3.1075682640075684 9499
1752769298741 2.924394130706787 9549
1752769327685 3.0502266883850098 9599
1752769338878 2.9911656379699707 9649
1752769350068 3.432339906692505 9699
1752769361278 2.791395664215088 9749
1752769372474 2.805156946182251 9799
1752769383676 3.3291537761688232 9849
1752769411968 3.5527443885803223 9899
1752769423192 2.964564085006714 9949
1752769434395 3.126835584640503 9999
1752769445609 3.2743659019470215 10049
1752769456815 3.004307270050049 10099
1752769485034 2.802469253540039 10149
1752769496198 2.738171100616455 10199
1752769507392 3.1086912155151367 10249
1752769518592 2.7893426418304443 10299
1752769529807 3.082397699356079 10349
1752769541018 2.8458080291748047 10399
1752769569451 3.191014051437378 10449
1752769580651 2.8113317489624023 10499
1752769591878 3.2393999099731445 10549
1752769603081 3.264810085296631 10599
1752769614281 3.489741563796997 10649
1752769642672 3.063814640045166 10699
1752769653873 2.953537702560425 10749
1752769665068 2.845791816711426 10799
1752769676259 2.5825986862182617 10849
1752769687450 2.8438286781311035 10899
1752769698635 2.7808594703674316 10949
1752769727704 2.8656115531921387 10999
1752769738908 2.7092885971069336 11049
1752769750107 3.096527099609375 11099
1752769761312 3.2305493354797363 11149
1752769772517 3.442296028137207 11199
1752769800775 3.039386034011841 11249
1752769811974 2.7759597301483154 11299
1752769823185 2.6485743522644043 11349
1752769834392 2.956974506378174 11399
1752769845581 3.426879644393921 11449
1752769856779 3.0278706550598145 11499
1752769884894 2.665658712387085 11549
1752769896102 2.9066526889801025 11599
1752769907307 2.666741371154785 11649
1752769918492 2.6859054565429688 11699
1752769929717 2.8551669120788574 11749
1752769959135 2.767493724822998 11799
1752769970338 3.273240566253662 11849
1752769981537 2.935422420501709 11899
1752769992721 2.54225492477417 11949
1752770003924 3.345095634460449 11999
1752770015125 2.9018235206604004 12049
1752770044275 2.56657338142395 12099
1752770055498 3.1927356719970703 12149
1752770066717 3.0266289710998535 12199
1752770077926 2.7342286109924316 12249
1752770089126 2.919071674346924 12299
1752770117389 3.0972602367401123 12349
1752770128589 2.505249500274658 12399
1752770139786 2.890798568725586 12449
1752770150998 2.9113991260528564 12499
1752770162188 2.8546464443206787 12549
1752770173336 3.3386807441711426 12599
1752770201773 3.3740346431732178 12649
1752770212975 2.776284694671631 12699
1752770224164 3.2779228687286377 12749
1752770235348 2.7817230224609375 12799
1752770246552 2.4825234413146973 12849
1752770274917 2.9489400386810303 12899
1752770286077 2.2795701026916504 12949
1752770297239 2.6235384941101074 12999
1752770308447 3.288295269012451 13049
1752770319656 3.8976850509643555 13099
1752770330827 3.053413152694702 13149
1752770359106 3.1956119537353516 13199
1752770370328 2.9148213863372803 13249
1752770381535 3.097522735595703 13299
1752770392729 2.7665343284606934 13349
1752770403936 3.5383567810058594 13399
1752770433182 2.9066271781921387 13449
1752770444570 2.4203310012817383 13499
1752770455781 2.4486911296844482 13549
1752770466989 2.6595253944396973 13599
1752770478185 3.2949624061584473 13649
1752770489334 3.208540916442871 13699
1752770517759 2.967909812927246 13749
1752770528968 3.49241304397583 13799
1752770540170 2.5084118843078613 13849
1752770551383 2.9820852279663086 13899
1752770562590 3.0703132152557373 13949
1752770590896 2.6508593559265137 13999
1752770602089 2.5087811946868896 14049
1752770613282 3.27994704246521 14099
1752770624496 3.459587574005127 14149
1752770635690 3.138545274734497 14199
1752770663984 2.42037296295166 14249
1752770675185 2.7850637435913086 14299
1752770686397 2.7136244773864746 14349
1752770697597 2.6578259468078613 14399
1752770708779 2.9586095809936523 14449
1752770719972 2.913215398788452 14499
1752770749110 2.946958065032959 14549
1752770760313 2.985227584838867 14599
1752770771514 2.8633155822753906 14649
1752770782703 2.653083562850952 14699
1752770793906 3.068171739578247 14749
1752770823056 3.0765461921691895 14799
1752770834250 3.0264248847961426 14849
1752770845453 2.934910297393799 14899
1752770856664 2.7275772094726562 14949
1752770867875 3.16111159324646 14999
1752770879090 3.3641791343688965 15049
1752770907987 2.6459999084472656 15099
1752770919201 2.2104105949401855 15149
1752770930411 2.925266742706299 15199
1752770941619 3.0401558876037598 15249
1752770952806 2.9046144485473633 15299
1752770982048 2.366896152496338 15349
1752770993254 2.6144957542419434 15399
1752771004411 3.2763030529022217 15449
1752771015592 2.9373514652252197 15499
1752771026793 2.349440574645996 15549
1752771037994 2.627044439315796 15599
1752771066217 3.3160228729248047 15649
1752771077403 3.1211719512939453 15699
1752771088609 2.4651639461517334 15749
1752771099804 3.4576568603515625 15799
1752771111003 2.426924228668213 15849
1752771139293 2.9834651947021484 15899
1752771150488 2.6169867515563965 15949
1752771161696 3.632704257965088 15999
1752771172920 2.7813024520874023 16049
1752771184127 2.8269846439361572 16099
1752771195339 2.2072067260742188 16149
1752771223730 2.948204755783081 16199
1752771234913 3.1220617294311523 16249
1752771246112 2.8461055755615234 16299
1752771257296 2.676389694213867 16349
1752771268507 2.860738754272461 16399
1752771296880 2.609220266342163 16449
1752771308096 2.854609489440918 16499
1752771319296 3.2189383506774902 16549
1752771330488 2.7348477840423584 16599
1752771341691 2.6146388053894043 16649
1752771352891 2.9735872745513916 16699
1752771381336 2.7170817852020264 16749
1752771392540 2.454333543777466 16799
1752771403737 3.07568097114563 16849
1752771414950 2.7944693565368652 16899
1752771426151 2.282440423965454 16949
1752771454288 3.2203190326690674 16999
1752771465471 2.3769595623016357 17049
1752771476675 2.6269912719726562 17099
1752771487885 3.599156618118286 17149
1752771499081 3.0663318634033203 17199
1752771510296 2.9055380821228027 17249
1752771538608 2.6987624168395996 17299
1752771549823 2.8110837936401367 17349
1752771561026 2.545745372772217 17399
1752771572372 3.1541690826416016 17449
1752771583608 2.846723794937134 17499
1752771611814 2.699911594390869 17549
1752771623018 2.745710849761963 17599
1752771634220 3.58060884475708 17649
1752771645439 2.6598551273345947 17699
1752771656640 2.7112932205200195 17749
1752771667846 2.7776429653167725 17799
1752771697124 2.7896227836608887 17849
1752771708329 2.74021577835083 17899
1752771719534 2.9204180240631104 17949
1752771730746 2.902784824371338 17999
1752771741950 2.703721046447754 18049
1752771771179 3.010005474090576 18099
1752771782367 3.2766780853271484 18149
1752771793567 2.5374295711517334 18199
1752771804772 2.6562082767486572 18249
1752771815982 2.765192747116089 18299
1752771827195 2.9219794273376465 18349
1752771855560 2.4958972930908203 18399
1752771866729 2.3290553092956543 18449
1752771877905 3.1810102462768555 18499
1752771889103 2.982941150665283 18549
1752771900297 2.8416037559509277 18599
1752771928562 2.862642765045166 18649
1752771939733 2.4292078018188477 18699
1752771950896 2.9807114601135254 18749
1752771962096 2.647697687149048 18799
1752771973294 2.6891703605651855 18849
1752771984486 2.8946280479431152 18899
1752772013663 2.4940810203552246 18949
1752772024857 2.528505325317383 18999
1752772036061 3.1481971740722656 19049
1752772047272 2.740617036819458 19099
1752772058486 2.6138226985931396 19149
1752772086735 2.48262357711792 19199
1752772097928 2.6717019081115723 19249
1752772109148 2.586683988571167 19299
1752772120352 2.6508429050445557 19349
1752772131531 2.7238452434539795 19399
1752772142695 2.742058038711548 19449
1752772170899 2.727407455444336 19499
1752772182098 2.356207847595215 19549
1752772193294 2.8776068687438965 19599
1752772204498 2.571977138519287 19649
1752772215699 2.7588863372802734 19699
1752772244944 2.839111804962158 19749
1752772256144 2.745529890060425 19799
1752772267342 2.4528419971466064 19849
1752772278537 2.6067023277282715 19899
1752772289710 2.643672466278076 19949
1752772300885 2.6892104148864746 19999
1752772329342 2.825920820236206 20049
1752772340535 2.780522108078003 20099
1752772351725 3.0198657512664795 20149
1752772362927 2.541419506072998 20199
1752772374130 2.9248762130737305 20249
1752772402475 2.4398770332336426 20299
1752772413672 2.5219407081604004 20349
1752772424878 2.618549108505249 20399
1752772436088 3.000521659851074 20449
1752772447288 2.6811981201171875 20499
1752772458469 2.917652130126953 20549
1752772486960 2.8424289226531982 20599
1752772498126 2.740276575088501 20649
1752772509292 2.5382778644561768 20699
1752772520450 2.505014657974243 20749
1752772531617 2.7068729400634766 20799
1752772560781 2.9037492275238037 20849
1752772571982 2.9965944290161133 20899
1752772583164 2.563668727874756 20949
1752772594364 2.576234817504883 20999
1752772605560 3.233194351196289 21049
1752772633822 2.811413288116455 21099
1752772645037 3.3074722290039062 21149
1752772656250 2.7756259441375732 21199
1752772667478 2.741128444671631 21249
1752772678702 2.1897494792938232 21299
1752772689923 3.2598419189453125 21349
1752772718455 3.0082430839538574 21399
1752772729678 3.295992612838745 21449
1752772740880 2.915783166885376 21499
1752772752086 3.0126471519470215 21549
1752772763299 2.619511604309082 21599
1752772791542 2.5973241329193115 21649
1752772802747 3.313572883605957 21699
1752772813954 2.573659896850586 21749
1752772825155 2.5816805362701416 21799
1752772836359 3.458615303039551 21849
1752772847576 2.8736608028411865 21899
1752772875875 2.7446227073669434 21949
1752772887071 2.6012933254241943 21999
1752772898255 3.2231967449188232 22049
1752772909450 2.4675095081329346 22099
1752772920655 3.067293643951416 22149
1752772949096 2.6791539192199707 22199
1752772960285 3.261651039123535 22249
1752772971483 2.5976037979125977 22299
1752772982695 3.0667812824249268 22349
1752772993890 2.962632179260254 22399
1752773005071 2.999192714691162 22449
1752773033206 2.7928404808044434 22499
1752773044398 2.745239496231079 22549
1752773055592 2.7554101943969727 22599
1752773066806 2.7527403831481934 22649
1752773078013 2.9132678508758545 22699
1752773106448 2.616598129272461 22749
1752773117647 2.731945514678955 22799
1752773128849 3.156350612640381 22849
1752773140048 2.8478078842163086 22899
1752773151243 2.673405170440674 22949
1752773162441 2.8782835006713867 22999
1752773191360 2.5037686824798584 23049
1752773202553 2.994321823120117 23099
1752773213736 3.16860032081604 23149
1752773224909 2.342754602432251 23199
1752773236112 3.1672356128692627 23249
1752773264479 2.48777437210083 23299
1752773275660 2.531808376312256 23349
1752773286845 2.863879680633545 23399
1752773298044 2.704861640930176 23449
1752773309237 2.719503879547119 23499
1752773320421 2.5584397315979004 23549
1752773348770 2.681347370147705 23599
1752773359962 2.6529197692871094 23649
1752773371156 2.4491329193115234 23699
1752773382364 2.765951156616211 23749
1752773393607 2.537130355834961 23799
1752773422797 2.780386209487915 23849
1752773433985 2.352928638458252 23899
1752773445192 2.335693836212158 23949
1752773456414 2.934372901916504 23999
1752773467621 2.300967216491699 24049
1752773478834 2.694819688796997 24099
1752773507195 2.7494258880615234 24149
1752773518405 2.655893325805664 24199
1752773529620 2.4402036666870117 24249
1752773540831 2.7313880920410156 24299
1752773552027 3.0409884452819824 24349
1752773580394 2.344682216644287 24399
1752773591592 3.302891731262207 24449
1752773602802 2.777845859527588 24499
1752773614006 2.8136963844299316 24549
1752773625214 2.6843953132629395 24599
1752773636406 2.5200753211975098 24649
1752773665635 3.3684651851654053 24699
1752773676839 2.9095618724823 24749
1752773688037 2.830657720565796 24799
1752773699235 3.4564592838287354 24849
1752773710424 2.405902862548828 24899
1752773738822 2.700226068496704 24949
1752773750043 2.758094310760498 24999
1752773761246 2.8982677459716797 25049
1752773772454 2.633988857269287 25099
1752773783656 2.6629385948181152 25149
1752773794855 3.068772315979004 25199
1752773823090 2.6298954486846924 25249
1752773834286 2.4749045372009277 25299
1752773845501 2.866730213165283 25349
1752773856704 2.7440929412841797 25399
1752773867900 2.7497706413269043 25449
1752773896297 2.3012661933898926 25499
1752773907496 2.6952199935913086 25549
1752773918701 2.756460666656494 25599
1752773929903 2.5990822315216064 25649
1752773941103 2.9239418506622314 25699
1752773952307 2.4309277534484863 25749
1752773980674 2.472105026245117 25799
1752773991984 2.952916145324707 25849
1752774003195 2.928440570831299 25899
1752774014405 2.792916774749756 25949
1752774025612 2.850925922393799 25999
1752774054663 2.7301712036132812 26049
1752774065852 2.705568790435791 26099
1752774077071 2.8606038093566895 26149
1752774088283 2.4758806228637695 26199
1752774099467 2.9649534225463867 26249
1752774110638 2.7545881271362305 26299
1752774139034 2.6350319385528564 26349
1752774150221 2.6594460010528564 26399
1752774161423 2.650472640991211 26449
1752774172626 2.674643039703369 26499
1752774183834 2.878206491470337 26549
1752774212769 2.449859142303467 26599
1752774223976 2.8879590034484863 26649
1752774235199 2.1922388076782227 26699
1752774246403 2.3937411308288574 26749
1752774257608 2.2703237533569336 26799
1752774268773 2.6830430030822754 26849
1752774296956 2.7009716033935547 26899
1752774308175 3.043400287628174 26949
1752774319376 2.6785671710968018 26999
1752774330568 3.0623278617858887 27049
1752774341779 2.407985210418701 27099
1752774370166 2.791633367538452 27149
1752774381362 2.6629772186279297 27199
1752774392563 2.7707431316375732 27249
1752774403784 2.477590799331665 27299
1752774415001 3.227804660797119 27349
1752774426173 2.861975908279419 27399
