1752766640108 0.08142819255590439 273
1752766719108 0.05803953856229782 547
1752766798293 0.05232541635632515 821
1752766877304 0.050004612654447556 1095
1752766956760 0.04834580421447754 1369
1752767035954 0.04755657911300659 1643
1752767114436 0.048530448228120804 1917
1752767193823 0.04646684601902962 2191
1752767273187 0.04394353926181793 2465
1752767352339 0.04366179555654526 2739
1752767431679 0.04255037382245064 3013
1752767510202 0.04313787445425987 3287
1752767589619 0.0422704741358757 3561
1752767668947 0.041929520666599274 3835
1752767747464 0.041960421949625015 4109
1752767826806 0.039149701595306396 4383
1752767905261 0.03915883228182793 4657
1752767984570 0.03867097571492195 4931
1752768063066 0.039576757699251175 5205
1752768141927 0.03933291509747505 5479
1752768220351 0.0393635593354702 5753
1752768299503 0.037294238805770874 6027
1752768378060 0.03789893537759781 6301
1752768456383 0.03767954930663109 6575
1752768535768 0.03667446970939636 6849
1752768614373 0.0376131534576416 7123
1752768693684 0.03584524244070053 7397
1752768772108 0.03675226494669914 7671
1752768851301 0.0350407212972641 7945
1752768930623 0.03501404449343681 8219
1752769009152 0.03605697676539421 8493
1752769087582 0.035765714943408966 8767
1752769166873 0.03489062562584877 9041
1752769245208 0.03534504026174545 9315
1752769324509 0.03374128043651581 9589
1752769402960 0.03393780067563057 9863
1752769481396 0.03535325080156326 10137
1752769560009 0.03514675423502922 10411
1752769638607 0.034298334270715714 10685
1752769717814 0.033020418137311935 10959
1752769796279 0.033176545053720474 11233
1752769874622 0.03387247771024704 11507
1752769954224 0.03242998570203781 11781
1752770033483 0.03237272426486015 12055
1752770111993 0.03373781219124794 12329
1752770190546 0.032385993748903275 12603
1752770269103 0.03239881247282028 12877
1752770347404 0.03245239704847336 13151
1752770426871 0.032320261001586914 13425
1752770505630 0.032801706343889236 13699
1752770584160 0.03250296041369438 13973
1752770662607 0.032424792647361755 14247
1752770741945 0.03180345520377159 14521
1752770821227 0.03164324536919594 14795
1752770900410 0.031173504889011383 15069
1752770979763 0.030559083446860313 15343
1752771058109 0.0311681367456913 15617
1752771136589 0.03215545415878296 15891
1752771215227 0.031201189383864403 16165
1752771293709 0.031028563156723976 16439
1752771372311 0.030830422416329384 16713
1752771450700 0.030904356390237808 16987
1752771529158 0.031454041600227356 17261
1752771607731 0.030652755871415138 17535
1752771687212 0.03049357235431671 17809
1752771766654 0.029826080426573753 18083
1752771845282 0.03055443800985813 18357
1752771923626 0.03027191571891308 18631
1752772002909 0.029782386496663094 18905
1752772081336 0.03057810477912426 19179
1752772159669 0.029947172850370407 19453
1752772239059 0.029070284217596054 19727
1752772317697 0.02999734878540039 20001
1752772396178 0.030147584155201912 20275
1752772474810 0.030629906803369522 20549
1752772554008 0.028801044449210167 20823
1752772632466 0.029943425208330154 21097
1752772711130 0.029828615486621857 21371
1752772789771 0.029114410281181335 21645
1752772868258 0.02889680676162243 21919
1752772946824 0.030095351859927177 22193
1752773025149 0.029810965061187744 22467
1752773103797 0.029736999422311783 22741
1752773182852 0.02877790853381157 23015
1752773261299 0.029164737090468407 23289
1752773339736 0.029162991791963577 23563
1752773419136 0.02871151827275753 23837
1752773497790 0.028999051079154015 24111
1752773576325 0.028886817395687103 24385
1752773655818 0.028382806107401848 24659
1752773734330 0.02899453602731228 24933
1752773812756 0.02883719652891159 25207
1752773891333 0.028827734291553497 25481
1752773969940 0.028849419206380844 25755
1752774049271 0.028216291218996048 26029
1752774127805 0.02889157272875309 26303
1752774206970 0.02753983996808529 26577
1752774285289 0.028652574867010117 26851
1752774363845 0.028268562629818916 27125
1752774442236 0.02840130403637886 27399
