1752766573345 1.9689323902130127 49
1752766584389 2.395782947540283 99
1752766595494 2.4346461296081543 149
1752766606600 2.1578245162963867 199
1752766617747 1.7450366020202637 249
1752766646771 2.3938517570495605 299
1752766657910 2.2300453186035156 349
1752766669058 2.0418622493743896 399
1752766680221 1.803229808807373 449
1752766691398 2.791248321533203 499
1752766720405 2.009204626083374 549
1752766731573 1.8103344440460205 599
1752766742742 2.310537099838257 649
1752766753902 1.8440518379211426 699
1752766765086 2.0609359741210938 749
1752766776269 2.5279288291931152 799
1752766805437 2.2089600563049316 849
1752766816570 1.928278923034668 899
1752766827711 2.0845885276794434 949
1752766838865 1.8552618026733398 999
1752766850056 1.8492425680160522 1049
1752766879130 1.8568787574768066 1099
1752766890312 2.1759562492370605 1149
1752766901504 1.6684331893920898 1199
1752766912686 2.061138868331909 1249
1752766923878 1.4922281503677368 1299
1752766935055 1.9325134754180908 1349
1752766964386 2.040332317352295 1399
1752766975567 1.9407174587249756 1449
1752766986747 1.8013275861740112 1499
1752766997930 1.831154227256775 1549
1752767009121 1.5960135459899902 1599
1752767038228 1.5585989952087402 1649
1752767049390 1.60796058177948 1699
1752767060570 2.2537832260131836 1749
1752767071761 1.994808554649353 1799
1752767082955 2.382139205932617 1849
1752767094151 1.6596955060958862 1899
1752767122501 2.255610466003418 1949
1752767133709 2.1448726654052734 1999
1752767144907 1.9158769845962524 2049
1752767156119 1.7494151592254639 2099
1752767167318 1.9811105728149414 2149
1752767196557 2.2007267475128174 2199
1752767207747 1.9939825534820557 2249
1752767218905 1.6535272598266602 2299
1752767230128 2.2571725845336914 2349
1752767241343 1.9051190614700317 2399
1752767252540 2.4693517684936523 2449
1752767281755 1.5721683502197266 2499
1752767292959 1.7824259996414185 2549
1752767304156 2.197460412979126 2599
1752767315347 1.2885751724243164 2649
1752767326557 1.7667895555496216 2699
1752767355530 1.6332995891571045 2749
1752767366706 1.843326449394226 2799
1752767377911 1.3004982471466064 2849
1752767389104 1.96108078956604 2899
1752767400306 1.8036680221557617 2949
1752767411520 1.859621286392212 2999
1752767440702 1.4531173706054688 3049
1752767451915 1.7404148578643799 3099
1752767463115 1.8834770917892456 3149
1752767474326 1.9195168018341064 3199
1752767485541 1.5171881914138794 3249
1752767513829 1.9937548637390137 3299
1752767525003 1.7869315147399902 3349
1752767536206 1.3924957513809204 3399
1752767547408 1.356855869293213 3449
1752767558609 1.3303568363189697 3499
1752767569817 1.4550349712371826 3549
1752767599026 1.5585075616836548 3599
1752767610215 1.5122144222259521 3649
1752767621410 1.8630650043487549 3699
1752767632602 2.122933864593506 3749
1752767643823 1.5667405128479004 3799
1752767673002 1.3649415969848633 3849
1752767684162 1.5652977228164673 3899
1752767695359 1.5373892784118652 3949
1752767706569 2.239949941635132 3999
1752767717783 1.6863423585891724 4049
1752767728989 1.3825907707214355 4099
1752767757352 1.3301198482513428 4149
1752767768529 1.4890739917755127 4199
1752767779710 1.6356980800628662 4249
1752767790907 1.5243749618530273 4299
1752767802110 1.824321985244751 4349
1752767831245 1.8037421703338623 4399
1752767842438 1.8081218004226685 4449
1752767853618 1.5610542297363281 4499
1752767864809 1.7094398736953735 4549
1752767876015 1.526231050491333 4599
1752767887205 1.7321457862854004 4649
1752767915595 1.7627040147781372 4699
1752767926791 1.4925446510314941 4749
1752767937976 1.1972792148590088 4799
1752767949170 1.253376841545105 4849
1752767960379 1.8042086362838745 4899
1752767989509 1.2927398681640625 4949
1752768000707 0.9931221604347229 4999
1752768011908 1.3885911703109741 5049
1752768023121 0.902155339717865 5099
1752768034323 1.3849704265594482 5149
1752768045515 1.467461109161377 5199
1752768074341 1.541501760482788 5249
1752768085518 1.650799036026001 5299
1752768096699 1.3724024295806885 5349
1752768107886 1.392017126083374 5399
1752768119100 1.6586008071899414 5449
1752768147349 1.5898969173431396 5499
1752768158585 1.8341968059539795 5549
1752768169794 1.3847689628601074 5599
1752768180998 1.8986749649047852 5649
1752768192205 2.102005958557129 5699
1752768203394 1.898871660232544 5749
1752768231495 1.3738291263580322 5799
1752768242666 1.7043006420135498 5849
1752768253858 1.527132511138916 5899
1752768265045 1.4097286462783813 5949
1752768276231 1.5296201705932617 5999
1752768305358 1.5298330783843994 6049
1752768316555 1.1210243701934814 6099
1752768327751 1.1968145370483398 6149
1752768338919 1.354630708694458 6199
1752768350117 1.2668836116790771 6249
1752768361297 1.5547022819519043 6299
1752768389732 1.459954857826233 6349
1752768400941 1.3689008951187134 6399
1752768412147 1.3549716472625732 6449
1752768423331 1.257021427154541 6499
1752768434545 1.6244168281555176 6549
1752768462681 1.2209194898605347 6599
1752768473894 1.2531137466430664 6649
1752768485079 1.4273505210876465 6699
1752768496277 1.4909651279449463 6749
1752768507470 1.7627830505371094 6799
1752768518643 1.2465214729309082 6849
1752768547889 1.2348859310150146 6899
1752768559104 1.1471668481826782 6949
1752768570316 1.4863860607147217 6999
1752768581532 1.4765245914459229 7049
1752768592752 1.1913734674453735 7099
1752768621173 1.3184200525283813 7149
1752768632375 1.6812407970428467 7199
1752768643578 1.6597692966461182 7249
1752768654782 1.534270167350769 7299
1752768665963 1.1368062496185303 7349
1752768695088 1.528639554977417 7399
1752768706268 1.4046416282653809 7449
1752768717462 1.0942703485488892 7499
1752768728659 1.4170582294464111 7549
1752768739864 0.8365792632102966 7599
1752768751075 1.1950796842575073 7649
1752768779240 1.2652606964111328 7699
1752768790436 1.5372843742370605 7749
1752768801629 1.0903160572052002 7799
1752768812822 1.2638109922409058 7849
1752768824034 1.5226014852523804 7899
1752768853119 1.8432879447937012 7949
1752768864308 1.3625966310501099 7999
1752768875517 1.0297574996948242 8049
1752768886698 1.2744609117507935 8099
1752768897893 1.2999656200408936 8149
1752768909076 1.375903606414795 8199
1752768938229 1.3372390270233154 8249
1752768949433 0.9153552055358887 8299
1752768960638 1.5604510307312012 8349
1752768971834 1.3341760635375977 8399
1752768983021 1.8591817617416382 8449
1752769011423 1.3758586645126343 8499
1752769022611 1.6075607538223267 8549
1752769033769 1.6828874349594116 8599
1752769044959 1.0760670900344849 8649
1752769056164 1.2726998329162598 8699
1752769067360 1.1409955024719238 8749
1752769095670 1.4843841791152954 8799
1752769106872 1.4273394346237183 8849
1752769118068 1.0825080871582031 8899
1752769129277 0.9577569961547852 8949
1752769140478 0.9460680484771729 8999
1752769169580 1.562875747680664 9049
1752769180767 0.8930421471595764 9099
1752769191959 1.4531296491622925 9149
1752769203149 1.961961030960083 9199
1752769214338 1.1343649625778198 9249
1752769225536 1.267521858215332 9299
1752769253797 1.2023460865020752 9349
1752769265128 1.149942398071289 9399
1752769276335 1.444519281387329 9449
1752769287536 1.2831969261169434 9499
1752769298741 1.2268595695495605 9549
1752769327685 1.1291491985321045 9599
1752769338878 1.3606387376785278 9649
1752769350068 1.048774242401123 9699
1752769361278 1.7810988426208496 9749
1752769372474 1.1057474613189697 9799
1752769383676 1.691178798675537 9849
1752769411968 1.5179424285888672 9899
1752769423192 1.119950771331787 9949
1752769434395 1.1286423206329346 9999
1752769445609 0.9287761449813843 10049
1752769456815 1.2499996423721313 10099
1752769485034 1.1059216260910034 10149
1752769496198 1.3114408254623413 10199
1752769507392 1.655879259109497 10249
1752769518592 0.9800145030021667 10299
1752769529807 1.294236660003662 10349
1752769541018 0.9491406679153442 10399
1752769569451 1.3413200378417969 10449
1752769580651 1.5072191953659058 10499
1752769591878 1.118415355682373 10549
1752769603081 1.7286958694458008 10599
1752769614281 1.4115698337554932 10649
1752769642672 1.411456823348999 10699
1752769653873 1.0213065147399902 10749
1752769665068 1.488345742225647 10799
1752769676259 1.1584618091583252 10849
1752769687450 1.355266809463501 10899
1752769698635 1.3352420330047607 10949
1752769727704 1.4636757373809814 10999
1752769738908 1.6148147583007812 11049
1752769750107 1.171684741973877 11099
1752769761312 1.0661414861679077 11149
1752769772517 1.4865446090698242 11199
1752769800775 1.1924552917480469 11249
1752769811974 0.8748941421508789 11299
1752769823185 1.3997423648834229 11349
1752769834392 1.1058772802352905 11399
1752769845581 1.4101917743682861 11449
1752769856779 0.8941481113433838 11499
1752769884894 1.3130824565887451 11549
1752769896102 1.1434814929962158 11599
1752769907307 1.1993836164474487 11649
1752769918492 0.9910150766372681 11699
1752769929717 1.3047062158584595 11749
1752769959135 1.1597930192947388 11799
1752769970338 1.247962236404419 11849
1752769981537 1.1599876880645752 11899
1752769992721 1.1231839656829834 11949
1752770003924 1.265055775642395 11999
1752770015125 1.5086255073547363 12049
1752770044275 1.0872883796691895 12099
1752770055498 1.1625986099243164 12149
1752770066717 1.3090851306915283 12199
1752770077926 1.1446328163146973 12249
1752770089126 1.1837310791015625 12299
1752770117389 1.5895764827728271 12349
1752770128589 0.9825474619865417 12399
1752770139786 1.5967483520507812 12449
1752770150998 1.2765734195709229 12499
1752770162188 1.3311829566955566 12549
1752770173336 1.1732308864593506 12599
1752770201773 1.2625126838684082 12649
1752770212975 0.8560877442359924 12699
1752770224164 1.5599547624588013 12749
1752770235348 1.0917317867279053 12799
1752770246552 1.2220441102981567 12849
1752770274917 1.3612086772918701 12899
1752770286077 0.8440844416618347 12949
1752770297239 1.23618483543396 12999
1752770308447 1.1001532077789307 13049
1752770319656 1.4166665077209473 13099
1752770330827 1.6078177690505981 13149
1752770359106 1.1693031787872314 13199
1752770370328 1.0132782459259033 13249
1752770381535 1.462120532989502 13299
1752770392729 1.0375821590423584 13349
1752770403936 2.0485196113586426 13399
1752770433182 1.1132261753082275 13449
1752770444570 1.336324691772461 13499
1752770455781 0.6811386942863464 13549
1752770466989 1.5852268934249878 13599
1752770478185 0.8998227119445801 13649
1752770489334 1.2364022731781006 13699
1752770517759 1.1165778636932373 13749
1752770528968 1.1841771602630615 13799
1752770540170 1.219792366027832 13849
1752770551383 1.115247368812561 13899
1752770562590 1.5527095794677734 13949
1752770590896 1.0851993560791016 13999
1752770602089 1.2458291053771973 14049
1752770613282 0.9910920858383179 14099
1752770624496 1.5146883726119995 14149
1752770635690 1.1980040073394775 14199
1752770663984 1.5342248678207397 14249
1752770675185 1.391780138015747 14299
1752770686397 0.9866893291473389 14349
1752770697597 0.9032976627349854 14399
1752770708779 1.2157901525497437 14449
1752770719972 1.0488486289978027 14499
1752770749110 1.0617659091949463 14549
1752770760313 1.259225845336914 14599
1752770771514 1.6407196521759033 14649
1752770782703 1.1993193626403809 14699
1752770793906 1.3889694213867188 14749
1752770823056 1.3913524150848389 14799
1752770834250 1.372744083404541 14849
1752770845453 0.9193823337554932 14899
1752770856664 1.3553757667541504 14949
1752770867875 1.0173375606536865 14999
1752770879090 1.082836389541626 15049
1752770907987 1.1167137622833252 15099
1752770919201 0.9138915538787842 15149
1752770930411 1.1466217041015625 15199
1752770941619 1.2107216119766235 15249
1752770952806 1.4018619060516357 15299
1752770982048 1.2732417583465576 15349
1752770993254 1.3559921979904175 15399
1752771004411 1.2408955097198486 15449
1752771015592 1.4520421028137207 15499
1752771026793 0.9774279594421387 15549
1752771037994 0.9710322618484497 15599
1752771066217 1.5315406322479248 15649
1752771077403 1.2220661640167236 15699
1752771088609 1.0194594860076904 15749
1752771099804 1.0992799997329712 15799
1752771111003 1.2083734273910522 15849
1752771139293 0.9475774168968201 15899
1752771150488 1.005033016204834 15949
1752771161696 1.1722557544708252 15999
1752771172920 0.9121093153953552 16049
1752771184127 1.3674010038375854 16099
1752771195339 0.771892786026001 16149
1752771223730 1.1447542905807495 16199
1752771234913 1.1273458003997803 16249
1752771246112 1.196791410446167 16299
1752771257296 1.034168004989624 16349
1752771268507 1.7158515453338623 16399
1752771296880 1.079964280128479 16449
1752771308096 1.0676546096801758 16499
1752771319296 1.164101243019104 16549
1752771330488 0.977260947227478 16599
1752771341691 0.9755666255950928 16649
1752771352891 1.5462541580200195 16699
1752771381336 1.4160888195037842 16749
1752771392540 0.9838982820510864 16799
1752771403737 1.5023136138916016 16849
1752771414950 0.8124217987060547 16899
1752771426151 1.614121913909912 16949
1752771454288 1.0259861946105957 16999
1752771465471 0.7439903020858765 17049
1752771476675 1.3785905838012695 17099
1752771487885 1.3926713466644287 17149
1752771499081 1.0333588123321533 17199
1752771510296 1.0290250778198242 17249
1752771538608 0.96260666847229 17299
1752771549823 1.328284502029419 17349
1752771561026 1.4138047695159912 17399
1752771572372 1.1586182117462158 17449
1752771583608 1.2022120952606201 17499
1752771611814 1.0584386587142944 17549
1752771623018 1.1796362400054932 17599
1752771634220 1.154184341430664 17649
1752771645439 1.236137866973877 17699
1752771656640 1.4770421981811523 17749
1752771667846 1.11787748336792 17799
1752771697124 1.150459885597229 17849
1752771708329 1.1814604997634888 17899
1752771719534 1.337878942489624 17949
1752771730746 1.1234066486358643 17999
1752771741950 1.4428808689117432 18049
1752771771179 1.591205358505249 18099
1752771782367 1.009688138961792 18149
1752771793567 1.0843032598495483 18199
1752771804772 1.1602630615234375 18249
1752771815982 1.0087378025054932 18299
1752771827195 1.4723834991455078 18349
1752771855560 0.7584037184715271 18399
1752771866729 0.8061782717704773 18449
1752771877905 1.3062386512756348 18499
1752771889103 1.2145655155181885 18549
1752771900297 1.012089490890503 18599
1752771928562 1.688036561012268 18649
1752771939733 1.268540382385254 18699
1752771950896 1.1335195302963257 18749
1752771962096 1.0323216915130615 18799
1752771973294 1.0547244548797607 18849
1752771984486 1.3317017555236816 18899
1752772013663 1.3203572034835815 18949
1752772024857 1.3591948747634888 18999
1752772036061 0.9096001386642456 19049
1752772047272 0.9166381359100342 19099
1752772058486 1.2867883443832397 19149
1752772086735 0.8569684028625488 19199
1752772097928 1.2089828252792358 19249
1752772109148 0.9325225353240967 19299
1752772120352 1.323775053024292 19349
1752772131531 1.1264762878417969 19399
1752772142695 1.4054698944091797 19449
1752772170899 1.1535234451293945 19499
1752772182098 0.9277540445327759 19549
1752772193294 1.4823310375213623 19599
1752772204498 1.1832292079925537 19649
1752772215699 1.0102611780166626 19699
1752772244944 1.05779230594635 19749
1752772256144 0.8572171926498413 19799
1752772267342 1.1812801361083984 19849
1752772278537 0.8843801021575928 19899
1752772289710 1.3388864994049072 19949
1752772300885 0.9344244003295898 19999
1752772329342 1.0874707698822021 20049
1752772340535 1.1212916374206543 20099
1752772351725 0.7938592433929443 20149
1752772362927 0.7057231068611145 20199
1752772374130 0.9602418541908264 20249
1752772402475 1.424660086631775 20299
1752772413672 0.9393024444580078 20349
1752772424878 1.3031303882598877 20399
1752772436088 1.6668250560760498 20449
1752772447288 1.132106900215149 20499
1752772458469 1.145176649093628 20549
1752772486960 1.213644027709961 20599
1752772498126 1.131912350654602 20649
1752772509292 0.6491588354110718 20699
1752772520450 1.0757956504821777 20749
1752772531617 1.391615390777588 20799
1752772560781 1.1789275407791138 20849
1752772571982 1.129812479019165 20899
1752772583164 1.0156840085983276 20949
1752772594364 0.9480382204055786 20999
1752772605560 1.2909190654754639 21049
1752772633822 1.0839208364486694 21099
1752772645037 1.4420362710952759 21149
1752772656250 1.0776598453521729 21199
1752772667478 1.3716151714324951 21249
1752772678702 1.1338626146316528 21299
1752772689923 1.399534821510315 21349
1752772718455 1.3116155862808228 21399
1752772729678 1.6642696857452393 21449
1752772740880 1.2227081060409546 21499
1752772752086 1.7297859191894531 21549
1752772763299 0.819169282913208 21599
1752772791542 1.1952171325683594 21649
1752772802747 1.3475158214569092 21699
1752772813954 1.265194296836853 21749
1752772825155 1.2217720746994019 21799
1752772836359 1.0972645282745361 21849
1752772847576 0.9115743637084961 21899
1752772875875 1.3671777248382568 21949
1752772887071 0.6915028095245361 21999
1752772898255 1.1221354007720947 22049
1752772909450 0.873164176940918 22099
1752772920655 1.0981974601745605 22149
1752772949096 1.3048725128173828 22199
1752772960285 1.0680654048919678 22249
1752772971483 0.8852111101150513 22299
1752772982695 1.5036242008209229 22349
1752772993890 1.3194918632507324 22399
1752773005071 1.1338828802108765 22449
1752773033206 1.104665994644165 22499
1752773044398 0.8689513802528381 22549
1752773055592 1.3995356559753418 22599
1752773066806 0.9563053846359253 22649
1752773078013 1.0254703760147095 22699
1752773106448 1.1627439260482788 22749
1752773117647 1.0054779052734375 22799
1752773128849 1.6695513725280762 22849
1752773140048 0.9185342788696289 22899
1752773151243 1.0217427015304565 22949
1752773162441 1.079920768737793 22999
1752773191360 1.1468541622161865 23049
1752773202553 0.9916490316390991 23099
1752773213736 1.137189507484436 23149
1752773224909 0.765947699546814 23199
1752773236112 1.717253565788269 23249
1752773264479 1.1571660041809082 23299
1752773275660 1.1413445472717285 23349
1752773286845 0.9817959070205688 23399
1752773298044 1.1499719619750977 23449
1752773309237 0.92757648229599 23499
1752773320421 1.481183648109436 23549
1752773348770 1.5813496112823486 23599
1752773359962 0.9078874588012695 23649
1752773371156 1.013285517692566 23699
1752773382364 1.3831324577331543 23749
1752773393607 0.9445050954818726 23799
1752773422797 0.9906886219978333 23849
1752773433985 1.0305312871932983 23899
1752773445192 1.2393276691436768 23949
1752773456414 1.1302542686462402 23999
1752773467621 0.9897341132164001 24049
1752773478834 1.0080220699310303 24099
1752773507195 1.1587295532226562 24149
1752773518405 1.3440532684326172 24199
1752773529620 0.9404741525650024 24249
1752773540831 0.8533698320388794 24299
1752773552027 1.5199346542358398 24349
1752773580394 0.7301665544509888 24399
1752773591592 1.7868386507034302 24449
1752773602802 1.415144443511963 24499
1752773614006 1.4897117614746094 24549
1752773625214 1.183464765548706 24599
1752773636406 1.0873068571090698 24649
1752773665635 1.5244265794754028 24699
1752773676839 1.2492568492889404 24749
1752773688037 1.1788628101348877 24799
1752773699235 1.3124666213989258 24849
1752773710424 0.9922428131103516 24899
1752773738822 1.1972832679748535 24949
1752773750043 1.4867591857910156 24999
1752773761246 1.1085536479949951 25049
1752773772454 0.8844003677368164 25099
1752773783656 1.1831449270248413 25149
1752773794855 1.2312555313110352 25199
1752773823090 1.210452675819397 25249
1752773834286 1.4573040008544922 25299
1752773845501 1.1351318359375 25349
1752773856704 0.864254355430603 25399
1752773867900 0.8324243426322937 25449
1752773896297 1.135351300239563 25499
1752773907496 1.005101203918457 25549
1752773918701 0.9485583901405334 25599
1752773929903 0.9637474417686462 25649
1752773941103 1.8217766284942627 25699
1752773952307 0.8486229181289673 25749
1752773980674 1.0692431926727295 25799
1752773991984 1.2538865804672241 25849
1752774003195 1.0371407270431519 25899
1752774014405 1.489485740661621 25949
1752774025612 0.9340074062347412 25999
1752774054663 1.3462283611297607 26049
1752774065852 1.3992066383361816 26099
1752774077071 1.2899197340011597 26149
1752774088283 0.8448235988616943 26199
1752774099467 1.3591914176940918 26249
1752774110638 1.2339231967926025 26299
1752774139034 1.0642476081848145 26349
1752774150221 1.2848867177963257 26399
1752774161423 1.0260212421417236 26449
1752774172626 1.3380162715911865 26499
1752774183834 1.0036852359771729 26549
1752774212769 0.9854744076728821 26599
1752774223976 1.2821215391159058 26649
1752774235199 0.7806714773178101 26699
1752774246403 0.8718729019165039 26749
1752774257608 1.0115541219711304 26799
1752774268773 0.8505773544311523 26849
1752774296956 1.0161432027816772 26899
1752774308175 0.9025325775146484 26949
1752774319376 1.1144986152648926 26999
1752774330568 1.017479658126831 27049
1752774341779 1.0506503582000732 27099
1752774370166 1.2964750528335571 27149
1752774381362 1.1328957080841064 27199
1752774392563 1.480604648590088 27249
1752774403784 0.9776548147201538 27299
1752774415001 1.201245665550232 27349
1752774426173 1.1373282670974731 27399
