1752766640108 3.9659311771392822 273
1752766719108 5.2885589599609375 547
1752766798293 5.066272735595703 821
1752766877304 5.445354461669922 1095
1752766956760 4.9506330490112305 1369
1752767035954 5.553741931915283 1643
1752767114436 5.966289520263672 1917
1752767193823 6.149684906005859 2191
1752767273187 5.784427165985107 2465
1752767352339 5.627211093902588 2739
1752767431679 5.654693603515625 3013
1752767510202 5.660662651062012 3287
1752767589619 5.861347675323486 3561
1752767668947 5.313230991363525 3835
1752767747464 6.055821895599365 4109
1752767826806 4.3458967208862305 4383
1752767905261 5.339354038238525 4657
1752767984570 5.19899845123291 4931
1752768063066 5.116437911987305 5205
1752768141927 5.197775840759277 5479
1752768220351 5.391862869262695 5753
1752768299503 4.227034091949463 6027
1752768378060 4.897561073303223 6301
1752768456383 4.722905158996582 6575
1752768535768 4.141220569610596 6849
1752768614373 5.105644702911377 7123
1752768693684 4.084534645080566 7397
1752768772108 4.220812797546387 7671
1752768851301 3.8914246559143066 7945
1752768930623 4.204313278198242 8219
1752769009152 3.8533449172973633 8493
1752769087582 4.217525482177734 8767
1752769166873 3.857990264892578 9041
1752769245208 4.221437454223633 9315
1752769324509 3.2196550369262695 9589
1752769402960 3.6770505905151367 9863
1752769481396 3.7294154167175293 10137
1752769560009 3.817499876022339 10411
1752769638607 3.5553810596466064 10685
1752769717814 3.24584698677063 10959
1752769796279 3.5095112323760986 11233
1752769874622 3.4762744903564453 11507
1752769954224 2.8530356884002686 11781
1752770033483 3.160464286804199 12055
1752770111993 3.3361992835998535 12329
1752770190546 2.8997795581817627 12603
1752770269103 3.0105104446411133 12877
1752770347404 2.853303909301758 13151
1752770426871 2.8967995643615723 13425
1752770505630 3.0103325843811035 13699
1752770584160 2.5486955642700195 13973
1752770662607 2.4498729705810547 14247
1752770741945 2.4149105548858643 14521
1752770821227 2.4473257064819336 14795
1752770900410 2.3571345806121826 15069
1752770979763 2.344076156616211 15343
1752771058109 2.282773733139038 15617
1752771136589 2.532996892929077 15891
1752771215227 2.1805484294891357 16165
1752771293709 2.2805306911468506 16439
1752771372311 2.204826593399048 16713
1752771450700 2.2874341011047363 16987
1752771529158 2.1197330951690674 17261
1752771607731 2.1470587253570557 17535
1752771687212 1.98744797706604 17809
1752771766654 2.1288719177246094 18083
1752771845282 2.2331349849700928 18357
1752771923626 1.9865045547485352 18631
1752772002909 2.051790475845337 18905
1752772081336 2.1195337772369385 19179
1752772159669 1.8927676677703857 19453
1752772239059 1.9099392890930176 19727
1752772317697 1.8520588874816895 20001
1752772396178 1.7384024858474731 20275
1752772474810 1.8379333019256592 20549
1752772554008 1.877915382385254 20823
1752772632466 1.7375175952911377 21097
1752772711130 1.6687443256378174 21371
1752772789771 1.5825634002685547 21645
1752772868258 1.7180044651031494 21919
1752772946824 1.7828500270843506 22193
1752773025149 1.8654130697250366 22467
1752773103797 1.686907410621643 22741
1752773182852 1.4758212566375732 23015
1752773261299 1.531133770942688 23289
1752773339736 1.8401169776916504 23563
1752773419136 1.5124876499176025 23837
1752773497790 1.5551207065582275 24111
1752773576325 1.6086339950561523 24385
1752773655818 1.6619834899902344 24659
1752773734330 1.457817792892456 24933
1752773812756 1.4763951301574707 25207
1752773891333 1.6483651399612427 25481
1752773969940 1.3822213411331177 25755
1752774049271 1.7305563688278198 26029
1752774127805 1.450551986694336 26303
1752774206970 1.528528094291687 26577
1752774285289 1.5143635272979736 26851
1752774363845 1.5633134841918945 27125
1752774442236 1.671587586402893 27399
