1752766640108 2.3405349254608154 273
1752766719108 2.1427719593048096 547
1752766798293 2.0192062854766846 821
1752766877304 2.0673298835754395 1095
1752766956760 1.9114230871200562 1369
1752767035954 1.8717930316925049 1643
1752767114436 1.8355977535247803 1917
1752767193823 1.8289556503295898 2191
1752767273187 1.7686736583709717 2465
1752767352339 1.718738317489624 2739
1752767431679 1.6821935176849365 3013
1752767510202 1.6811634302139282 3287
1752767589619 1.619438886642456 3561
1752767668947 1.6027588844299316 3835
1752767747464 1.6609091758728027 4109
1752767826806 1.5426709651947021 4383
1752767905261 1.5589776039123535 4657
1752767984570 1.5315667390823364 4931
1752768063066 1.5127230882644653 5205
1752768141927 1.5189963579177856 5479
1752768220351 1.5139570236206055 5753
1752768299503 1.4610800743103027 6027
1752768378060 1.4432531595230103 6301
1752768456383 1.451363444328308 6575
1752768535768 1.404609203338623 6849
1752768614373 1.4410964250564575 7123
1752768693684 1.39738929271698 7397
1752768772108 1.3842477798461914 7671
1752768851301 1.34548020362854 7945
1752768930623 1.3749295473098755 8219
1752769009152 1.3789145946502686 8493
1752769087582 1.3547313213348389 8767
1752769166873 1.3375359773635864 9041
1752769245208 1.3528786897659302 9315
1752769324509 1.3153198957443237 9589
1752769402960 1.2993061542510986 9863
1752769481396 1.319582462310791 10137
1752769560009 1.3105800151824951 10411
1752769638607 1.3008910417556763 10685
1752769717814 1.2950383424758911 10959
1752769796279 1.2857928276062012 11233
1752769874622 1.2715455293655396 11507
1752769954224 1.2701321840286255 11781
1752770033483 1.258914828300476 12055
1752770111993 1.2690069675445557 12329
1752770190546 1.2728838920593262 12603
1752770269103 1.2632532119750977 12877
1752770347404 1.23235285282135 13151
1752770426871 1.2352672815322876 13425
1752770505630 1.2392550706863403 13699
1752770584160 1.2147573232650757 13973
1752770662607 1.2207542657852173 14247
1752770741945 1.2104815244674683 14521
1752770821227 1.2263734340667725 14795
1752770900410 1.1754473447799683 15069
1752770979763 1.2008694410324097 15343
1752771058109 1.2015610933303833 15617
1752771136589 1.1924737691879272 15891
1752771215227 1.1857140064239502 16165
1752771293709 1.1884878873825073 16439
1752771372311 1.1791129112243652 16713
1752771450700 1.1994311809539795 16987
1752771529158 1.1771901845932007 17261
1752771607731 1.1543071269989014 17535
1752771687212 1.1920663118362427 17809
1752771766654 1.1649270057678223 18083
1752771845282 1.1660690307617188 18357
1752771923626 1.1507984399795532 18631
1752772002909 1.1611082553863525 18905
1752772081336 1.134812355041504 19179
1752772159669 1.1499680280685425 19453
1752772239059 1.1462180614471436 19727
1752772317697 1.1607321500778198 20001
1752772396178 1.1364191770553589 20275
1752772474810 1.1405702829360962 20549
1752772554008 1.1377136707305908 20823
1752772632466 1.1403675079345703 21097
1752772711130 1.1374530792236328 21371
1752772789771 1.1267188787460327 21645
1752772868258 1.1534953117370605 21919
1752772946824 1.1257973909378052 22193
1752773025149 1.1160168647766113 22467
1752773103797 1.136432409286499 22741
1752773182852 1.1163654327392578 23015
1752773261299 1.131605863571167 23289
1752773339736 1.1045478582382202 23563
1752773419136 1.09670090675354 23837
1752773497790 1.1161859035491943 24111
1752773576325 1.103516936302185 24385
1752773655818 1.0960984230041504 24659
1752773734330 1.1049367189407349 24933
1752773812756 1.1017757654190063 25207
1752773891333 1.114814281463623 25481
1752773969940 1.0941797494888306 25755
1752774049271 1.101271390914917 26029
1752774127805 1.1028164625167847 26303
1752774206970 1.0753248929977417 26577
1752774285289 1.0953848361968994 26851
1752774363845 1.0958912372589111 27125
1752774442236 1.1087863445281982 27399
