1752766573345 8.264602661132812 49
1752766584389 6.1730451583862305 99
1752766595494 5.817432880401611 149
1752766606600 5.41792106628418 199
1752766617747 6.9680094718933105 249
1752766646771 5.5051093101501465 299
1752766657910 5.480628967285156 349
1752766669058 5.292247772216797 399
1752766680221 5.468964576721191 449
1752766691398 5.349632263183594 499
1752766720405 4.082634449005127 549
1752766731573 4.400754451751709 599
1752766742742 3.7531089782714844 649
1752766753902 4.672031879425049 699
1752766765086 5.107602119445801 749
1752766776269 4.0145463943481445 799
1752766805437 4.936742782592773 849
1752766816570 5.088888168334961 899
1752766827711 3.9230737686157227 949
1752766838865 4.049164295196533 999
1752766850056 3.3068737983703613 1049
1752766879130 4.263411521911621 1099
1752766890312 4.625973701477051 1149
1752766901504 5.228410720825195 1199
1752766912686 4.1332902908325195 1249
1752766923878 4.518799781799316 1299
1752766935055 4.231668472290039 1349
1752766964386 5.293797492980957 1399
1752766975567 3.0561656951904297 1449
1752766986747 3.9868624210357666 1499
1752766997930 3.6104490756988525 1549
1752767009121 4.149356842041016 1599
1752767038228 3.2923731803894043 1649
1752767049390 4.360744476318359 1699
1752767060570 4.483469009399414 1749
1752767071761 4.613074779510498 1799
1752767082955 4.380791664123535 1849
1752767094151 4.252468585968018 1899
1752767122501 3.852632522583008 1949
1752767133709 5.609218597412109 1999
1752767144907 5.855660438537598 2049
1752767156119 3.749704599380493 2099
1752767167318 4.409336566925049 2149
1752767196557 5.195804595947266 2199
1752767207747 4.783102512359619 2249
1752767218905 3.7826924324035645 2299
1752767230128 5.76338005065918 2349
1752767241343 3.321460247039795 2399
1752767252540 4.70808219909668 2449
1752767281755 3.6544737815856934 2499
1752767292959 3.6196389198303223 2549
1752767304156 4.0507378578186035 2599
1752767315347 2.9419288635253906 2649
1752767326557 3.8400979042053223 2699
1752767355530 3.261326313018799 2749
1752767366706 3.107212543487549 2799
1752767377911 4.072137832641602 2849
1752767389104 3.3630380630493164 2899
1752767400306 4.006119728088379 2949
1752767411520 3.9937350749969482 2999
1752767440702 3.975191831588745 3049
1752767451915 4.1235432624816895 3099
1752767463115 2.822512149810791 3149
1752767474326 3.64315128326416 3199
1752767485541 4.890893459320068 3249
1752767513829 5.206245422363281 3299
1752767525003 5.628169059753418 3349
1752767536206 3.53950572013855 3399
1752767547408 3.5163302421569824 3449
1752767558609 3.9983584880828857 3499
1752767569817 2.827007293701172 3549
1752767599026 3.205667495727539 3599
1752767610215 4.076316833496094 3649
1752767621410 3.2501471042633057 3699
1752767632602 3.2693803310394287 3749
1752767643823 3.1224300861358643 3799
1752767673002 4.153220176696777 3849
1752767684162 3.959862470626831 3899
1752767695359 3.431462287902832 3949
1752767706569 3.90620493888855 3999
1752767717783 4.356416702270508 4049
1752767728989 3.5024800300598145 4099
1752767757352 3.1217222213745117 4149
1752767768529 2.8562545776367188 4199
1752767779710 2.9634008407592773 4249
1752767790907 3.10715389251709 4299
1752767802110 3.4935302734375 4349
1752767831245 4.359797954559326 4399
1752767842438 4.856135368347168 4449
1752767853618 3.828096866607666 4499
1752767864809 2.9172096252441406 4549
1752767876015 3.0837786197662354 4599
1752767887205 4.29028844833374 4649
1752767915595 3.369731903076172 4699
1752767926791 2.9116034507751465 4749
1752767937976 3.259577751159668 4799
1752767949170 2.997586488723755 4849
1752767960379 4.99650764465332 4899
1752767989509 2.8336713314056396 4949
1752768000707 3.613011121749878 4999
1752768011908 3.263169527053833 5049
1752768023121 2.5550780296325684 5099
1752768034323 3.689711570739746 5149
1752768045515 3.754462242126465 5199
1752768074341 3.5824902057647705 5249
1752768085518 2.2949836254119873 5299
1752768096699 2.98390531539917 5349
1752768107886 3.3262429237365723 5399
1752768119100 5.1920671463012695 5449
1752768147349 3.492241144180298 5499
1752768158585 4.474052429199219 5549
1752768169794 3.109431266784668 5599
1752768180998 2.7930259704589844 5649
1752768192205 4.696749687194824 5699
1752768203394 2.5597705841064453 5749
1752768231495 3.138254404067993 5799
1752768242666 3.751687526702881 5849
1752768253858 3.1180639266967773 5899
1752768265045 3.2831051349639893 5949
1752768276231 3.6296510696411133 5999
1752768305358 3.865861177444458 6049
1752768316555 3.105574607849121 6099
1752768327751 3.094304084777832 6149
1752768338919 3.562103748321533 6199
1752768350117 3.342928409576416 6249
1752768361297 3.5230865478515625 6299
1752768389732 2.9813218116760254 6349
1752768400941 3.7576863765716553 6399
1752768412147 4.711232662200928 6449
1752768423331 2.442805290222168 6499
1752768434545 3.7232141494750977 6549
1752768462681 2.7122581005096436 6599
1752768473894 2.606234073638916 6649
1752768485079 2.6474413871765137 6699
1752768496277 2.5541460514068604 6749
1752768507470 5.624736785888672 6799
1752768518643 3.4139280319213867 6849
1752768547889 3.173153877258301 6899
1752768559104 3.259460926055908 6949
1752768570316 4.10843563079834 6999
1752768581532 4.144201278686523 7049
1752768592752 2.661306858062744 7099
1752768621173 2.2878072261810303 7149
1752768632375 3.0235705375671387 7199
1752768643578 4.201184272766113 7249
1752768654782 3.455038547515869 7299
1752768665963 2.483564853668213 7349
1752768695088 2.5557353496551514 7399
1752768706268 3.091799736022949 7449
1752768717462 4.016775131225586 7499
1752768728659 2.810781717300415 7549
1752768739864 1.9214415550231934 7599
1752768751075 2.657628297805786 7649
1752768779240 3.384615898132324 7699
1752768790436 4.733850955963135 7749
1752768801629 2.484042167663574 7799
1752768812822 3.351616382598877 7849
1752768824034 2.3571648597717285 7899
1752768853119 3.1070685386657715 7949
1752768864308 2.661226987838745 7999
1752768875517 2.1864404678344727 8049
1752768886698 3.1711277961730957 8099
1752768897893 3.7032947540283203 8149
1752768909076 2.9517924785614014 8199
1752768938229 2.7074942588806152 8249
1752768949433 3.158029556274414 8299
1752768960638 3.5102550983428955 8349
1752768971834 3.297353506088257 8399
1752768983021 2.7725753784179688 8449
1752769011423 3.7762291431427 8499
1752769022611 4.048748970031738 8549
1752769033769 2.858236074447632 8599
1752769044959 3.1797752380371094 8649
1752769056164 3.0699148178100586 8699
1752769067360 4.482839584350586 8749
1752769095670 3.431751012802124 8799
1752769106872 2.333827495574951 8849
1752769118068 4.253986358642578 8899
1752769129277 2.0261642932891846 8949
1752769140478 2.557796001434326 8999
1752769169580 4.136179447174072 9049
1752769180767 2.738132953643799 9099
1752769191959 3.015570640563965 9149
1752769203149 3.3647453784942627 9199
1752769214338 3.478926181793213 9249
1752769225536 3.8708486557006836 9299
1752769253797 3.2571890354156494 9349
1752769265128 3.5176186561584473 9399
1752769276335 2.9586238861083984 9449
1752769287536 2.7388787269592285 9499
1752769298741 2.454558849334717 9549
1752769327685 3.255885124206543 9599
1752769338878 3.09432315826416 9649
1752769350068 2.966373920440674 9699
1752769361278 4.196924209594727 9749
1752769372474 3.055910587310791 9799
1752769383676 3.080961227416992 9849
1752769411968 3.9192209243774414 9899
1752769423192 2.4998016357421875 9949
1752769434395 3.635908842086792 9999
1752769445609 3.1466965675354004 10049
1752769456815 3.518752098083496 10099
1752769485034 2.6129262447357178 10149
1752769496198 3.4558873176574707 10199
1752769507392 2.6903486251831055 10249
1752769518592 2.324758529663086 10299
1752769529807 5.114085674285889 10349
1752769541018 2.3159897327423096 10399
1752769569451 2.796520233154297 10449
1752769580651 3.155269145965576 10499
1752769591878 3.1657795906066895 10549
1752769603081 3.377847194671631 10599
1752769614281 4.511606216430664 10649
1752769642672 2.9066600799560547 10699
1752769653873 3.288820505142212 10749
1752769665068 2.639508008956909 10799
1752769676259 3.4129505157470703 10849
1752769687450 2.641158103942871 10899
1752769698635 3.19099760055542 10949
1752769727704 2.462083101272583 10999
1752769738908 2.3839406967163086 11049
1752769750107 2.7839746475219727 11099
1752769761312 3.4722650051116943 11149
1752769772517 3.8123016357421875 11199
1752769800775 4.667583465576172 11249
1752769811974 2.041381597518921 11299
1752769823185 2.267056465148926 11349
1752769834392 2.5964417457580566 11399
1752769845581 3.0388357639312744 11449
1752769856779 3.1225271224975586 11499
1752769884894 3.3564062118530273 11549
1752769896102 3.0538907051086426 11599
1752769907307 2.1346805095672607 11649
1752769918492 2.351135015487671 11699
1752769929717 2.9670395851135254 11749
1752769959135 2.0018019676208496 11799
1752769970338 2.61472487449646 11849
1752769981537 3.2180838584899902 11899
1752769992721 1.798805594444275 11949
1752770003924 3.2077102661132812 11999
1752770015125 5.299354076385498 12049
1752770044275 2.5522968769073486 12099
1752770055498 4.214420318603516 12149
1752770066717 2.402134418487549 12199
1752770077926 2.5901598930358887 12249
1752770089126 2.830678939819336 12299
1752770117389 3.16849946975708 12349
1752770128589 2.3151040077209473 12399
1752770139786 2.538264513015747 12449
1752770150998 3.217849016189575 12499
1752770162188 2.7809226512908936 12549
1752770173336 5.301760673522949 12599
1752770201773 2.9331586360931396 12649
1752770212975 2.657374620437622 12699
1752770224164 2.2925217151641846 12749
1752770235348 2.901517391204834 12799
1752770246552 2.28511905670166 12849
1752770274917 3.8927626609802246 12899
1752770286077 1.942173957824707 12949
1752770297239 2.244673728942871 12999
1752770308447 2.744150161743164 13049
1752770319656 3.4557559490203857 13099
1752770330827 2.7549991607666016 13149
1752770359106 3.139669418334961 13199
1752770370328 2.782076835632324 13249
1752770381535 3.1855292320251465 13299
1752770392729 3.180757522583008 13349
1752770403936 3.505727767944336 13399
1752770433182 2.4906983375549316 13449
1752770444570 2.083739757537842 13499
1752770455781 2.417800188064575 13549
1752770466989 2.29601788520813 13599
1752770478185 2.796243906021118 13649
1752770489334 2.9555346965789795 13699
1752770517759 3.146005153656006 13749
1752770528968 2.921476364135742 13799
1752770540170 2.6360011100769043 13849
1752770551383 3.7107558250427246 13899
1752770562590 3.8702478408813477 13949
1752770590896 2.470229148864746 13999
1752770602089 3.024651050567627 14049
1752770613282 2.6949033737182617 14099
1752770624496 3.286431312561035 14149
1752770635690 3.244046926498413 14199
1752770663984 1.9455580711364746 14249
1752770675185 3.7787184715270996 14299
1752770686397 2.1952033042907715 14349
1752770697597 2.607964038848877 14399
1752770708779 2.7256829738616943 14449
1752770719972 2.4674973487854004 14499
1752770749110 3.004899024963379 14549
1752770760313 3.1986708641052246 14599
1752770771514 2.5542564392089844 14649
1752770782703 2.362809658050537 14699
1752770793906 2.4811882972717285 14749
1752770823056 2.585487127304077 14799
1752770834250 3.1220428943634033 14849
1752770845453 2.8203132152557373 14899
1752770856664 3.0566534996032715 14949
1752770867875 3.184602737426758 14999
1752770879090 3.4273483753204346 15049
1752770907987 1.9494155645370483 15099
1752770919201 1.8063113689422607 15149
1752770930411 3.428802013397217 15199
1752770941619 3.338937759399414 15249
1752770952806 3.1721925735473633 15299
1752770982048 2.1246800422668457 15349
1752770993254 2.3978734016418457 15399
1752771004411 3.3241958618164062 15449
1752771015592 3.2132487297058105 15499
1752771026793 1.777011752128601 15549
1752771037994 2.1706087589263916 15599
1752771066217 3.1490001678466797 15649
1752771077403 2.8567006587982178 15699
1752771088609 2.043980360031128 15749
1752771099804 3.4850540161132812 15799
1752771111003 1.7920570373535156 15849
1752771139293 2.285045623779297 15899
1752771150488 2.2310609817504883 15949
1752771161696 2.823904514312744 15999
1752771172920 2.5383358001708984 16049
1752771184127 2.1801505088806152 16099
1752771195339 2.2965571880340576 16149
1752771223730 3.0483343601226807 16199
1752771234913 2.911044120788574 16249
1752771246112 2.5245361328125 16299
1752771257296 3.549675464630127 16349
1752771268507 2.999147891998291 16399
1752771296880 2.1791727542877197 16449
1752771308096 2.133669137954712 16499
1752771319296 2.360013246536255 16549
1752771330488 1.8002386093139648 16599
1752771341691 2.3464479446411133 16649
1752771352891 2.8867368698120117 16699
1752771381336 3.199845790863037 16749
1752771392540 2.244826316833496 16799
1752771403737 3.468668222427368 16849
1752771414950 2.2238473892211914 16899
1752771426151 3.8037705421447754 16949
1752771454288 3.667771816253662 16999
1752771465471 2.4184513092041016 17049
1752771476675 1.9755364656448364 17099
1752771487885 2.6106672286987305 17149
1752771499081 2.3055524826049805 17199
1752771510296 2.549589157104492 17249
1752771538608 2.468137264251709 17299
1752771549823 3.305887222290039 17349
1752771561026 2.1834523677825928 17399
1752771572372 2.236003875732422 17449
1752771583608 3.1283719539642334 17499
1752771611814 2.6565744876861572 17549
1752771623018 2.303102493286133 17599
1752771634220 4.160879135131836 17649
1752771645439 2.784397602081299 17699
1752771656640 2.934382915496826 17749
1752771667846 2.5853898525238037 17799
1752771697124 3.169267177581787 17849
1752771708329 4.05959415435791 17899
1752771719534 2.350978374481201 17949
1752771730746 1.935742735862732 17999
1752771741950 2.442816972732544 18049
1752771771179 3.110194683074951 18099
1752771782367 3.35882830619812 18149
1752771793567 2.530379295349121 18199
1752771804772 2.942645788192749 18249
1752771815982 1.925483226776123 18299
1752771827195 3.48653507232666 18349
1752771855560 1.8248567581176758 18399
1752771866729 1.8779131174087524 18449
1752771877905 3.4683492183685303 18499
1752771889103 2.8779311180114746 18549
1752771900297 2.7297651767730713 18599
1752771928562 2.2641873359680176 18649
1752771939733 2.527327060699463 18699
1752771950896 3.1005396842956543 18749
1752771962096 1.9478553533554077 18799
1752771973294 1.9955402612686157 18849
1752771984486 3.687251091003418 18899
1752772013663 2.157437562942505 18949
1752772024857 3.180294990539551 18999
1752772036061 2.643954277038574 19049
1752772047272 3.1436448097229004 19099
1752772058486 2.2555060386657715 19149
1752772086735 1.9568243026733398 19199
1752772097928 2.343234062194824 19249
1752772109148 3.1676695346832275 19299
1752772120352 2.215723991394043 19349
1752772131531 2.0998916625976562 19399
1752772142695 2.3249549865722656 19449
1752772170899 2.2747020721435547 19499
1752772182098 2.1484193801879883 19549
1752772193294 3.8390462398529053 19599
1752772204498 2.0791101455688477 19649
1752772215699 2.678018093109131 19699
1752772244944 2.251171588897705 19749
1752772256144 2.423821449279785 19799
1752772267342 2.7417397499084473 19849
1752772278537 2.043588399887085 19899
1752772289710 2.123133897781372 19949
1752772300885 2.3960437774658203 19999
1752772329342 3.406364917755127 20049
1752772340535 2.8672397136688232 20099
1752772351725 3.280844211578369 20149
1752772362927 2.7694480419158936 20199
1752772374130 2.6755175590515137 20249
1752772402475 2.512145757675171 20299
1752772413672 1.9227396249771118 20349
1752772424878 1.8597294092178345 20399
1752772436088 2.961266279220581 20449
1752772447288 2.285655975341797 20499
1752772458469 2.667463779449463 20549
1752772486960 2.192457675933838 20599
1752772498126 2.7800936698913574 20649
1752772509292 2.124354839324951 20699
1752772520450 2.7384233474731445 20749
1752772531617 2.7290291786193848 20799
1752772560781 6.0771331787109375 20849
1752772571982 3.253048896789551 20899
1752772583164 2.0446529388427734 20949
1752772594364 1.8502721786499023 20999
1752772605560 3.4302544593811035 21049
1752772633822 3.484109878540039 21099
1752772645037 3.972883701324463 21149
1752772656250 2.9981610774993896 21199
1752772667478 2.0348243713378906 21249
1752772678702 1.606698989868164 21299
1752772689923 3.0720643997192383 21349
1752772718455 3.4133946895599365 21399
1752772729678 2.70405912399292 21449
1752772740880 1.987046718597412 21499
1752772752086 3.3469414710998535 21549
1752772763299 2.3091797828674316 21599
1752772791542 2.2420175075531006 21649
1752772802747 2.2893433570861816 21699
1752772813954 2.963501453399658 21749
1752772825155 2.6344165802001953 21799
1752772836359 2.4622445106506348 21849
1752772847576 3.2063872814178467 21899
1752772875875 1.8761905431747437 21949
1752772887071 2.1116585731506348 21999
1752772898255 2.4192512035369873 22049
1752772909450 1.753678321838379 22099
1752772920655 2.6998989582061768 22149
1752772949096 3.0734479427337646 22199
1752772960285 3.2823290824890137 22249
1752772971483 2.4657373428344727 22299
1752772982695 3.7090659141540527 22349
1752772993890 2.5753633975982666 22399
1752773005071 2.2406530380249023 22449
1752773033206 3.0026259422302246 22499
1752773044398 2.447932004928589 22549
1752773055592 3.222454786300659 22599
1752773066806 2.57686185836792 22649
1752773078013 2.367480754852295 22699
1752773106448 1.8744980096817017 22749
1752773117647 2.2427284717559814 22799
1752773128849 3.6772994995117188 22849
1752773140048 4.090576171875 22899
1752773151243 2.4938712120056152 22949
1752773162441 2.219752073287964 22999
1752773191360 3.0644044876098633 23049
1752773202553 2.2812349796295166 23099
1752773213736 2.544126510620117 23149
1752773224909 2.117086172103882 23199
1752773236112 4.105499267578125 23249
1752773264479 2.2575340270996094 23299
1752773275660 1.918383240699768 23349
1752773286845 2.561326742172241 23399
1752773298044 2.6974997520446777 23449
1752773309237 1.8360658884048462 23499
1752773320421 2.2694802284240723 23549
1752773348770 3.1820919513702393 23599
1752773359962 2.839099407196045 23649
1752773371156 2.644820213317871 23699
1752773382364 2.0878517627716064 23749
1752773393607 1.9201306104660034 23799
1752773422797 2.3752269744873047 23849
1752773433985 1.9607027769088745 23899
1752773445192 1.899738073348999 23949
1752773456414 2.26153826713562 23999
1752773467621 2.3033299446105957 24049
1752773478834 1.977076768875122 24099
1752773507195 2.78568696975708 24149
1752773518405 2.3835222721099854 24199
1752773529620 2.7445621490478516 24249
1752773540831 2.889214038848877 24299
1752773552027 3.546161413192749 24349
1752773580394 1.7739795446395874 24399
1752773591592 2.711726188659668 24449
1752773602802 2.144124984741211 24499
1752773614006 2.3688387870788574 24549
1752773625214 2.4377684593200684 24599
1752773636406 2.557790756225586 24649
1752773665635 3.8877363204956055 24699
1752773676839 2.591568946838379 24749
1752773688037 2.9987175464630127 24799
1752773699235 2.9764304161071777 24849
1752773710424 1.6943244934082031 24899
1752773738822 2.8952860832214355 24949
1752773750043 1.9313641786575317 24999
1752773761246 2.646271228790283 25049
1752773772454 3.384730100631714 25099
1752773783656 1.9795089960098267 25149
1752773794855 3.6879208087921143 25199
1752773823090 1.967811942100525 25249
1752773834286 1.7895030975341797 25299
1752773845501 4.382803440093994 25349
1752773856704 2.4883463382720947 25399
1752773867900 2.568833827972412 25449
1752773896297 1.73696768283844 25499
1752773907496 2.786529064178467 25549
1752773918701 2.506430149078369 25599
1752773929903 2.7917113304138184 25649
1752773941103 2.1577506065368652 25699
1752773952307 2.266775131225586 25749
1752773980674 2.394965648651123 25799
1752773991984 2.091296672821045 25849
1752774003195 3.8533177375793457 25899
1752774014405 2.088898181915283 25949
1752774025612 2.276029109954834 25999
1752774054663 2.425877094268799 26049
1752774065852 2.4772300720214844 26099
1752774077071 2.3773927688598633 26149
1752774088283 1.7188714742660522 26199
1752774099467 2.3428592681884766 26249
1752774110638 3.3257834911346436 26299
1752774139034 2.180391788482666 26349
1752774150221 2.2379002571105957 26399
1752774161423 2.6703176498413086 26449
1752774172626 2.834035873413086 26499
1752774183834 2.43434476852417 26549
1752774212769 2.162863254547119 26599
1752774223976 3.40749192237854 26649
1752774235199 1.4228651523590088 26699
1752774246403 2.5922255516052246 26749
1752774257608 1.520363688468933 26799
1752774268773 2.1630749702453613 26849
1752774296956 2.051190137863159 26899
1752774308175 2.8700461387634277 26949
1752774319376 2.3393404483795166 26999
1752774330568 1.976501703262329 27049
1752774341779 1.7068185806274414 27099
1752774370166 2.2114367485046387 27149
1752774381362 2.641639471054077 27199
1752774392563 3.1013073921203613 27249
1752774403784 2.3477537631988525 27299
1752774415001 2.8668928146362305 27349
1752774426173 4.236258506774902 27399
