1752766573345 2.7953948974609375 49
1752766584389 2.4702272415161133 99
1752766595494 1.8963268995285034 149
1752766606600 1.8850430250167847 199
1752766617747 1.3515105247497559 249
1752766646771 2.1782989501953125 299
1752766657910 1.6586850881576538 349
1752766669058 1.1379356384277344 399
1752766680221 1.5765118598937988 449
1752766691398 1.7314344644546509 499
1752766720405 1.3541438579559326 549
1752766731573 0.9804428219795227 599
1752766742742 1.1274863481521606 649
1752766753902 1.2419910430908203 699
1752766765086 1.1297955513000488 749
1752766776269 0.8018290996551514 799
1752766805437 0.9074540734291077 849
1752766816570 1.2564866542816162 899
1752766827711 1.325368881225586 949
1752766838865 0.8625434637069702 999
1752766850056 0.8884365558624268 1049
1752766879130 0.8503450155258179 1099
1752766890312 1.242976188659668 1149
1752766901504 1.0378247499465942 1199
1752766912686 1.169695496559143 1249
1752766923878 0.6423819661140442 1299
1752766935055 0.9010131359100342 1349
1752766964386 1.1436278820037842 1399
1752766975567 0.6631633043289185 1449
1752766986747 0.9161814451217651 1499
1752766997930 0.7085505723953247 1549
1752767009121 0.4618951380252838 1599
1752767038228 0.8591153621673584 1649
1752767049390 0.9251250624656677 1699
1752767060570 0.8301987051963806 1749
1752767071761 0.6442255973815918 1799
1752767082955 0.437442421913147 1849
1752767094151 0.9737054705619812 1899
1752767122501 0.8928821682929993 1949
1752767133709 0.8729140162467957 1999
1752767144907 0.7028319835662842 2049
1752767156119 0.9646191596984863 2099
1752767167318 0.6054539680480957 2149
1752767196557 0.6713593602180481 2199
1752767207747 0.3831978440284729 2249
1752767218905 0.5555586814880371 2299
1752767230128 0.8207794427871704 2349
1752767241343 0.7566800713539124 2399
1752767252540 0.8542436361312866 2449
1752767281755 0.8299107551574707 2499
1752767292959 0.6666245460510254 2549
1752767304156 0.6819289922714233 2599
1752767315347 0.390496164560318 2649
1752767326557 0.6035387516021729 2699
1752767355530 0.7972928285598755 2749
1752767366706 0.6024709939956665 2799
1752767377911 0.8832652568817139 2849
1752767389104 0.5753638744354248 2899
1752767400306 0.7756797075271606 2949
1752767411520 0.5889594554901123 2999
1752767440702 0.5195503234863281 3049
1752767451915 0.6957612037658691 3099
1752767463115 0.5803070068359375 3149
1752767474326 0.3471551835536957 3199
1752767485541 0.4671689569950104 3249
1752767513829 0.556984007358551 3299
1752767525003 0.8181264400482178 3349
1752767536206 0.5016794800758362 3399
1752767547408 0.49008914828300476 3449
1752767558609 0.41218191385269165 3499
1752767569817 0.5774284601211548 3549
1752767599026 0.5586342811584473 3599
1752767610215 0.7166327238082886 3649
1752767621410 0.40278786420822144 3699
1752767632602 0.5906100273132324 3749
1752767643823 0.5086450576782227 3799
1752767673002 0.6492666602134705 3849
1752767684162 0.5007945895195007 3899
1752767695359 0.34509918093681335 3949
1752767706569 0.620137095451355 3999
1752767717783 0.5372639298439026 4049
1752767728989 0.46988898515701294 4099
1752767757352 0.4540848135948181 4149
1752767768529 0.628866970539093 4199
1752767779710 0.41878533363342285 4249
1752767790907 0.4880044460296631 4299
1752767802110 0.4735148549079895 4349
1752767831245 0.43533796072006226 4399
1752767842438 0.5873736143112183 4449
1752767853618 0.5685709714889526 4499
1752767864809 0.35748887062072754 4549
1752767876015 0.40091854333877563 4599
1752767887205 0.5375398397445679 4649
1752767915595 0.6165794134140015 4699
1752767926791 0.370292067527771 4749
1752767937976 0.45074647665023804 4799
1752767949170 0.4224260151386261 4849
1752767960379 0.782882034778595 4899
1752767989509 0.33435332775115967 4949
1752768000707 0.34303992986679077 4999
1752768011908 0.34096044301986694 5049
1752768023121 0.32840394973754883 5099
1752768034323 0.42880702018737793 5149
1752768045515 0.3756794035434723 5199
1752768074341 0.5845687389373779 5249
1752768085518 0.3944016695022583 5299
1752768096699 0.46149444580078125 5349
1752768107886 0.3373796343803406 5399
1752768119100 0.5016696453094482 5449
1752768147349 0.48955440521240234 5499
1752768158585 0.4810699224472046 5549
1752768169794 0.31594666838645935 5599
1752768180998 0.3066383898258209 5649
1752768192205 0.5435036420822144 5699
1752768203394 0.24633607268333435 5749
1752768231495 0.4171006977558136 5799
1752768242666 0.502845048904419 5849
1752768253858 0.3615623712539673 5899
1752768265045 0.30644768476486206 5949
1752768276231 0.43129444122314453 5999
1752768305358 0.39212802052497864 6049
1752768316555 0.3525259792804718 6099
1752768327751 0.41252732276916504 6149
1752768338919 0.360215425491333 6199
1752768350117 0.28884851932525635 6249
1752768361297 0.35656243562698364 6299
1752768389732 0.4441254436969757 6349
1752768400941 0.522546648979187 6399
1752768412147 0.3905068337917328 6449
1752768423331 0.30814826488494873 6499
1752768434545 0.36364197731018066 6549
1752768462681 0.21772119402885437 6599
1752768473894 0.47609490156173706 6649
1752768485079 0.32700294256210327 6699
1752768496277 0.2933148741722107 6749
1752768507470 0.6634809970855713 6799
1752768518643 0.276126503944397 6849
1752768547889 0.5603423118591309 6899
1752768559104 0.44522637128829956 6949
1752768570316 0.5565881133079529 6999
1752768581532 0.49740898609161377 7049
1752768592752 0.1878698766231537 7099
1752768621173 0.4075784385204315 7149
1752768632375 0.31697091460227966 7199
1752768643578 0.33741751313209534 7249
1752768654782 0.2803989350795746 7299
1752768665963 0.3013075590133667 7349
1752768695088 0.25522738695144653 7399
1752768706268 0.4829956889152527 7449
1752768717462 0.1654251515865326 7499
1752768728659 0.29992690682411194 7549
1752768739864 0.15669481456279755 7599
1752768751075 0.23148328065872192 7649
1752768779240 0.41973334550857544 7699
1752768790436 0.45488113164901733 7749
1752768801629 0.39077410101890564 7799
1752768812822 0.4449383020401001 7849
1752768824034 0.20824530720710754 7899
1752768853119 0.347614049911499 7949
1752768864308 0.3031551241874695 7999
1752768875517 0.2458905726671219 8049
1752768886698 0.37298014760017395 8099
1752768897893 0.305713415145874 8149
1752768909076 0.38987183570861816 8199
1752768938229 0.2215556651353836 8249
1752768949433 0.3931238353252411 8299
1752768960638 0.525259792804718 8349
1752768971834 0.33669915795326233 8399
1752768983021 0.30887970328330994 8449
1752769011423 0.33291125297546387 8499
1752769022611 0.54703688621521 8549
1752769033769 0.2949673533439636 8599
1752769044959 0.329595685005188 8649
1752769056164 0.4299478530883789 8699
1752769067360 0.4984568953514099 8749
1752769095670 0.35099637508392334 8799
1752769106872 0.3774659037590027 8849
1752769118068 0.3790441155433655 8899
1752769129277 0.2799178957939148 8949
1752769140478 0.20990639925003052 8999
1752769169580 0.3316754102706909 9049
1752769180767 0.28767287731170654 9099
1752769191959 0.2654884457588196 9149
1752769203149 0.2695058286190033 9199
1752769214338 0.306563138961792 9249
1752769225536 0.33834657073020935 9299
1752769253797 0.28821051120758057 9349
1752769265128 0.266851544380188 9399
1752769276335 0.25635603070259094 9449
1752769287536 0.3946600556373596 9499
1752769298741 0.25133007764816284 9549
1752769327685 0.22684894502162933 9599
1752769338878 0.31762540340423584 9649
1752769350068 0.19503065943717957 9699
1752769361278 0.3499777317047119 9749
1752769372474 0.15062889456748962 9799
1752769383676 0.2289814054965973 9849
1752769411968 0.31162193417549133 9899
1752769423192 0.2473413348197937 9949
1752769434395 0.3812202215194702 9999
1752769445609 0.249656543135643 10049
1752769456815 0.25172075629234314 10099
1752769485034 0.256296843290329 10149
1752769496198 0.2796400785446167 10199
1752769507392 0.20414426922798157 10249
1752769518592 0.21204696595668793 10299
1752769529807 0.3479389250278473 10349
1752769541018 0.2698062062263489 10399
1752769569451 0.45760929584503174 10449
1752769580651 0.2878330945968628 10499
1752769591878 0.22833198308944702 10549
1752769603081 0.5027182698249817 10599
1752769614281 0.3698558211326599 10649
1752769642672 0.1786375790834427 10699
1752769653873 0.30040276050567627 10749
1752769665068 0.22618894279003143 10799
1752769676259 0.3266707956790924 10849
1752769687450 0.2756596803665161 10899
1752769698635 0.2199220061302185 10949
1752769727704 0.22133061289787292 10999
1752769738908 0.24918553233146667 11049
1752769750107 0.3714226484298706 11099
1752769761312 0.4748038351535797 11149
1752769772517 0.3759881258010864 11199
1752769800775 0.35867008566856384 11249
1752769811974 0.19419607520103455 11299
1752769823185 0.2719428241252899 11349
1752769834392 0.16386544704437256 11399
1752769845581 0.400433748960495 11449
1752769856779 0.3262615203857422 11499
1752769884894 0.31112146377563477 11549
1752769896102 0.2749866247177124 11599
1752769907307 0.1720747947692871 11649
1752769918492 0.169080913066864 11699
1752769929717 0.3633684515953064 11749
1752769959135 0.29361844062805176 11799
1752769970338 0.39383363723754883 11849
1752769981537 0.28778547048568726 11899
1752769992721 0.16048844158649445 11949
1752770003924 0.41197407245635986 11999
1752770015125 0.30939778685569763 12049
1752770044275 0.20456212759017944 12099
1752770055498 0.4160081148147583 12149
1752770066717 0.3263455033302307 12199
1752770077926 0.3071169853210449 12249
1752770089126 0.32176676392555237 12299
1752770117389 0.4132342040538788 12349
1752770128589 0.19405093789100647 12399
1752770139786 0.24815063178539276 12449
1752770150998 0.3538748025894165 12499
1752770162188 0.22246628999710083 12549
1752770173336 0.36465737223625183 12599
1752770201773 0.5059078335762024 12649
1752770212975 0.28861844539642334 12699
1752770224164 0.24834267795085907 12749
1752770235348 0.3404570519924164 12799
1752770246552 0.2646386921405792 12849
1752770274917 0.298793226480484 12899
1752770286077 0.16306135058403015 12949
1752770297239 0.3015936613082886 12999
1752770308447 0.19725847244262695 13049
1752770319656 0.3659300208091736 13099
1752770330827 0.3221307694911957 13149
1752770359106 0.40436553955078125 13199
1752770370328 0.3612655997276306 13249
1752770381535 0.23150359094142914 13299
1752770392729 0.3566611409187317 13349
1752770403936 0.31621092557907104 13399
1752770433182 0.2109910547733307 13449
1752770444570 0.14183345437049866 13499
1752770455781 0.22817260026931763 13549
1752770466989 0.1821458339691162 13599
1752770478185 0.31871944665908813 13649
1752770489334 0.24339726567268372 13699
1752770517759 0.2995776832103729 13749
1752770528968 0.4296366572380066 13799
1752770540170 0.1764746904373169 13849
1752770551383 0.24398328363895416 13899
1752770562590 0.4438185691833496 13949
1752770590896 0.2930481433868408 13999
1752770602089 0.21865971386432648 14049
1752770613282 0.3074970245361328 14099
1752770624496 0.1705915927886963 14149
1752770635690 0.24613475799560547 14199
1752770663984 0.19580990076065063 14249
1752770675185 0.37420254945755005 14299
1752770686397 0.18571923673152924 14349
1752770697597 0.3022710680961609 14399
1752770708779 0.21948854625225067 14449
1752770719972 0.1627136766910553 14499
1752770749110 0.29764002561569214 14549
1752770760313 0.4070766568183899 14599
1752770771514 0.22091609239578247 14649
1752770782703 0.16686639189720154 14699
1752770793906 0.3128734230995178 14749
1752770823056 0.26199954748153687 14799
1752770834250 0.37572360038757324 14849
1752770845453 0.27573758363723755 14899
1752770856664 0.3897022604942322 14949
1752770867875 0.19608300924301147 14999
1752770879090 0.33979669213294983 15049
1752770907987 0.2101064771413803 15099
1752770919201 0.192110076546669 15149
1752770930411 0.21861186623573303 15199
1752770941619 0.2587486803531647 15249
1752770952806 0.4744640588760376 15299
1752770982048 0.15926498174667358 15349
1752770993254 0.17520684003829956 15399
1752771004411 0.25380900502204895 15449
1752771015592 0.5231227874755859 15499
1752771026793 0.16737788915634155 15549
1752771037994 0.13121800124645233 15599
1752771066217 0.312374085187912 15649
1752771077403 0.23772040009498596 15699
1752771088609 0.167597696185112 15749
1752771099804 0.4132649600505829 15799
1752771111003 0.14443030953407288 15849
1752771139293 0.1573987901210785 15899
1752771150488 0.17850160598754883 15949
1752771161696 0.3301655948162079 15999
1752771172920 0.20763839781284332 16049
1752771184127 0.36120426654815674 16099
1752771195339 0.27073782682418823 16149
1752771223730 0.26868873834609985 16199
1752771234913 0.21705262362957 16249
1752771246112 0.2824356257915497 16299
1752771257296 0.2737993597984314 16349
1752771268507 0.20302657783031464 16399
1752771296880 0.2222965508699417 16449
1752771308096 0.22936280071735382 16499
1752771319296 0.19055292010307312 16549
1752771330488 0.22066707909107208 16599
1752771341691 0.3695070147514343 16649
1752771352891 0.29080578684806824 16699
1752771381336 0.1707189679145813 16749
1752771392540 0.3018789291381836 16799
1752771403737 0.19738422334194183 16849
1752771414950 0.2195027470588684 16899
1752771426151 0.18493075668811798 16949
1752771454288 0.26688796281814575 16999
1752771465471 0.2080436497926712 17049
1752771476675 0.23631736636161804 17099
1752771487885 0.19938531517982483 17149
1752771499081 0.4059695601463318 17199
1752771510296 0.36401262879371643 17249
1752771538608 0.22456102073192596 17299
1752771549823 0.322136253118515 17349
1752771561026 0.1277855932712555 17399
1752771572372 0.3996778130531311 17449
1752771583608 0.3261891007423401 17499
1752771611814 0.26616209745407104 17549
1752771623018 0.1928863823413849 17599
1752771634220 0.42000940442085266 17649
1752771645439 0.22107668220996857 17699
1752771656640 0.3417729437351227 17749
1752771667846 0.3270845413208008 17799
1752771697124 0.44848984479904175 17849
1752771708329 0.2522556483745575 17899
1752771719534 0.198032408952713 17949
1752771730746 0.2146376669406891 17999
1752771741950 0.2889196574687958 18049
1752771771179 0.3042590916156769 18099
1752771782367 0.42703956365585327 18149
1752771793567 0.27786707878112793 18199
1752771804772 0.23207427561283112 18249
1752771815982 0.1421545445919037 18299
1752771827195 0.22665077447891235 18349
1752771855560 0.17469605803489685 18399
1752771866729 0.26316362619400024 18449
1752771877905 0.22497141361236572 18499
1752771889103 0.32376235723495483 18549
1752771900297 0.2966780960559845 18599
1752771928562 0.22056855261325836 18649
1752771939733 0.14991271495819092 18699
1752771950896 0.34758079051971436 18749
1752771962096 0.13143090903759003 18799
1752771973294 0.22366343438625336 18849
1752771984486 0.3821406364440918 18899
1752772013663 0.2622568607330322 18949
1752772024857 0.3100796937942505 18999
1752772036061 0.3214472532272339 19049
1752772047272 0.3015437126159668 19099
1752772058486 0.20317873358726501 19149
1752772086735 0.1466321051120758 19199
1752772097928 0.21874287724494934 19249
1752772109148 0.30353713035583496 19299
1752772120352 0.19488191604614258 19349
1752772131531 0.21500928699970245 19399
1752772142695 0.28701114654541016 19449
1752772170899 0.21102264523506165 19499
1752772182098 0.39250707626342773 19549
1752772193294 0.3332343101501465 19599
1752772204498 0.15162914991378784 19649
1752772215699 0.2404332160949707 19699
1752772244944 0.2512364089488983 19749
1752772256144 0.28981325030326843 19799
1752772267342 0.1533856987953186 19849
1752772278537 0.19982418417930603 19899
1752772289710 0.14390023052692413 19949
1752772300885 0.2473507523536682 19999
1752772329342 0.482494592666626 20049
1752772340535 0.3880046010017395 20099
1752772351725 0.2845333218574524 20149
1752772362927 0.14825008809566498 20199
1752772374130 0.21954555809497833 20249
1752772402475 0.14879795908927917 20299
1752772413672 0.11669512838125229 20349
1752772424878 0.16318711638450623 20399
1752772436088 0.2954864501953125 20449
1752772447288 0.17839163541793823 20499
1752772458469 0.23772580921649933 20549
1752772486960 0.16202497482299805 20599
1752772498126 0.3659543991088867 20649
1752772509292 0.18256200850009918 20699
1752772520450 0.2357068657875061 20749
1752772531617 0.5462398529052734 20799
1752772560781 0.2791944146156311 20849
1752772571982 0.2634763717651367 20899
1752772583164 0.14181402325630188 20949
1752772594364 0.1186724454164505 20999
1752772605560 0.5074729323387146 21049
1752772633822 0.2578262686729431 21099
1752772645037 0.3855730891227722 21149
1752772656250 0.3321533203125 21199
1752772667478 0.19433347880840302 21249
1752772678702 0.15351411700248718 21299
1752772689923 0.2987745702266693 21349
1752772718455 0.32844966650009155 21399
1752772729678 0.216216579079628 21449
1752772740880 0.14426490664482117 21499
1752772752086 0.28523117303848267 21549
1752772763299 0.2854677140712738 21599
1752772791542 0.24978220462799072 21649
1752772802747 0.19439931213855743 21699
1752772813954 0.25427934527397156 21749
1752772825155 0.16957589983940125 21799
1752772836359 0.28614339232444763 21849
1752772847576 0.3015903830528259 21899
1752772875875 0.20601879060268402 21949
1752772887071 0.24744698405265808 21999
1752772898255 0.16741147637367249 22049
1752772909450 0.17197167873382568 22099
1752772920655 0.26448166370391846 22149
1752772949096 0.3180357813835144 22199
1752772960285 0.21138404309749603 22249
1752772971483 0.27207961678504944 22299
1752772982695 0.2743048071861267 22349
1752772993890 0.3464832305908203 22399
1752773005071 0.18965677917003632 22449
1752773033206 0.24410480260849 22499
1752773044398 0.15019522607326508 22549
1752773055592 0.2668018937110901 22599
1752773066806 0.15858176350593567 22649
1752773078013 0.2645963430404663 22699
1752773106448 0.1950697898864746 22749
1752773117647 0.14185431599617004 22799
1752773128849 0.3245864510536194 22849
1752773140048 0.16529621183872223 22899
1752773151243 0.18090291321277618 22949
1752773162441 0.2974779009819031 22999
1752773191360 0.38874971866607666 23049
1752773202553 0.3187120854854584 23099
1752773213736 0.2623744010925293 23149
1752773224909 0.19534406065940857 23199
1752773236112 0.39640581607818604 23249
1752773264479 0.12330928444862366 23299
1752773275660 0.2258146107196808 23349
1752773286845 0.19970417022705078 23399
1752773298044 0.29699385166168213 23449
1752773309237 0.1285225749015808 23499
1752773320421 0.18426910042762756 23549
1752773348770 0.3033415675163269 23599
1752773359962 0.39409300684928894 23649
1752773371156 0.15846550464630127 23699
1752773382364 0.17660966515541077 23749
1752773393607 0.14708006381988525 23799
1752773422797 0.2283855527639389 23849
1752773433985 0.16043734550476074 23899
1752773445192 0.15607547760009766 23949
1752773456414 0.1866098940372467 23999
1752773467621 0.16435566544532776 24049
1752773478834 0.12720897793769836 24099
1752773507195 0.1705632507801056 24149
1752773518405 0.1779499351978302 24199
1752773529620 0.2518564462661743 24249
1752773540831 0.20559176802635193 24299
1752773552027 0.21393157541751862 24349
1752773580394 0.20981794595718384 24399
1752773591592 0.2814539670944214 24449
1752773602802 0.1299612820148468 24499
1752773614006 0.3016575276851654 24549
1752773625214 0.12792661786079407 24599
1752773636406 0.19079311192035675 24649
1752773665635 0.2957756519317627 24699
1752773676839 0.26600539684295654 24749
1752773688037 0.22822900116443634 24799
1752773699235 0.5100852251052856 24849
1752773710424 0.14037646353244781 24899
1752773738822 0.18961603939533234 24949
1752773750043 0.14945311844348907 24999
1752773761246 0.14212360978126526 25049
1752773772454 0.24808575212955475 25099
1752773783656 0.1775800585746765 25149
1752773794855 0.17868122458457947 25199
1752773823090 0.13863545656204224 25249
1752773834286 0.18323126435279846 25299
1752773845501 0.31369271874427795 25349
1752773856704 0.1054157093167305 25399
1752773867900 0.24948464334011078 25449
1752773896297 0.13279063999652863 25499
1752773907496 0.2653701603412628 25549
1752773918701 0.1829843521118164 25599
1752773929903 0.2482372671365738 25649
1752773941103 0.2383224070072174 25699
1752773952307 0.17286503314971924 25749
1752773980674 0.14946244657039642 25799
1752773991984 0.23730707168579102 25849
1752774003195 0.38216835260391235 25899
1752774014405 0.1457231044769287 25949
1752774025612 0.31904837489128113 25999
1752774054663 0.15333595871925354 26049
1752774065852 0.2584814131259918 26099
1752774077071 0.19599780440330505 26149
1752774088283 0.14177271723747253 26199
1752774099467 0.22100724279880524 26249
1752774110638 0.27490919828414917 26299
1752774139034 0.1890256404876709 26349
1752774150221 0.13865035772323608 26399
1752774161423 0.17988237738609314 26449
1752774172626 0.28179123997688293 26499
1752774183834 0.27247461676597595 26549
1752774212769 0.3414428234100342 26599
1752774223976 0.4194754660129547 26649
1752774235199 0.10228632390499115 26699
1752774246403 0.24396276473999023 26749
1752774257608 0.22123129665851593 26799
1752774268773 0.18413573503494263 26849
1752774296956 0.15657448768615723 26899
1752774308175 0.17436325550079346 26949
1752774319376 0.21216678619384766 26999
1752774330568 0.23521754145622253 27049
1752774341779 0.13112086057662964 27099
1752774370166 0.19080480933189392 27149
1752774381362 0.18483975529670715 27199
1752774392563 0.19581803679466248 27249
1752774403784 0.16348770260810852 27299
1752774415001 0.28728124499320984 27349
1752774426173 0.2862248122692108 27399
