1752766640108 277.6749267578125 273
1752766719108 262.0274658203125 547
1752766798293 248.9790496826172 821
1752766877304 237.25624084472656 1095
1752766956760 226.2355194091797 1369
1752767035954 215.4418487548828 1643
1752767114436 204.69827270507812 1917
1752767193823 193.86251831054688 2191
1752767273187 182.82073974609375 2465
1752767352339 171.27163696289062 2739
1752767431679 158.4039764404297 3013
1752767510202 145.8948974609375 3287
1752767589619 134.1676483154297 3561
1752767668947 123.02410888671875 3835
1752767747464 112.36566162109375 4109
1752767826806 102.35113525390625 4383
1752767905261 93.009521484375 4657
1752767984570 84.47573852539062 4931
1752768063066 77.03411102294922 5205
1752768141927 70.39363098144531 5479
1752768220351 64.53324890136719 5753
1752768299503 59.11779022216797 6027
1752768378060 54.07392120361328 6301
1752768456383 49.51400375366211 6575
1752768535768 45.48341369628906 6849
1752768614373 41.938507080078125 7123
1752768693684 38.87855529785156 7397
1752768772108 36.18829345703125 7671
1752768851301 33.912811279296875 7945
1752768930623 31.985658645629883 8219
1752769009152 30.348562240600586 8493
1752769087582 29.04786491394043 8767
1752769166873 28.013946533203125 9041
1752769245208 27.162731170654297 9315
1752769324509 26.39803123474121 9589
1752769402960 25.87367820739746 9863
1752769481396 25.400972366333008 10137
1752769560009 25.026519775390625 10411
1752769638607 24.64818572998047 10685
1752769717814 24.39052963256836 10959
1752769796279 24.15813636779785 11233
1752769874622 23.897241592407227 11507
1752769954224 23.667226791381836 11781
1752770033483 23.491010665893555 12055
1752770111993 23.308454513549805 12329
1752770190546 23.143901824951172 12603
1752770269103 22.976869583129883 12877
1752770347404 22.819133758544922 13151
1752770426871 22.707242965698242 13425
1752770505630 22.557992935180664 13699
1752770584160 22.452037811279297 13973
1752770662607 22.354379653930664 14247
1752770741945 22.279809951782227 14521
1752770821227 22.17945671081543 14795
1752770900410 22.067441940307617 15069
1752770979763 21.997238159179688 15343
1752771058109 21.92411994934082 15617
1752771136589 21.849824905395508 15891
1752771215227 21.80034828186035 16165
1752771293709 21.751049041748047 16439
1752771372311 21.69697380065918 16713
1752771450700 21.620372772216797 16987
1752771529158 21.559938430786133 17261
1752771607731 21.515926361083984 17535
1752771687212 21.48333740234375 17809
1752771766654 21.431575775146484 18083
1752771845282 21.384963989257812 18357
1752771923626 21.333444595336914 18631
1752772002909 21.29952621459961 18905
1752772081336 21.257564544677734 19179
1752772159669 21.212270736694336 19453
1752772239059 21.212379455566406 19727
1752772317697 21.17435073852539 20001
1752772396178 21.105308532714844 20275
1752772474810 21.093215942382812 20549
1752772554008 21.07632064819336 20823
1752772632466 21.078968048095703 21097
1752772711130 21.00491714477539 21371
1752772789771 21.02430534362793 21645
1752772868258 21.0042724609375 21919
1752772946824 20.972055435180664 22193
1752773025149 20.915000915527344 22467
1752773103797 20.88960838317871 22741
1752773182852 20.881853103637695 23015
1752773261299 20.859230041503906 23289
1752773339736 20.84229850769043 23563
1752773419136 20.83536720275879 23837
1752773497790 20.785810470581055 24111
1752773576325 20.76771354675293 24385
1752773655818 20.75147247314453 24659
1752773734330 20.77128028869629 24933
1752773812756 20.74378776550293 25207
1752773891333 20.71825408935547 25481
1752773969940 20.7276554107666 25755
1752774049271 20.70331573486328 26029
1752774127805 20.66274642944336 26303
1752774206970 20.67595863342285 26577
1752774285289 20.661865234375 26851
1752774363845 20.626110076904297 27125
1752774442236 20.63817024230957 27399
