1752766640108 11.539003372192383 273
1752766719108 5.766262054443359 547
1752766798293 5.145204544067383 821
1752766877304 4.747441291809082 1095
1752766956760 4.493343353271484 1369
1752767035954 4.3000335693359375 1643
1752767114436 4.173222064971924 1917
1752767193823 4.019958972930908 2191
1752767273187 3.8789734840393066 2465
1752767352339 3.813138008117676 2739
1752767431679 3.71049165725708 3013
1752767510202 3.6359946727752686 3287
1752767589619 3.550602674484253 3561
1752767668947 3.5161476135253906 3835
1752767747464 3.475135564804077 4109
1752767826806 3.4109370708465576 4383
1752767905261 3.367077589035034 4657
1752767984570 3.337158441543579 4931
1752768063066 3.356076717376709 5205
1752768141927 3.3227908611297607 5479
1752768220351 3.3317410945892334 5753
1752768299503 3.2421371936798096 6027
1752768378060 3.2121620178222656 6301
1752768456383 3.2708349227905273 6575
1752768535768 3.1869163513183594 6849
1752768614373 3.1694960594177246 7123
1752768693684 3.1411399841308594 7397
1752768772108 3.167957067489624 7671
1752768851301 3.0702855587005615 7945
1752768930623 3.0961756706237793 8219
1752769009152 3.0932276248931885 8493
1752769087582 3.0189831256866455 8767
1752769166873 2.9989137649536133 9041
1752769245208 2.9754090309143066 9315
1752769324509 2.999577045440674 9589
1752769402960 2.956584930419922 9863
1752769481396 2.989974021911621 10137
1752769560009 2.97882080078125 10411
1752769638607 2.9618277549743652 10685
1752769717814 2.954853057861328 10959
1752769796279 2.9359192848205566 11233
1752769874622 2.924448013305664 11507
1752769954224 2.9572224617004395 11781
1752770033483 2.960306167602539 12055
1752770111993 2.9737203121185303 12329
1752770190546 2.8949151039123535 12603
1752770269103 2.8894617557525635 12877
1752770347404 2.912753105163574 13151
1752770426871 2.9325811862945557 13425
1752770505630 2.897061586380005 13699
1752770584160 2.909912109375 13973
1752770662607 2.8926403522491455 14247
1752770741945 2.8829479217529297 14521
1752770821227 2.911095142364502 14795
1752770900410 2.8789281845092773 15069
1752770979763 2.849614381790161 15343
1752771058109 2.87778902053833 15617
1752771136589 2.845013380050659 15891
1752771215227 2.8600480556488037 16165
1752771293709 2.8714520931243896 16439
1752771372311 2.871469497680664 16713
1752771450700 2.858454465866089 16987
1752771529158 2.8685038089752197 17261
1752771607731 2.8208982944488525 17535
1752771687212 2.837951183319092 17809
1752771766654 2.796818971633911 18083
1752771845282 2.8295977115631104 18357
1752771923626 2.7973978519439697 18631
1752772002909 2.7864580154418945 18905
1752772081336 2.8050448894500732 19179
1752772159669 2.7916948795318604 19453
1752772239059 2.802269458770752 19727
1752772317697 2.8308258056640625 20001
1752772396178 2.7858564853668213 20275
1752772474810 2.818105697631836 20549
1752772554008 2.790039539337158 20823
1752772632466 2.790506362915039 21097
1752772711130 2.806783437728882 21371
1752772789771 2.78598952293396 21645
1752772868258 2.80782413482666 21919
1752772946824 2.7900543212890625 22193
1752773025149 2.7756364345550537 22467
1752773103797 2.7677597999572754 22741
1752773182852 2.7480363845825195 23015
1752773261299 2.748825788497925 23289
1752773339736 2.750520706176758 23563
1752773419136 2.7332773208618164 23837
1752773497790 2.7346842288970947 24111
1752773576325 2.7144742012023926 24385
1752773655818 2.7158284187316895 24659
1752773734330 2.7356033325195312 24933
1752773812756 2.729646921157837 25207
1752773891333 2.7089881896972656 25481
1752773969940 2.725111961364746 25755
1752774049271 2.714853048324585 26029
1752774127805 2.71742582321167 26303
1752774206970 2.6751701831817627 26577
1752774285289 2.72078537940979 26851
1752774363845 2.688638210296631 27125
1752774442236 2.708556890487671 27399
