1752766640108 2.4985978603363037 273
1752766719108 1.5141589641571045 547
1752766798293 1.209470510482788 821
1752766877304 1.0454031229019165 1095
1752766956760 0.9189366698265076 1369
1752767035954 0.8129794001579285 1643
1752767114436 0.7702065110206604 1917
1752767193823 0.706123948097229 2191
1752767273187 0.6608467698097229 2465
1752767352339 0.6277012228965759 2739
1752767431679 0.6009506583213806 3013
1752767510202 0.5764651298522949 3287
1752767589619 0.545680820941925 3561
1752767668947 0.5258759260177612 3835
1752767747464 0.49815770983695984 4109
1752767826806 0.4866076409816742 4383
1752767905261 0.453935444355011 4657
1752767984570 0.44555214047431946 4931
1752768063066 0.42199236154556274 5205
1752768141927 0.41392773389816284 5479
1752768220351 0.3831404745578766 5753
1752768299503 0.388294517993927 6027
1752768378060 0.3609756827354431 6301
1752768456383 0.3586139678955078 6575
1752768535768 0.34767743945121765 6849
1752768614373 0.33891162276268005 7123
1752768693684 0.34544551372528076 7397
1752768772108 0.33242860436439514 7671
1752768851301 0.3241262137889862 7945
1752768930623 0.30374547839164734 8219
1752769009152 0.319057434797287 8493
1752769087582 0.3067035973072052 8767
1752769166873 0.29910436272621155 9041
1752769245208 0.3050491213798523 9315
1752769324509 0.2930540144443512 9589
1752769402960 0.29082125425338745 9863
1752769481396 0.31940552592277527 10137
1752769560009 0.29494649171829224 10411
1752769638607 0.29391878843307495 10685
1752769717814 0.2907089293003082 10959
1752769796279 0.28560829162597656 11233
1752769874622 0.28230905532836914 11507
1752769954224 0.27827832102775574 11781
1752770033483 0.28045669198036194 12055
1752770111993 0.28737109899520874 12329
1752770190546 0.2734958827495575 12603
1752770269103 0.27331966161727905 12877
1752770347404 0.2654566168785095 13151
1752770426871 0.27268776297569275 13425
1752770505630 0.2727140784263611 13699
1752770584160 0.27242472767829895 13973
1752770662607 0.2693672478199005 14247
1752770741945 0.270796537399292 14521
1752770821227 0.2669762670993805 14795
1752770900410 0.2733646631240845 15069
1752770979763 0.26150643825531006 15343
1752771058109 0.2613581120967865 15617
1752771136589 0.26305097341537476 15891
1752771215227 0.25216737389564514 16165
1752771293709 0.2582744359970093 16439
1752771372311 0.24421659111976624 16713
1752771450700 0.2575511038303375 16987
1752771529158 0.2592898905277252 17261
1752771607731 0.2534414529800415 17535
1752771687212 0.24893219769001007 17809
1752771766654 0.2502606511116028 18083
1752771845282 0.2461417019367218 18357
1752771923626 0.24859048426151276 18631
1752772002909 0.2376994639635086 18905
1752772081336 0.2451108992099762 19179
1752772159669 0.24191395938396454 19453
1752772239059 0.23712049424648285 19727
1752772317697 0.2422359734773636 20001
1752772396178 0.247942715883255 20275
1752772474810 0.24484163522720337 20549
1752772554008 0.2354646921157837 20823
1752772632466 0.24148806929588318 21097
1752772711130 0.23701073229312897 21371
1752772789771 0.23208162188529968 21645
1752772868258 0.22516605257987976 21919
1752772946824 0.23993201553821564 22193
1752773025149 0.23888419568538666 22467
1752773103797 0.23783467710018158 22741
1752773182852 0.22955507040023804 23015
1752773261299 0.22282801568508148 23289
1752773339736 0.22411753237247467 23563
1752773419136 0.22235549986362457 23837
1752773497790 0.22085680067539215 24111
1752773576325 0.22887124121189117 24385
1752773655818 0.22221654653549194 24659
1752773734330 0.22203019261360168 24933
1752773812756 0.22240620851516724 25207
1752773891333 0.2194908708333969 25481
1752773969940 0.21516966819763184 25755
1752774049271 0.21685440838336945 26029
1752774127805 0.22314445674419403 26303
1752774206970 0.20788626372814178 26577
1752774285289 0.22260791063308716 26851
1752774363845 0.22049497067928314 27125
1752774442236 0.2150065153837204 27399
