1752756196142 0.0 49
1752756207142 0.0 99
1752756218147 0.0 149
1752756229160 0.0 199
1752756240225 0.0 249
1752756252132 0.0 299
1752756263250 0.0 349
1752756274353 0.0 399
1752756285487 0.0 449
1752756314737 0.0 499
1752756325837 0.0 549
1752756336972 0.0 599
1752756348118 0.0 649
1752756359244 0.0 699
1752756370380 0.0 749
1752756382332 0.0 799
1752756393518 0.0 849
1752756404665 0.0 899
1752756415835 0.0 949
1752756444988 0.0 999
1752756456129 0.0 1049
1752756467290 0.0 1099
1752756478447 0.0 1149
1752756489608 0.0 1199
1752756500768 0.0 1249
1752756512772 0.0 1299
1752756523935 0.0 1349
1752756535112 0.0 1399
