1752756196142 244.40797424316406 49
1752756207142 242.02874755859375 99
1752756218147 240.9217987060547 149
1752756229160 238.27548217773438 199
1752756240225 236.28395080566406 249
1752756252132 234.16835021972656 299
1752756263250 232.5115509033203 349
1752756274353 230.46221923828125 399
1752756285487 228.3184051513672 449
1752756314737 226.84564208984375 499
1752756325837 224.749755859375 549
1752756336972 222.12911987304688 599
1752756348118 220.63340759277344 649
1752756359244 218.2921142578125 699
1752756370380 216.91221618652344 749
1752756382332 214.60679626464844 799
1752756393518 212.05702209472656 849
1752756404665 210.6965789794922 899
1752756415835 208.27081298828125 949
1752756444988 206.84449768066406 999
1752756456129 204.73423767089844 1049
1752756467290 203.2325439453125 1099
1752756478447 201.3643798828125 1149
1752756489608 199.0762176513672 1199
1752756500768 196.69692993164062 1249
1752756512772 195.3440704345703 1299
1752756523935 194.04220581054688 1349
1752756535112 190.96937561035156 1399
