1752756196142 24.224857330322266 49
1752756207142 23.81790542602539 99
1752756218147 23.726242065429688 149
1752756229160 23.64312744140625 199
1752756240225 23.59039306640625 249
1752756252132 23.574291229248047 299
1752756263250 23.554988861083984 349
1752756274353 23.457443237304688 399
1752756285487 23.15121078491211 449
1752756314737 23.05554962158203 499
1752756325837 22.878225326538086 549
1752756336972 22.779016494750977 599
1752756348118 22.6932315826416 649
1752756359244 22.402109146118164 699
1752756370380 22.205890655517578 749
1752756382332 21.97948455810547 799
1752756393518 21.95929718017578 849
1752756404665 21.789539337158203 899
1752756415835 21.542678833007812 949
1752756444988 21.356372833251953 999
1752756456129 21.063608169555664 1049
1752756467290 20.80626678466797 1099
1752756478447 20.659210205078125 1149
1752756489608 20.403053283691406 1199
1752756500768 20.281265258789062 1249
1752756512772 19.987703323364258 1299
1752756523935 19.832672119140625 1349
1752756535112 19.778778076171875 1399
