1752756196142 231.4677734375 49
1752756207142 116.10945129394531 99
1752756218147 383.73809814453125 149
1752756229160 340.8114013671875 199
1752756240225 186.8635711669922 249
1752756252132 282.0345153808594 299
1752756263250 175.73721313476562 349
1752756274353 184.00027465820312 399
1752756285487 248.5375518798828 449
1752756314737 555.739501953125 499
1752756325837 351.6099548339844 549
1752756336972 326.93267822265625 599
1752756348118 503.145751953125 649
1752756359244 220.9518585205078 699
1752756370380 445.15838623046875 749
1752756382332 488.6476745605469 799
1752756393518 383.5936584472656 849
1752756404665 318.1199645996094 899
1752756415835 76.36439514160156 949
1752756444988 411.8245544433594 999
1752756456129 141.685791015625 1049
1752756467290 314.4527587890625 1099
1752756478447 489.21051025390625 1149
1752756489608 394.6691589355469 1199
1752756500768 600.3441162109375 1249
1752756512772 302.1758728027344 1299
1752756523935 521.0997924804688 1349
1752756535112 417.80328369140625 1399
