1752756196142 4.9453654289245605 49
1752756207142 4.818133354187012 99
1752756218147 4.321348190307617 149
1752756229160 4.896849155426025 199
1752756240225 4.961301803588867 249
1752756252132 4.545673370361328 299
1752756263250 3.995638847351074 349
1752756274353 3.4641292095184326 399
1752756285487 3.19589900970459 449
1752756314737 3.888627052307129 499
1752756325837 3.782904624938965 549
1752756336972 3.1759772300720215 599
1752756348118 3.8856749534606934 649
1752756359244 3.3354337215423584 699
1752756370380 3.5249733924865723 749
1752756382332 3.3739795684814453 799
1752756393518 3.692725658416748 849
1752756404665 3.0899815559387207 899
1752756415835 3.4698896408081055 949
1752756444988 3.5151803493499756 999
1752756456129 3.7763805389404297 1049
1752756467290 3.397728443145752 1099
1752756478447 3.231046199798584 1149
1752756489608 3.2718334197998047 1199
1752756500768 3.8089537620544434 1249
1752756512772 3.067256212234497 1299
1752756523935 3.114333391189575 1349
1752756535112 2.9437735080718994 1399
