1752844244849 0.0 49
1752844253633 0.0 99
1752844262433 0.0 149
1752844271217 0.0 199
1752844280058 0.0 249
1752844288932 0.0 299
1752844297778 0.0 349
1752844306642 0.0 399
1752844315495 0.0 449
1752844338890 0.0 494
1752844340525 0.0 494
1752844342322 1.0 499
1752844351147 1.0 549
1752844359979 1.0 599
1752844368846 1.0 649
1752844377703 1.0 699
1752844386562 1.0 749
1752844395433 1.0 799
1752844404296 1.0 849
1752844413175 1.0 899
1752844422041 1.0 949
1752844444595 1.0 989
1752844446451 1.0 989
1752844449107 2.0 999
1752844457962 2.0 1049
1752844466807 2.0 1099
1752844475648 2.0 1149
1752844484484 2.0 1199
1752844493342 2.0 1249
1752844502224 2.0 1299
1752844511101 2.0 1349
1752844519985 2.0 1399
1752844528849 2.0 1449
1752844550488 2.0 1484
1752844552383 2.0 1484
1752844555902 3.0 1499
1752844564758 3.0 1549
1752844573615 3.0 1599
1752844582456 3.0 1649
1752844591303 3.0 1699
1752844600150 3.0 1749
1752844609016 3.0 1799
1752844617902 3.0 1849
1752844626776 3.0 1899
1752844635759 3.0 1949
1752844656468 3.0 1979
1752844658277 3.0 1979
1752844662596 4.0 1999
1752844671450 4.0 2049
1752844680269 4.0 2099
1752844689136 4.0 2149
1752844698012 4.0 2199
1752844706889 4.0 2249
1752844715742 4.0 2299
1752844724627 4.0 2349
1752844733503 4.0 2399
1752844742370 4.0 2449
1752844762127 4.0 2474
1752844762977 4.0 2474
1752844768238 5.0 2499
1752844777095 5.0 2549
1752844785950 5.0 2599
1752844794826 5.0 2649
1752844803705 5.0 2699
1752844812587 5.0 2749
1752844821462 5.0 2799
1752844830340 5.0 2849
1752844839220 5.0 2899
1752844848098 5.0 2949
1752844866925 5.0 2969
1752844868854 5.0 2969
1752844875085 6.0 2999
1752844883944 6.0 3049
1752844892799 6.0 3099
1752844901688 6.0 3149
1752844910576 6.0 3199
1752844919452 6.0 3249
1752844928329 6.0 3299
1752844937241 6.0 3349
1752844946128 6.0 3399
1752844955014 6.0 3449
1752844973067 6.0 3464
1752844974893 6.0 3464
1752844981943 7.0 3499
1752844990795 7.0 3549
1752844999679 7.0 3599
1752845008566 7.0 3649
1752845017455 7.0 3699
1752845026332 7.0 3749
1752845035218 7.0 3799
1752845044124 7.0 3849
1752845053022 7.0 3899
1752845061939 7.0 3949
1752845079004 7.0 3959
1752845080689 7.0 3959
1752845088649 8.0 3999
1752845097509 8.0 4049
1752845106403 8.0 4099
1752845115278 8.0 4149
1752845124182 8.0 4199
1752845133052 8.0 4249
1752845141928 8.0 4299
1752845150815 8.0 4349
1752845159717 8.0 4399
1752845168609 8.0 4449
1752845184741 8.0 4454
1752845186613 8.0 4454
1752845195414 9.0 4499
1752845204279 9.0 4549
1752845213162 9.0 4599
1752845222065 9.0 4649
1752845230933 9.0 4699
1752845239808 9.0 4749
1752845248690 9.0 4799
1752845257558 9.0 4849
1752845266435 9.0 4899
1752845275312 9.0 4949
1752845290552 9.0 4949
1752845292442 9.0 4949
1752845302130 10.0 4999
1752845311012 10.0 5049
1752845319881 10.0 5099
1752845328777 10.0 5149
1752845337686 10.0 5199
1752845346568 10.0 5249
1752845355469 10.0 5299
1752845364365 10.0 5349
1752845373246 10.0 5399
1752845396456 10.0 5444
1752845397525 10.0 5444
1752845399262 11.0 5449
1752845408113 11.0 5499
1752845417002 11.0 5549
1752845425872 11.0 5599
1752845434771 11.0 5649
1752845443664 11.0 5699
1752845452586 11.0 5749
1752845461489 11.0 5799
1752845470384 11.0 5849
1752845479289 11.0 5899
1752845501779 11.0 5939
1752845503657 11.0 5939
1752845506272 12.0 5949
1752845515129 12.0 5999
1752845523997 12.0 6049
1752845532873 12.0 6099
1752845541754 12.0 6149
1752845550644 12.0 6199
1752845559538 12.0 6249
1752845568434 12.0 6299
1752845577317 12.0 6349
1752845586197 12.0 6399
1752845607688 12.0 6434
1752845609656 12.0 6434
1752845613118 13.0 6449
1752845622003 13.0 6499
1752845630889 13.0 6549
1752845639762 13.0 6599
1752845648637 13.0 6649
1752845657520 13.0 6699
1752845666403 13.0 6749
1752845675289 13.0 6799
1752845684190 13.0 6849
1752845693097 13.0 6899
1752845713822 13.0 6929
1752845715730 13.0 6929
1752845720066 14.0 6949
1752845728935 14.0 6999
1752845737807 14.0 7049
1752845746701 14.0 7099
1752845755569 14.0 7149
1752845764451 14.0 7199
1752845773331 14.0 7249
1752845782213 14.0 7299
1752845791123 14.0 7349
1752845800028 14.0 7399
1752845819710 14.0 7424
1752845820560 14.0 7424
1752845825862 15.0 7449
1752845834722 15.0 7499
1752845843598 15.0 7549
1752845852476 15.0 7599
1752845861375 15.0 7649
1752845870232 15.0 7699
1752845879119 15.0 7749
1752845888020 15.0 7799
1752845896934 15.0 7849
1752845905828 15.0 7899
1752845924642 15.0 7919
1752845925639 15.0 7919
1752845931828 16.0 7949
1752845940703 16.0 7999
1752845949599 16.0 8049
1752845958494 16.0 8099
1752845967395 16.0 8149
1752845976279 16.0 8199
1752845985172 16.0 8249
1752845994060 16.0 8299
1752846002963 16.0 8349
1752846011832 16.0 8399
1752846029644 16.0 8414
1752846031550 16.0 8414
1752846038624 17.0 8449
1752846047492 17.0 8499
1752846056377 17.0 8549
1752846065287 17.0 8599
1752846074178 17.0 8649
1752846083060 17.0 8699
1752846091947 17.0 8749
1752846100842 17.0 8799
1752846109735 17.0 8849
1752846118633 17.0 8899
1752846135765 17.0 8909
1752846137450 17.0 8909
1752846145362 18.0 8949
1752846154221 18.0 8999
1752846163112 18.0 9049
1752846171992 18.0 9099
1752846180885 18.0 9149
1752846189772 18.0 9199
1752846198668 18.0 9249
1752846207555 18.0 9299
1752846216449 18.0 9349
1752846225347 18.0 9399
1752846241571 18.0 9404
1752846243428 18.0 9404
1752846252221 19.0 9449
1752846261102 19.0 9499
1752846269991 19.0 9549
1752846278876 19.0 9599
1752846287776 19.0 9649
1752846296669 19.0 9699
1752846305585 19.0 9749
1752846314463 19.0 9799
1752846323348 19.0 9849
1752846332235 19.0 9899
1752846347601 19.0 9899
1752846348696 19.0 9899
1752846358436 20.0 9949
1752846367342 20.0 9999
1752846376221 20.0 10049
1752846385107 20.0 10099
1752846394000 20.0 10149
1752846402895 20.0 10199
1752846411794 20.0 10249
1752846420658 20.0 10299
1752846429542 20.0 10349
1752846452949 20.0 10394
1752846453850 20.0 10394
1752846455610 21.0 10399
1752846464464 21.0 10449
1752846473348 21.0 10499
1752846482228 21.0 10549
1752846491106 21.0 10599
1752846499989 21.0 10649
1752846508885 21.0 10699
1752846517753 21.0 10749
1752846526628 21.0 10799
1752846535525 21.0 10849
1752846558009 21.0 10889
1752846559843 21.0 10889
1752846562435 22.0 10899
1752846571306 22.0 10949
1752846580190 22.0 10999
1752846589115 22.0 11049
1752846598010 22.0 11099
1752846606908 22.0 11149
1752846615805 22.0 11199
1752846624697 22.0 11249
1752846633585 22.0 11299
1752846642491 22.0 11349
1752846664151 22.0 11384
1752846665142 22.0 11384
1752846668665 23.0 11399
1752846677535 23.0 11449
1752846686420 23.0 11499
1752846695301 23.0 11549
1752846704173 23.0 11599
1752846713082 23.0 11649
1752846722000 23.0 11699
1752846730920 23.0 11749
1752846739826 23.0 11799
1752846748733 23.0 11849
1752846769453 23.0 11879
1752846771441 23.0 11879
1752846775794 24.0 11899
1752846784680 24.0 11949
1752846793572 24.0 11999
1752846802483 24.0 12049
1752846811391 24.0 12099
1752846820288 24.0 12149
1752846829182 24.0 12199
1752846838078 24.0 12249
1752846847003 24.0 12299
1752846855898 24.0 12349
1752846875744 24.0 12374
1752846876591 24.0 12374
1752846881839 25.0 12399
1752846890686 25.0 12449
1752846899557 25.0 12499
1752846908452 25.0 12549
1752846917340 25.0 12599
1752846926236 25.0 12649
1752846935147 25.0 12699
1752846944031 25.0 12749
1752846952918 25.0 12799
1752846961818 25.0 12849
1752846980813 25.0 12869
1752846981671 25.0 12869
1752846987828 26.0 12899
1752846996678 26.0 12949
1752847005551 26.0 12999
1752847014439 26.0 13049
1752847023329 26.0 13099
1752847032220 26.0 13149
1752847041130 26.0 13199
1752847050047 26.0 13249
1752847058951 26.0 13299
1752847067844 26.0 13349
1752847085870 26.0 13364
1752847087821 26.0 13364
1752847094815 27.0 13399
1752847103696 27.0 13449
1752847112589 27.0 13499
1752847121499 27.0 13549
1752847130382 27.0 13599
1752847139285 27.0 13649
1752847148208 27.0 13699
1752847157120 27.0 13749
1752847166025 27.0 13799
1752847174932 27.0 13849
1752847191900 27.0 13859
1752847193745 27.0 13859
1752847201691 28.0 13899
1752847210579 28.0 13949
1752847219459 28.0 13999
1752847228330 28.0 14049
1752847237202 28.0 14099
1752847246096 28.0 14149
1752847254996 28.0 14199
1752847263907 28.0 14249
1752847272807 28.0 14299
1752847281702 28.0 14349
1752847297907 28.0 14354
1752847298921 28.0 14354
1752847307735 29.0 14399
1752847316621 29.0 14449
1752847325525 29.0 14499
1752847334424 29.0 14549
1752847343343 29.0 14599
1752847352243 29.0 14649
1752847361152 29.0 14699
1752847370059 29.0 14749
1752847378966 29.0 14799
1752847387871 29.0 14849
1752847403201 29.0 14849
1752847404073 29.0 14849
1752847413820 30.0 14899
1752847422718 30.0 14949
1752847431606 30.0 14999
1752847440507 30.0 15049
1752847449426 30.0 15099
1752847458321 30.0 15149
1752847467236 30.0 15199
1752847476158 30.0 15249
1752847485048 30.0 15299
1752847508258 30.0 15344
1752847509420 30.0 15344
1752847511193 31.0 15349
1752847520068 31.0 15399
1752847528961 31.0 15449
1752847537854 31.0 15499
1752847546750 31.0 15549
1752847555659 31.0 15599
1752847564559 31.0 15649
1752847573467 31.0 15699
1752847582356 31.0 15749
1752847591230 31.0 15799
1752847613746 31.0 15839
1752847615432 31.0 15839
1752847618005 32.0 15849
1752847626868 32.0 15899
1752847635754 32.0 15949
1752847644644 32.0 15999
1752847653528 32.0 16049
1752847662428 32.0 16099
1752847671328 32.0 16149
1752847680221 32.0 16199
1752847689110 32.0 16249
1752847697996 32.0 16299
1752847719590 32.0 16334
1752847721426 32.0 16334
1752847724948 33.0 16349
1752847733837 33.0 16399
1752847742702 33.0 16449
1752847751577 33.0 16499
1752847760456 33.0 16549
1752847769336 33.0 16599
1752847778216 33.0 16649
1752847787105 33.0 16699
1752847796001 33.0 16749
1752847804906 33.0 16799
1752847825536 33.0 16829
1752847826676 33.0 16829
1752847831007 34.0 16849
1752847839901 34.0 16899
1752847848775 34.0 16949
1752847857659 34.0 16999
1752847866564 34.0 17049
1752847875457 34.0 17099
1752847884331 34.0 17149
1752847893207 34.0 17199
1752847902102 34.0 17249
1752847911142 34.0 17299
1752847931033 34.0 17324
1752847931976 34.0 17324
1752847937233 35.0 17349
1752847946144 35.0 17399
1752847955026 35.0 17449
1752847963917 35.0 17499
1752847972811 35.0 17549
1752847981708 35.0 17599
1752847990608 35.0 17649
1752847999499 35.0 17699
1752848008391 35.0 17749
1752848017274 35.0 17799
1752848036117 35.0 17819
1752848037962 35.0 17819
1752848044142 36.0 17849
1752848053006 36.0 17899
1752848061892 36.0 17949
1752848070808 36.0 17999
1752848079716 36.0 18049
1752848088617 36.0 18099
1752848097523 36.0 18149
1752848106445 36.0 18199
1752848115330 36.0 18249
1752848124229 36.0 18299
1752848142072 36.0 18314
1752848142926 36.0 18314
1752848149951 37.0 18349
1752848158844 37.0 18399
1752848167728 37.0 18449
1752848176616 37.0 18499
1752848185527 37.0 18549
1752848194444 37.0 18599
1752848203336 37.0 18649
1752848212239 37.0 18699
1752848221142 37.0 18749
1752848230033 37.0 18799
1752848247132 37.0 18809
1752848248923 37.0 18809
1752848256860 38.0 18849
1752848265744 38.0 18899
1752848274632 38.0 18949
1752848283536 38.0 18999
1752848292437 38.0 19049
1752848301329 38.0 19099
1752848310217 38.0 19149
1752848319094 38.0 19199
1752848327983 38.0 19249
1752848336884 38.0 19299
1752848353162 38.0 19304
1752848354014 38.0 19304
1752848362829 39.0 19349
1752848371723 39.0 19399
1752848380615 39.0 19449
1752848389510 39.0 19499
1752848398404 39.0 19549
1752848407294 39.0 19599
1752848416171 39.0 19649
1752848425072 39.0 19699
1752848433958 39.0 19749
1752848442850 39.0 19799
1752848458179 39.0 19799
1752848460071 39.0 19799
1752848469809 40.0 19849
1752848478689 40.0 19899
1752848487581 40.0 19949
1752848496490 40.0 19999
1752848505390 40.0 20049
1752848514277 40.0 20099
1752848523169 40.0 20149
1752848532078 40.0 20199
1752848540974 40.0 20249
1752848564220 40.0 20294
1752848565072 40.0 20294
1752848566767 41.0 20299
1752848575659 41.0 20349
1752848584553 41.0 20399
1752848593461 41.0 20449
1752848602361 41.0 20499
1752848611262 41.0 20549
1752848620157 41.0 20599
1752848629058 41.0 20649
1752848637954 41.0 20699
1752848646855 41.0 20749
1752848669348 41.0 20789
1752848671036 41.0 20789
1752848673643 42.0 20799
1752848682528 42.0 20849
1752848691394 42.0 20899
1752848700280 42.0 20949
1752848709184 42.0 20999
1752848718079 42.0 21049
1752848726972 42.0 21099
1752848735875 42.0 21149
1752848744768 42.0 21199
1752848753658 42.0 21249
1752848775173 42.0 21284
1752848776251 42.0 21284
1752848779711 43.0 21299
1752848788593 43.0 21349
1752848797475 43.0 21399
1752848806371 43.0 21449
1752848815264 43.0 21499
1752848824157 43.0 21549
1752848833058 43.0 21599
1752848841950 43.0 21649
1752848850839 43.0 21699
1752848859744 43.0 21749
1752848880489 43.0 21779
1752848881372 43.0 21779
1752848885801 44.0 21799
1752848894690 44.0 21849
1752848903570 44.0 21899
1752848912482 44.0 21949
1752848921371 44.0 21999
1752848930266 44.0 22049
1752848939145 44.0 22099
1752848948020 44.0 22149
1752848956934 44.0 22199
1752848965830 44.0 22249
1752848985574 44.0 22274
1752848986385 44.0 22274
1752848991690 45.0 22299
1752849000579 45.0 22349
1752849009457 45.0 22399
1752849018361 45.0 22449
1752849027271 45.0 22499
1752849036170 45.0 22549
1752849045082 45.0 22599
1752849053996 45.0 22649
1752849062884 45.0 22699
1752849071776 45.0 22749
1752849090701 45.0 22769
1752849091693 45.0 22769
1752849097903 46.0 22799
1752849106782 46.0 22849
1752849115673 46.0 22899
1752849124561 46.0 22949
1752849133459 46.0 22999
1752849142332 46.0 23049
1752849151224 46.0 23099
1752849160103 46.0 23149
1752849168994 46.0 23199
1752849177906 46.0 23249
1752849195902 46.0 23264
1752849196756 46.0 23264
1752849204075 47.0 23299
1752849212964 47.0 23349
1752849221859 47.0 23399
1752849230755 47.0 23449
1752849239670 47.0 23499
1752849248577 47.0 23549
1752849257468 47.0 23599
1752849266362 47.0 23649
1752849275262 47.0 23699
1752849284142 47.0 23749
1752849301352 47.0 23759
1752849302225 47.0 23759
1752849310146 48.0 23799
1752849319030 48.0 23849
1752849327911 48.0 23899
1752849336791 48.0 23949
1752849345685 48.0 23999
1752849354572 48.0 24049
1752849363463 48.0 24099
1752849372349 48.0 24149
1752849381248 48.0 24199
1752849390156 48.0 24249
1752849406439 48.0 24254
1752849407304 48.0 24254
1752849416141 49.0 24299
1752849425031 49.0 24349
1752849433907 49.0 24399
1752849442802 49.0 24449
1752849451692 49.0 24499
1752849460574 49.0 24549
1752849469469 49.0 24599
1752849478366 49.0 24649
1752849487266 49.0 24699
1752849496149 49.0 24749
1752849511951 49.0 24749
1752849513792 49.0 24749
1752849523491 50.0 24799
1752849532382 50.0 24849
1752849541273 50.0 24899
1752849550174 50.0 24949
1752849559068 50.0 24999
1752849567964 50.0 25049
1752849576850 50.0 25099
1752849585747 50.0 25149
1752849594640 50.0 25199
1752849617993 50.0 25244
1752849619936 50.0 25244
1752849621623 51.0 25249
1752849630503 51.0 25299
1752849639380 51.0 25349
1752849648278 51.0 25399
1752849657187 51.0 25449
1752849666101 51.0 25499
1752849674986 51.0 25549
1752849683867 51.0 25599
1752849692760 51.0 25649
1752849701655 51.0 25699
1752849724062 51.0 25739
1752849724993 51.0 25739
1752849727634 52.0 25749
1752849736535 52.0 25799
1752849745429 52.0 25849
1752849754326 52.0 25899
1752849763232 52.0 25949
1752849772150 52.0 25999
1752849781068 52.0 26049
1752849789963 52.0 26099
1752849798854 52.0 26149
1752849807740 52.0 26199
1752849829420 52.0 26234
1752849830273 52.0 26234
1752849833762 53.0 26249
1752849842653 53.0 26299
1752849851553 53.0 26349
1752849860451 53.0 26399
1752849869333 53.0 26449
1752849878221 53.0 26499
1752849887123 53.0 26549
1752849896041 53.0 26599
1752849904946 53.0 26649
1752849913834 53.0 26699
1752849934443 53.0 26729
1752849935463 53.0 26729
1752849939846 54.0 26749
1752849948745 54.0 26799
1752849957644 54.0 26849
1752849966536 54.0 26899
1752849975434 54.0 26949
1752849984331 54.0 26999
1752849993219 54.0 27049
1752850002114 54.0 27099
1752850011002 54.0 27149
1752850019889 54.0 27199
1752850039642 54.0 27224
1752850040504 54.0 27224
1752850045808 55.0 27249
1752850054711 55.0 27299
1752850063596 55.0 27349
1752850072500 55.0 27399
1752850081402 55.0 27449
1752850090295 55.0 27499
1752850099194 55.0 27549
1752850108099 55.0 27599
1752850116998 55.0 27649
1752850125878 55.0 27699
1752850144777 55.0 27719
1752850145925 55.0 27719
1752850152045 56.0 27749
1752850160934 56.0 27799
1752850169813 56.0 27849
1752850178693 56.0 27899
1752850187585 56.0 27949
1752850196482 56.0 27999
1752850205370 56.0 28049
1752850214256 56.0 28099
1752850223151 56.0 28149
1752850232050 56.0 28199
1752850250054 56.0 28214
1752850251001 56.0 28214
1752850258096 57.0 28249
1752850266970 57.0 28299
1752850275872 57.0 28349
1752850284767 57.0 28399
1752850293648 57.0 28449
1752850302543 57.0 28499
1752850311445 57.0 28549
1752850320329 57.0 28599
1752850329207 57.0 28649
1752850338088 57.0 28699
1752850355134 57.0 28709
1752850355987 57.0 28709
1752850363902 58.0 28749
1752850372793 58.0 28799
1752850381661 58.0 28849
1752850390533 58.0 28899
1752850399422 58.0 28949
1752850408312 58.0 28999
1752850417222 58.0 29049
1752850426252 58.0 29099
1752850435134 58.0 29149
1752850444024 58.0 29199
1752850460191 58.0 29204
1752850461249 58.0 29204
1752850470051 59.0 29249
1752850478939 59.0 29299
1752850487826 59.0 29349
1752850496709 59.0 29399
1752850505630 59.0 29449
1752850514539 59.0 29499
1752850523459 59.0 29549
1752850532363 59.0 29599
1752850541263 59.0 29649
1752850550163 59.0 29699
1752850565569 59.0 29699
1752850566423 59.0 29699
1752850576141 60.0 29749
1752850585039 60.0 29799
1752850593931 60.0 29849
1752850602823 60.0 29899
1752850611690 60.0 29949
1752850620573 60.0 29999
1752850629475 60.0 30049
1752850638376 60.0 30099
1752850647279 60.0 30149
1752850670639 60.0 30194
1752850671498 60.0 30194
1752850673272 61.0 30199
1752850682124 61.0 30249
1752850690993 61.0 30299
1752850699872 61.0 30349
1752850708755 61.0 30399
1752850717671 61.0 30449
1752850726576 61.0 30499
1752850735464 61.0 30549
1752850744346 61.0 30599
1752850753235 61.0 30649
1752850775767 61.0 30689
1752850777650 61.0 30689
1752850780265 62.0 30699
1752850789136 62.0 30749
1752850798020 62.0 30799
1752850806894 62.0 30849
1752850815791 62.0 30899
1752850824689 62.0 30949
1752850833593 62.0 30999
1752850842486 62.0 31049
1752850851364 62.0 31099
1752850860254 62.0 31149
1752850881866 62.0 31184
1752850882956 62.0 31184
1752850886493 63.0 31199
1752850895378 63.0 31249
1752850904265 63.0 31299
1752850913156 63.0 31349
1752850922061 63.0 31399
1752850930957 63.0 31449
1752850939860 63.0 31499
1752850948776 63.0 31549
1752850957682 63.0 31599
1752850966570 63.0 31649
1752850987213 63.0 31679
1752850988900 63.0 31679
1752850993229 64.0 31699
1752851002114 64.0 31749
1752851010999 64.0 31799
1752851019892 64.0 31849
1752851028795 64.0 31899
1752851037691 64.0 31949
1752851046589 64.0 31999
1752851055482 64.0 32049
1752851064370 64.0 32099
1752851073281 64.0 32149
1752851093060 64.0 32174
1752851094049 64.0 32174
1752851099348 65.0 32199
1752851108222 65.0 32249
1752851117090 65.0 32299
1752851125986 65.0 32349
1752851134907 65.0 32399
1752851143807 65.0 32449
1752851152699 65.0 32499
1752851161590 65.0 32549
1752851170481 65.0 32599
1752851179382 65.0 32649
1752851198334 65.0 32669
1752851200219 65.0 32669
1752851206404 66.0 32699
1752851215294 66.0 32749
1752851224177 66.0 32799
1752851233067 66.0 32849
1752851241963 66.0 32899
1752851250843 66.0 32949
1752851259723 66.0 32999
1752851268611 66.0 33049
1752851277487 66.0 33099
1752851286364 66.0 33149
1752851304386 66.0 33164
1752851305280 66.0 33164
1752851312335 67.0 33199
1752851321222 67.0 33249
1752851330097 67.0 33299
1752851338995 67.0 33349
1752851347891 67.0 33399
1752851356802 67.0 33449
1752851365682 67.0 33499
1752851374577 67.0 33549
1752851383478 67.0 33599
1752851392360 67.0 33649
1752851409579 67.0 33659
1752851410431 67.0 33659
1752851418402 68.0 33699
1752851427291 68.0 33749
1752851436183 68.0 33799
1752851445091 68.0 33849
1752851453976 68.0 33899
1752851462863 68.0 33949
1752851471757 68.0 33999
1752851480655 68.0 34049
1752851489547 68.0 34099
1752851498435 68.0 34149
1752851514781 68.0 34154
1752851516479 68.0 34154
1752851525309 69.0 34199
1752851534178 69.0 34249
1752851543059 69.0 34299
1752851551937 69.0 34349
1752851560818 69.0 34399
1752851569685 69.0 34449
1752851578558 69.0 34499
1752851587426 69.0 34549
1752851596306 69.0 34599
1752851605183 69.0 34649
1752851620705 69.0 34649
1752851622783 69.0 34649
1752851632447 70.0 34699
1752851641349 70.0 34749
1752851650260 70.0 34799
1752851659173 70.0 34849
1752851668058 70.0 34899
1752851676957 70.0 34949
1752851685861 70.0 34999
1752851694746 70.0 35049
1752851703656 70.0 35099
1752851727032 70.0 35144
1752851727887 70.0 35144
1752851729635 71.0 35149
1752851738512 71.0 35199
1752851747414 71.0 35249
1752851756328 71.0 35299
1752851765246 71.0 35349
1752851774150 71.0 35399
1752851783069 71.0 35449
1752851791980 71.0 35499
1752851800887 71.0 35549
1752851809803 71.0 35599
1752851832154 71.0 35639
1752851833180 71.0 35639
1752851835815 72.0 35649
1752851844694 72.0 35699
1752851853595 72.0 35749
1752851862495 72.0 35799
1752851871393 72.0 35849
1752851880293 72.0 35899
1752851889187 72.0 35949
1752851898075 72.0 35999
1752851906959 72.0 36049
1752851915845 72.0 36099
1752851937430 72.0 36134
1752851938281 72.0 36134
1752851941768 73.0 36149
1752851950664 73.0 36199
1752851959563 73.0 36249
1752851968468 73.0 36299
1752851977371 73.0 36349
1752851986288 73.0 36399
1752851995208 73.0 36449
1752852004115 73.0 36499
1752852013008 73.0 36549
1752852021922 73.0 36599
1752852042541 73.0 36629
1752852043395 73.0 36629
1752852047739 74.0 36649
1752852056629 74.0 36699
1752852065532 74.0 36749
1752852074432 74.0 36799
1752852083346 74.0 36849
1752852092244 74.0 36899
1752852101148 74.0 36949
1752852110061 74.0 36999
1752852118961 74.0 37049
1752852127853 74.0 37099
1752852147720 74.0 37124
1752852149477 74.0 37124
1752852154813 75.0 37149
1752852163694 75.0 37199
1752852172569 75.0 37249
1752852181467 75.0 37299
1752852190349 75.0 37349
1752852199225 75.0 37399
1752852208099 75.0 37449
1752852216978 75.0 37499
1752852225880 75.0 37549
1752852234781 75.0 37599
1752852253603 75.0 37619
1752852254592 75.0 37619
1752852260713 76.0 37649
1752852269593 76.0 37699
1752852278472 76.0 37749
1752852287384 76.0 37799
1752852296276 76.0 37849
1752852305186 76.0 37899
1752852314096 76.0 37949
1752852322986 76.0 37999
1752852331868 76.0 38049
1752852340756 76.0 38099
1752852358845 76.0 38114
1752852359702 76.0 38114
1752852366738 77.0 38149
1752852375609 77.0 38199
1752852384505 77.0 38249
1752852393408 77.0 38299
1752852402324 77.0 38349
1752852411201 77.0 38399
1752852420102 77.0 38449
1752852428980 77.0 38499
1752852437877 77.0 38549
1752852446765 77.0 38599
1752852463883 77.0 38609
1752852464740 77.0 38609
1752852472684 78.0 38649
1752852481584 78.0 38699
1752852490481 78.0 38749
1752852499377 78.0 38799
1752852508254 78.0 38849
1752852517153 78.0 38899
1752852526042 78.0 38949
1752852534932 78.0 38999
1752852543837 78.0 39049
1752852552735 78.0 39099
1752852568895 78.0 39104
1752852569845 78.0 39104
1752852578662 79.0 39149
1752852587558 79.0 39199
1752852596466 79.0 39249
1752852605367 79.0 39299
1752852614272 79.0 39349
1752852623187 79.0 39399
1752852632096 79.0 39449
1752852640989 79.0 39499
1752852649901 79.0 39549
1752852658793 79.0 39599
1752852674104 79.0 39599
1752852674954 79.0 39599
1752852684706 80.0 39649
1752852693610 80.0 39699
1752852702516 80.0 39749
1752852711414 80.0 39799
1752852720307 80.0 39849
1752852729230 80.0 39899
1752852738127 80.0 39949
1752852747033 80.0 39999
1752852755937 80.0 40049
1752852779290 80.0 40094
1752852780369 80.0 40094
1752852782160 81.0 40099
1752852791044 81.0 40149
1752852799958 81.0 40199
1752852808867 81.0 40249
1752852817782 81.0 40299
1752852826713 81.0 40349
1752852835621 81.0 40399
1752852844518 81.0 40449
1752852853424 81.0 40499
1752852862328 81.0 40549
1752852884746 81.0 40589
1752852885627 81.0 40589
1752852888257 82.0 40599
1752852897125 82.0 40649
1752852906015 82.0 40699
1752852914908 82.0 40749
1752852923808 82.0 40799
1752852932721 82.0 40849
1752852941753 82.0 40899
1752852950648 82.0 40949
1752852959545 82.0 40999
1752852968458 82.0 41049
1752852989989 82.0 41084
1752852991770 82.0 41084
1752852995258 83.0 41099
1752853004145 83.0 41149
1752853013018 83.0 41199
1752853021918 83.0 41249
1752853030832 83.0 41299
1752853039744 83.0 41349
1752853048653 83.0 41399
1752853057561 83.0 41449
1752853066451 83.0 41499
1752853075350 83.0 41549
1752853096021 83.0 41579
1752853097911 83.0 41579
1752853102271 84.0 41599
1752853111150 84.0 41649
1752853120046 84.0 41699
1752853128937 84.0 41749
1752853137836 84.0 41799
1752853146727 84.0 41849
1752853155621 84.0 41899
1752853164533 84.0 41949
1752853173420 84.0 41999
1752853182311 84.0 42049
1752853202142 84.0 42074
1752853203008 84.0 42074
1752853208298 85.0 42099
1752853217195 85.0 42149
1752853226078 85.0 42199
1752853234966 85.0 42249
1752853243869 85.0 42299
1752853252758 85.0 42349
1752853261640 85.0 42399
1752853270525 85.0 42449
1752853279431 85.0 42499
1752853288328 85.0 42549
1752853307328 85.0 42569
1752853308180 85.0 42569
1752853314376 86.0 42599
1752853323262 86.0 42649
1752853332158 86.0 42699
1752853341060 86.0 42749
1752853349971 86.0 42799
1752853358871 86.0 42849
1752853367772 86.0 42899
1752853376659 86.0 42949
1752853385571 86.0 42999
1752853394476 86.0 43049
1752853412497 86.0 43064
1752853414365 86.0 43064
1752853421402 87.0 43099
1752853430289 87.0 43149
1752853439178 87.0 43199
1752853448080 87.0 43249
1752853456985 87.0 43299
1752853465895 87.0 43349
1752853474792 87.0 43399
1752853483685 87.0 43449
1752853492576 87.0 43499
1752853501470 87.0 43549
1752853518636 87.0 43559
1752853519711 87.0 43559
1752853527593 88.0 43599
1752853536465 88.0 43649
1752853545352 88.0 43699
1752853554252 88.0 43749
1752853563150 88.0 43799
1752853572035 88.0 43849
1752853580941 88.0 43899
1752853589847 88.0 43949
1752853598738 88.0 43999
1752853607643 88.0 44049
1752853623876 88.0 44054
1752853624774 88.0 44054
1752853633605 89.0 44099
1752853642490 89.0 44149
1752853651383 89.0 44199
1752853660290 89.0 44249
1752853669171 89.0 44299
1752853678074 89.0 44349
1752853686985 89.0 44399
1752853695882 89.0 44449
1752853704774 89.0 44499
1752853713709 89.0 44549
1752853729067 89.0 44549
1752853729917 89.0 44549
1752853739644 90.0 44599
1752853748551 90.0 44649
1752853757447 90.0 44699
1752853766344 90.0 44749
1752853775245 90.0 44799
1752853784140 90.0 44849
1752853793023 90.0 44899
1752853801909 90.0 44949
1752853810823 90.0 44999
1752853834147 90.0 45044
1752853835001 90.0 45044
1752853836740 91.0 45049
1752853845624 91.0 45099
1752853854536 91.0 45149
1752853863439 91.0 45199
1752853872349 91.0 45249
1752853881260 91.0 45299
1752853890152 91.0 45349
1752853899079 91.0 45399
1752853908002 91.0 45449
1752853916915 91.0 45499
1752853939287 91.0 45539
1752853940148 91.0 45539
1752853942793 92.0 45549
1752853951666 92.0 45599
1752853960560 92.0 45649
1752853969590 92.0 45699
1752853978489 92.0 45749
1752853987376 92.0 45799
1752853996252 92.0 45849
1752854005153 92.0 45899
1752854014043 92.0 45949
1752854022940 92.0 45999
1752854044565 92.0 46034
1752854045686 92.0 46034
1752854049191 93.0 46049
1752854058089 93.0 46099
1752854066997 93.0 46149
1752854075898 93.0 46199
1752854084804 93.0 46249
1752854093724 93.0 46299
1752854102637 93.0 46349
1752854111539 93.0 46399
1752854120451 93.0 46449
1752854129371 93.0 46499
1752854150103 93.0 46529
1752854151934 93.0 46529
1752854156294 94.0 46549
1752854165186 94.0 46599
1752854174083 94.0 46649
1752854182966 94.0 46699
1752854191860 94.0 46749
1752854200773 94.0 46799
1752854209676 94.0 46849
1752854218576 94.0 46899
1752854227496 94.0 46949
1752854236408 94.0 46999
1752854256310 94.0 47024
1752854257327 94.0 47024
1752854262649 95.0 47049
1752854271532 95.0 47099
1752854280420 95.0 47149
1752854289311 95.0 47199
1752854298202 95.0 47249
1752854307094 95.0 47299
1752854315992 95.0 47349
1752854324891 95.0 47399
1752854333796 95.0 47449
1752854342693 95.0 47499
1752854361627 95.0 47519
1752854362461 95.0 47519
1752854368678 96.0 47549
1752854377584 96.0 47599
1752854386473 96.0 47649
1752854395368 96.0 47699
1752854404246 96.0 47749
1752854413146 96.0 47799
1752854422035 96.0 47849
1752854430943 96.0 47899
1752854439862 96.0 47949
1752854448776 96.0 47999
1752854466854 96.0 48014
1752854467992 96.0 48014
1752854475063 97.0 48049
1752854483962 97.0 48099
1752854492854 97.0 48149
1752854501754 97.0 48199
1752854510667 97.0 48249
1752854519574 97.0 48299
1752854528470 97.0 48349
1752854537394 97.0 48399
1752854546298 97.0 48449
1752854555197 97.0 48499
1752854572408 97.0 48509
1752854573276 97.0 48509
1752854581187 98.0 48549
1752854590078 98.0 48599
1752854598966 98.0 48649
1752854607875 98.0 48699
1752854616767 98.0 48749
1752854625674 98.0 48799
1752854634569 98.0 48849
1752854643463 98.0 48899
1752854652371 98.0 48949
1752854661282 98.0 48999
1752854677615 98.0 49004
1752854678467 98.0 49004
1752854687259 99.0 49049
1752854696162 99.0 49099
1752854705043 99.0 49149
1752854713949 99.0 49199
1752854722867 99.0 49249
1752854731778 99.0 49299
1752854740689 99.0 49349
1752854749585 99.0 49399
1752854758475 99.0 49449
1752854767381 99.0 49499
1752854782783 99.0 49499
1752854783639 99.0 49499
