1752844340525 24.967620849609375 494
1752844446451 23.334583282470703 989
1752844552383 21.34307861328125 1484
1752844658277 19.146949768066406 1979
1752844762977 16.904226303100586 2474
1752844868854 14.80024242401123 2969
1752844974893 12.766189575195312 3464
1752845080689 10.881650924682617 3959
1752845186613 9.163859367370605 4454
1752845292442 7.733838081359863 4949
1752845397525 6.5254034996032715 5444
1752845503657 5.458409786224365 5939
1752845609656 4.543269634246826 6434
1752845715730 3.7799313068389893 6929
1752845820560 3.1599159240722656 7424
1752845925639 2.6834936141967773 7919
1752846031550 2.3040661811828613 8414
1752846137450 2.0123162269592285 8909
1752846243428 1.8039755821228027 9404
1752846348696 1.6745601892471313 9899
1752846453850 1.5795668363571167 10394
1752846559843 1.536153793334961 10889
1752846665142 1.5198237895965576 11384
1752846771441 1.5025033950805664 11879
1752846876591 1.4777024984359741 12374
1752846981671 1.499516487121582 12869
1752847087821 1.4809585809707642 13364
1752847193745 1.495883822441101 13859
1752847298921 1.473949670791626 14354
1752847404073 1.4766721725463867 14849
1752847509420 1.4780486822128296 15344
1752847615432 1.4511525630950928 15839
1752847721426 1.4742389917373657 16334
1752847826676 1.4686626195907593 16829
1752847931976 1.4737133979797363 17324
1752848037962 1.4932210445404053 17819
1752848142926 1.4768069982528687 18314
1752848248923 1.4761316776275635 18809
1752848354014 1.5003304481506348 19304
1752848460071 1.508273959159851 19799
1752848565072 1.4882670640945435 20294
1752848671036 1.504096269607544 20789
1752848776251 1.5128512382507324 21284
1752848881372 1.512507677078247 21779
1752848986385 1.521614670753479 22274
1752849091693 1.5045294761657715 22769
1752849196756 1.5143572092056274 23264
1752849302225 1.5176273584365845 23759
1752849407304 1.5364501476287842 24254
1752849513792 1.5273067951202393 24749
1752849619936 1.5409960746765137 25244
1752849724993 1.5497411489486694 25739
1752849830273 1.5380128622055054 26234
1752849935463 1.5598753690719604 26729
1752850040504 1.5560678243637085 27224
1752850145925 1.5781546831130981 27719
1752850251001 1.5741857290267944 28214
1752850355987 1.5778998136520386 28709
1752850461249 1.5777041912078857 29204
1752850566423 1.5729249715805054 29699
1752850671498 1.5979512929916382 30194
1752850777650 1.5987844467163086 30689
1752850882956 1.609513521194458 31184
1752850988900 1.6076288223266602 31679
1752851094049 1.6295607089996338 32174
1752851200219 1.6174885034561157 32669
1752851305280 1.6211355924606323 33164
1752851410431 1.628425121307373 33659
1752851516479 1.647770643234253 34154
1752851622783 1.656785249710083 34649
1752851727887 1.6533737182617188 35144
1752851833180 1.6758874654769897 35639
1752851938281 1.6817246675491333 36134
1752852043395 1.6901994943618774 36629
1752852149477 1.6975111961364746 37124
1752852254592 1.6998268365859985 37619
1752852359702 1.7184468507766724 38114
1752852464740 1.7286534309387207 38609
1752852569845 1.711743712425232 39104
1752852674954 1.7354449033737183 39599
1752852780369 1.7341690063476562 40094
1752852885627 1.7434186935424805 40589
1752852991770 1.7484586238861084 41084
1752853097911 1.7609601020812988 41579
1752853203008 1.761539340019226 42074
1752853308180 1.773269772529602 42569
1752853414365 1.7831213474273682 43064
1752853519711 1.782299518585205 43559
1752853624774 1.7995452880859375 44054
1752853729917 1.8058499097824097 44549
1752853835001 1.8172521591186523 45044
1752853940148 1.825824499130249 45539
1752854045686 1.8286815881729126 46034
1752854151934 1.8377586603164673 46529
1752854257327 1.8371708393096924 47024
1752854362461 1.86441969871521 47519
1752854467992 1.869071364402771 48014
1752854573276 1.880327582359314 48509
1752854678467 1.8895673751831055 49004
1752854783639 1.8945469856262207 49499
