1752844244849 2.709486961364746 49
1752844253633 4.02487325668335 99
1752844262433 2.9134082794189453 149
1752844271217 1.4751484394073486 199
1752844280058 2.7680342197418213 249
1752844288932 3.5038347244262695 299
1752844297778 0.9266595244407654 349
1752844306642 3.8845252990722656 399
1752844315495 2.403092622756958 449
1752844342322 4.092756748199463 499
1752844351147 3.509288787841797 549
1752844359979 4.014122009277344 599
1752844368846 3.554196357727051 649
1752844377703 1.7170881032943726 699
1752844386562 4.419958114624023 749
1752844395433 1.7670706510543823 799
1752844404296 1.7671831846237183 849
1752844413175 1.9119255542755127 899
1752844422041 4.464906692504883 949
1752844449107 4.99273157119751 999
1752844457962 4.913264751434326 1049
1752844466807 3.1211514472961426 1099
1752844475648 4.901397228240967 1149
1752844484484 1.9456928968429565 1199
1752844493342 2.392719030380249 1249
1752844502224 3.943586826324463 1299
1752844511101 3.9610025882720947 1349
1752844519985 4.274831771850586 1399
1752844528849 2.727935552597046 1449
1752844555902 5.667933940887451 1499
1752844564758 3.747023582458496 1549
1752844573615 2.406252861022949 1599
1752844582456 6.084475040435791 1649
1752844591303 3.0882797241210938 1699
1752844600150 4.785958766937256 1749
1752844609016 4.285860061645508 1799
1752844617902 2.837146759033203 1849
1752844626776 5.163538932800293 1899
1752844635759 4.495603561401367 1949
1752844662596 4.470184326171875 1999
1752844671450 4.2734856605529785 2049
1752844680269 5.537724494934082 2099
1752844689136 1.3571314811706543 2149
1752844698012 5.580776691436768 2199
1752844706889 4.639105319976807 2249
1752844715742 5.001948833465576 2299
1752844724627 3.6720285415649414 2349
1752844733503 2.6259806156158447 2399
1752844742370 2.936516046524048 2449
1752844768238 3.003984212875366 2499
1752844777095 0.9184411764144897 2549
1752844785950 1.4126945734024048 2599
1752844794826 1.4282904863357544 2649
1752844803705 5.100114822387695 2699
1752844812587 2.6007118225097656 2749
1752844821462 2.5142641067504883 2799
1752844830340 5.135472297668457 2849
1752844839220 2.782179355621338 2899
1752844848098 2.8608622550964355 2949
1752844875085 3.5410075187683105 2999
1752844883944 5.39133882522583 3049
1752844892799 3.186957836151123 3099
1752844901688 2.1712381839752197 3149
1752844910576 3.104219913482666 3199
1752844919452 4.049490928649902 3249
1752844928329 3.0171895027160645 3299
1752844937241 4.242808818817139 3349
1752844946128 4.203097820281982 3399
1752844955014 2.4623236656188965 3449
1752844981943 1.7204958200454712 3499
1752844990795 2.152700185775757 3549
1752844999679 5.428445816040039 3599
1752845008566 3.8099803924560547 3649
1752845017455 4.556967735290527 3699
1752845026332 4.624204635620117 3749
1752845035218 4.604588508605957 3799
1752845044124 3.518519163131714 3849
1752845053022 4.08400297164917 3899
1752845061939 4.929256439208984 3949
1752845088649 4.523279666900635 3999
1752845097509 3.662236213684082 4049
1752845106403 3.0131537914276123 4099
1752845115278 1.664137601852417 4149
1752845124182 3.8323962688446045 4199
1752845133052 4.189154624938965 4249
1752845141928 2.9560155868530273 4299
1752845150815 2.117328405380249 4349
1752845159717 2.811697244644165 4399
1752845168609 2.5767879486083984 4449
1752845195414 5.621155261993408 4499
1752845204279 3.1172618865966797 4549
1752845213162 5.245980739593506 4599
1752845222065 2.7418341636657715 4649
1752845230933 1.3699394464492798 4699
1752845239808 2.9682791233062744 4749
1752845248690 2.841890573501587 4799
1752845257558 3.76050066947937 4849
1752845266435 3.287487745285034 4899
1752845275312 2.577362060546875 4949
1752845302130 3.5274317264556885 4999
1752845311012 3.872450828552246 5049
1752845319881 1.2633510828018188 5099
1752845328777 2.930527687072754 5149
1752845337686 3.0413382053375244 5199
1752845346568 2.687554359436035 5249
1752845355469 1.6277854442596436 5299
1752845364365 2.3422133922576904 5349
1752845373246 3.1238934993743896 5399
1752845399262 1.7963958978652954 5449
1752845408113 2.879493474960327 5499
1752845417002 3.306709051132202 5549
1752845425872 3.9146597385406494 5599
1752845434771 1.3056648969650269 5649
1752845443664 3.665452480316162 5699
1752845452586 3.7863593101501465 5749
1752845461489 2.8816988468170166 5799
1752845470384 2.8717775344848633 5849
1752845479289 1.170082926750183 5899
1752845506272 2.165222406387329 5949
1752845515129 4.508241653442383 5999
1752845523997 1.9409066438674927 6049
1752845532873 3.909367084503174 6099
1752845541754 1.1925654411315918 6149
1752845550644 3.2731826305389404 6199
1752845559538 1.9741660356521606 6249
1752845568434 3.0981433391571045 6299
1752845577317 2.561577796936035 6349
1752845586197 2.0109786987304688 6399
1752845613118 2.9561541080474854 6449
1752845622003 2.852938652038574 6499
1752845630889 3.643618583679199 6549
1752845639762 3.1898934841156006 6599
1752845648637 1.4918477535247803 6649
1752845657520 0.9898186922073364 6699
1752845666403 1.7585128545761108 6749
1752845675289 1.9527872800827026 6799
1752845684190 2.4901351928710938 6849
1752845693097 3.5399534702301025 6899
1752845720066 5.853370189666748 6949
1752845728935 1.2212138175964355 6999
1752845737807 0.7683287858963013 7049
1752845746701 3.4416940212249756 7099
1752845755569 2.3831522464752197 7149
1752845764451 3.6113617420196533 7199
1752845773331 2.788925886154175 7249
1752845782213 2.0873453617095947 7299
1752845791123 3.0578207969665527 7349
1752845800028 3.4562032222747803 7399
1752845825862 2.269273281097412 7449
1752845834722 2.206592559814453 7499
1752845843598 2.9833834171295166 7549
1752845852476 1.7854405641555786 7599
1752845861375 2.996701240539551 7649
1752845870232 2.111150026321411 7699
1752845879119 2.7698726654052734 7749
1752845888020 3.1445164680480957 7799
1752845896934 0.3693392872810364 7849
1752845905828 3.208904504776001 7899
1752845931828 3.1796884536743164 7949
1752845940703 2.3283097743988037 7999
1752845949599 2.351551055908203 8049
1752845958494 0.8733528256416321 8099
1752845967395 0.8202233910560608 8149
1752845976279 2.622988224029541 8199
1752845985172 0.5928636789321899 8249
1752845994060 2.7874112129211426 8299
1752846002963 3.879096031188965 8349
1752846011832 1.3157401084899902 8399
1752846038624 1.5981165170669556 8449
1752846047492 3.113696813583374 8499
1752846056377 2.641845941543579 8549
1752846065287 1.8505010604858398 8599
1752846074178 3.6127495765686035 8649
1752846083060 4.616587162017822 8699
1752846091947 1.850842833518982 8749
1752846100842 3.3823626041412354 8799
1752846109735 1.6276042461395264 8849
1752846118633 1.5865743160247803 8899
1752846145362 2.5088284015655518 8949
1752846154221 2.7098472118377686 8999
1752846163112 1.3445875644683838 9049
1752846171992 3.047142505645752 9099
1752846180885 1.3579559326171875 9149
1752846189772 3.2214908599853516 9199
1752846198668 1.6192562580108643 9249
1752846207555 1.898555874824524 9299
1752846216449 3.5492069721221924 9349
1752846225347 2.2550580501556396 9399
1752846252221 3.8082876205444336 9449
1752846261102 1.6733638048171997 9499
1752846269991 1.4657224416732788 9549
1752846278876 1.2015461921691895 9599
1752846287776 3.8537402153015137 9649
1752846296669 2.697862386703491 9699
1752846305585 1.4191550016403198 9749
1752846314463 1.3517086505889893 9799
1752846323348 0.7202836871147156 9849
1752846332235 1.8483484983444214 9899
1752846358436 0.8689541816711426 9949
1752846367342 1.5731992721557617 9999
1752846376221 1.944046139717102 10049
1752846385107 2.0588536262512207 10099
1752846394000 0.9072003364562988 10149
1752846402895 0.849306046962738 10199
1752846411794 2.4843597412109375 10249
1752846420658 1.826823115348816 10299
1752846429542 1.858180284500122 10349
1752846455610 3.3313207626342773 10399
1752846464464 1.2787035703659058 10449
1752846473348 1.7248764038085938 10499
1752846482228 1.8792998790740967 10549
1752846491106 2.340057134628296 10599
1752846499989 2.7982237339019775 10649
1752846508885 0.8569541573524475 10699
1752846517753 1.694504976272583 10749
1752846526628 2.474439859390259 10799
1752846535525 2.0129170417785645 10849
1752846562435 2.9524035453796387 10899
1752846571306 2.9332497119903564 10949
1752846580190 1.0329556465148926 10999
1752846589115 2.559925079345703 11049
1752846598010 1.923538088798523 11099
1752846606908 0.9238784909248352 11149
1752846615805 1.593019723892212 11199
1752846624697 1.3828619718551636 11249
1752846633585 1.1846424341201782 11299
1752846642491 1.4524909257888794 11349
1752846668665 1.8760771751403809 11399
1752846677535 0.8173002600669861 11449
1752846686420 2.426192283630371 11499
1752846695301 2.3804125785827637 11549
1752846704173 2.7302963733673096 11599
1752846713082 0.8561054468154907 11649
1752846722000 1.9473954439163208 11699
1752846730920 1.2466175556182861 11749
1752846739826 1.6851674318313599 11799
1752846748733 2.8643908500671387 11849
1752846775794 2.8221004009246826 11899
1752846784680 1.589857578277588 11949
1752846793572 2.6591854095458984 11999
1752846802483 0.8737531900405884 12049
1752846811391 2.3230783939361572 12099
1752846820288 1.1752359867095947 12149
1752846829182 0.6290961503982544 12199
1752846838078 1.717779517173767 12249
1752846847003 1.8419792652130127 12299
1752846855898 1.8758233785629272 12349
1752846881839 1.0133494138717651 12399
1752846890686 2.052551031112671 12449
1752846899557 1.3475533723831177 12499
1752846908452 2.0259933471679688 12549
1752846917340 1.5462478399276733 12599
1752846926236 1.8621066808700562 12649
1752846935147 2.09442400932312 12699
1752846944031 2.143401861190796 12749
1752846952918 2.3334271907806396 12799
1752846961818 1.9191592931747437 12849
1752846987828 1.0452712774276733 12899
1752846996678 0.83717280626297 12949
1752847005551 3.117882251739502 12999
1752847014439 1.237265944480896 13049
1752847023329 1.6995903253555298 13099
1752847032220 2.365546464920044 13149
1752847041130 2.3673081398010254 13199
1752847050047 1.6769790649414062 13249
1752847058951 2.7976930141448975 13299
1752847067844 1.1264475584030151 13349
1752847094815 1.4481755495071411 13399
1752847103696 1.1083588600158691 13449
1752847112589 2.1747946739196777 13499
1752847121499 1.9294776916503906 13549
1752847130382 1.2154794931411743 13599
1752847139285 1.6700657606124878 13649
1752847148208 0.4962160885334015 13699
1752847157120 1.1942219734191895 13749
1752847166025 1.4132009744644165 13799
1752847174932 1.5603952407836914 13849
1752847201691 1.462576150894165 13899
1752847210579 0.8292576670646667 13949
1752847219459 1.631752848625183 13999
1752847228330 2.5290286540985107 14049
1752847237202 1.4776359796524048 14099
1752847246096 1.5320321321487427 14149
1752847254996 0.7594822645187378 14199
1752847263907 1.4390262365341187 14249
1752847272807 1.1308939456939697 14299
1752847281702 0.3574843108654022 14349
1752847307735 0.793954074382782 14399
1752847316621 0.7339843511581421 14449
1752847325525 2.5756540298461914 14499
1752847334424 2.033477306365967 14549
1752847343343 1.772551417350769 14599
1752847352243 1.6435705423355103 14649
1752847361152 1.7887712717056274 14699
1752847370059 1.0808197259902954 14749
1752847378966 1.3240848779678345 14799
1752847387871 1.4553788900375366 14849
1752847413820 1.7827603816986084 14899
1752847422718 0.965882420539856 14949
1752847431606 1.7039387226104736 14999
1752847440507 1.2481801509857178 15049
1752847449426 0.42366522550582886 15099
1752847458321 1.473985195159912 15149
1752847467236 1.8537511825561523 15199
1752847476158 2.1068878173828125 15249
1752847485048 1.0974239110946655 15299
1752847511193 1.2282350063323975 15349
1752847520068 1.6071760654449463 15399
1752847528961 1.192798137664795 15449
1752847537854 2.130511999130249 15499
1752847546750 0.9283290505409241 15549
1752847555659 1.8536381721496582 15599
1752847564559 0.7217562794685364 15649
1752847573467 1.2865034341812134 15699
1752847582356 1.4640307426452637 15749
1752847591230 0.6358090043067932 15799
1752847618005 1.9224075078964233 15849
1752847626868 0.3622402548789978 15899
1752847635754 0.42028969526290894 15949
1752847644644 0.7668421864509583 15999
1752847653528 1.334335207939148 16049
1752847662428 0.8644100427627563 16099
1752847671328 1.9892524480819702 16149
1752847680221 0.836888313293457 16199
1752847689110 1.4838007688522339 16249
1752847697996 0.8105913400650024 16299
1752847724948 1.6808762550354004 16349
1752847733837 0.7579734325408936 16399
1752847742702 1.620377540588379 16449
1752847751577 1.7288986444473267 16499
1752847760456 1.334690809249878 16549
1752847769336 2.0699291229248047 16599
1752847778216 0.8199148178100586 16649
1752847787105 1.3661164045333862 16699
1752847796001 1.4279969930648804 16749
1752847804906 2.0320866107940674 16799
1752847831007 0.5060893297195435 16849
1752847839901 1.6224956512451172 16899
1752847848775 1.2849249839782715 16949
1752847857659 1.2314764261245728 16999
1752847866564 1.2661935091018677 17049
1752847875457 1.5832654237747192 17099
1752847884331 2.3589069843292236 17149
1752847893207 2.8488786220550537 17199
1752847902102 0.6032229065895081 17249
1752847911142 1.5173512697219849 17299
1752847937233 1.0509381294250488 17349
1752847946144 0.6152637004852295 17399
1752847955026 0.8207029700279236 17449
1752847963917 2.366220712661743 17499
1752847972811 1.5383440256118774 17549
1752847981708 0.5946444272994995 17599
1752847990608 0.500812828540802 17649
1752847999499 1.4738845825195312 17699
1752848008391 0.28814709186553955 17749
1752848017274 1.2143770456314087 17799
1752848044142 1.0130891799926758 17849
1752848053006 0.996375560760498 17899
1752848061892 0.5302910208702087 17949
1752848070808 0.9716419577598572 17999
1752848079716 1.0595951080322266 18049
1752848088617 0.8711538910865784 18099
1752848097523 0.44226333498954773 18149
1752848106445 1.132907748222351 18199
1752848115330 0.834288477897644 18249
1752848124229 1.003941297531128 18299
1752848149951 1.2929285764694214 18349
1752848158844 1.017352819442749 18399
1752848167728 0.33627036213874817 18449
1752848176616 0.5423861742019653 18499
1752848185527 1.9746993780136108 18549
1752848194444 0.8137428164482117 18599
1752848203336 0.567356526851654 18649
1752848212239 0.7735010981559753 18699
1752848221142 0.8474342226982117 18749
1752848230033 1.1843085289001465 18799
1752848256860 0.7737887501716614 18849
1752848265744 1.3255577087402344 18899
1752848274632 0.8641577959060669 18949
1752848283536 1.8629591464996338 18999
1752848292437 2.1530232429504395 19049
1752848301329 2.3553433418273926 19099
1752848310217 0.384480357170105 19149
1752848319094 0.3097516894340515 19199
1752848327983 2.0942132472991943 19249
1752848336884 1.2110915184020996 19299
1752848362829 0.647277295589447 19349
1752848371723 2.1337437629699707 19399
1752848380615 1.1440141201019287 19449
1752848389510 0.4593386948108673 19499
1752848398404 0.6169134378433228 19549
1752848407294 1.3277065753936768 19599
1752848416171 0.7448306679725647 19649
1752848425072 0.5081777572631836 19699
1752848433958 1.0924675464630127 19749
1752848442850 0.6841689348220825 19799
1752848469809 1.2283319234848022 19849
1752848478689 1.5833476781845093 19899
1752848487581 1.4244399070739746 19949
1752848496490 0.939927339553833 19999
1752848505390 0.8819864392280579 20049
1752848514277 0.42345666885375977 20099
1752848523169 1.151870846748352 20149
1752848532078 0.7199692130088806 20199
1752848540974 0.6516090631484985 20249
1752848566767 0.8536993861198425 20299
1752848575659 0.5866301655769348 20349
1752848584553 0.32986214756965637 20399
1752848593461 1.4659862518310547 20449
1752848602361 0.4647471606731415 20499
1752848611262 1.1679706573486328 20549
1752848620157 1.235251784324646 20599
1752848629058 1.6133984327316284 20649
1752848637954 0.42971476912498474 20699
1752848646855 0.5727680921554565 20749
1752848673643 1.5626949071884155 20799
1752848682528 1.8921312093734741 20849
1752848691394 0.4859718978404999 20899
1752848700280 0.9889564514160156 20949
1752848709184 2.2823972702026367 20999
1752848718079 0.9184463024139404 21049
1752848726972 0.9680125117301941 21099
1752848735875 0.3033989667892456 21149
1752848744768 1.319677710533142 21199
1752848753658 1.397745966911316 21249
1752848779711 0.7599301338195801 21299
1752848788593 0.44027450680732727 21349
1752848797475 0.5023044347763062 21399
1752848806371 0.4568679928779602 21449
1752848815264 0.7743352651596069 21499
1752848824157 2.6440582275390625 21549
1752848833058 0.43886077404022217 21599
1752848841950 0.4080769419670105 21649
1752848850839 0.830486536026001 21699
1752848859744 1.036156177520752 21749
1752848885801 1.133435845375061 21799
1752848894690 0.45081281661987305 21849
1752848903570 1.486060380935669 21899
1752848912482 1.0464673042297363 21949
1752848921371 1.2391836643218994 21999
1752848930266 1.3580772876739502 22049
1752848939145 0.6977056264877319 22099
1752848948020 0.46240901947021484 22149
1752848956934 0.7335019707679749 22199
1752848965830 0.7130984663963318 22249
1752848991690 1.045271635055542 22299
1752849000579 2.004836082458496 22349
1752849009457 0.938563883304596 22399
1752849018361 1.6562983989715576 22449
1752849027271 1.1748994588851929 22499
1752849036170 1.467270016670227 22549
1752849045082 0.6180731058120728 22599
1752849053996 1.045340895652771 22649
1752849062884 0.6812097430229187 22699
1752849071776 0.3698490262031555 22749
1752849097903 0.6527803540229797 22799
1752849106782 1.2789393663406372 22849
1752849115673 1.0676015615463257 22899
1752849124561 1.397746205329895 22949
1752849133459 0.8754968643188477 22999
1752849142332 0.7805907130241394 23049
1752849151224 1.6490100622177124 23099
1752849160103 1.50546395778656 23149
1752849168994 0.790626585483551 23199
1752849177906 0.9818128347396851 23249
1752849204075 1.210709810256958 23299
1752849212964 0.7205628752708435 23349
1752849221859 0.6411507725715637 23399
1752849230755 0.6367914080619812 23449
1752849239670 0.5318214893341064 23499
1752849248577 1.478638768196106 23549
1752849257468 1.1995675563812256 23599
1752849266362 0.3212663531303406 23649
1752849275262 1.163704514503479 23699
1752849284142 1.1650904417037964 23749
1752849310146 0.2910658121109009 23799
1752849319030 0.3531832993030548 23849
1752849327911 1.0250531435012817 23899
1752849336791 0.6595418453216553 23949
1752849345685 0.6895660758018494 23999
1752849354572 1.2071763277053833 24049
1752849363463 0.9688647389411926 24099
1752849372349 0.577801525592804 24149
1752849381248 1.3053029775619507 24199
1752849390156 1.3542667627334595 24249
1752849416141 1.2283499240875244 24299
1752849425031 1.8674070835113525 24349
1752849433907 1.330047369003296 24399
1752849442802 0.7399858236312866 24449
1752849451692 0.6959949135780334 24499
1752849460574 1.122236728668213 24549
1752849469469 0.5369203090667725 24599
1752849478366 0.31899550557136536 24649
1752849487266 1.4120838642120361 24699
1752849496149 1.012171745300293 24749
1752849523491 0.7803916931152344 24799
1752849532382 0.8325114250183105 24849
1752849541273 1.799939513206482 24899
1752849550174 0.7193192839622498 24949
1752849559068 0.9307653903961182 24999
1752849567964 0.9347435832023621 25049
1752849576850 0.9878820776939392 25099
1752849585747 0.6126630902290344 25149
1752849594640 1.4791853427886963 25199
1752849621623 0.48972219228744507 25249
1752849630503 0.2712920010089874 25299
1752849639380 0.8682085275650024 25349
1752849648278 0.7573027014732361 25399
1752849657187 0.9270230531692505 25449
1752849666101 0.6660264134407043 25499
1752849674986 0.8990788459777832 25549
1752849683867 0.6702624559402466 25599
1752849692760 0.5778053402900696 25649
1752849701655 0.6881483197212219 25699
1752849727634 0.9282196760177612 25749
1752849736535 0.7065680623054504 25799
1752849745429 0.7067680954933167 25849
1752849754326 1.7906931638717651 25899
1752849763232 1.1634773015975952 25949
1752849772150 1.2826249599456787 25999
1752849781068 0.31724628806114197 26049
1752849789963 0.7443979978561401 26099
1752849798854 0.595700204372406 26149
1752849807740 1.2883292436599731 26199
1752849833762 0.4903397858142853 26249
1752849842653 1.025647521018982 26299
1752849851553 1.536648154258728 26349
1752849860451 0.7696810960769653 26399
1752849869333 0.6800127029418945 26449
1752849878221 0.6587421894073486 26499
1752849887123 0.3899202048778534 26549
1752849896041 0.6861013770103455 26599
1752849904946 0.3692364990711212 26649
1752849913834 0.9382293820381165 26699
1752849939846 0.36257216334342957 26749
1752849948745 1.45598304271698 26799
1752849957644 1.5607844591140747 26849
1752849966536 1.60453462600708 26899
1752849975434 1.5679230690002441 26949
1752849984331 0.7223020792007446 26999
1752849993219 0.3888140618801117 27049
1752850002114 0.5971643924713135 27099
1752850011002 0.4324328899383545 27149
1752850019889 0.5169171094894409 27199
1752850045808 0.5244448184967041 27249
1752850054711 1.1568433046340942 27299
1752850063596 0.5276439785957336 27349
1752850072500 1.5999994277954102 27399
1752850081402 1.2628437280654907 27449
1752850090295 0.6612685918807983 27499
1752850099194 0.42579713463783264 27549
1752850108099 0.37157347798347473 27599
1752850116998 0.4962501525878906 27649
1752850125878 1.0337302684783936 27699
1752850152045 0.9830479025840759 27749
1752850160934 1.213866949081421 27799
1752850169813 0.5253251194953918 27849
1752850178693 0.8493773341178894 27899
1752850187585 1.0634835958480835 27949
1752850196482 1.3378239870071411 27999
1752850205370 0.5401968359947205 28049
1752850214256 0.7403249144554138 28099
1752850223151 0.6111840009689331 28149
1752850232050 0.2934601306915283 28199
1752850258096 0.6495542526245117 28249
1752850266970 0.2682484984397888 28299
1752850275872 0.868193507194519 28349
1752850284767 0.4930245280265808 28399
1752850293648 0.6141937375068665 28449
1752850302543 0.38743096590042114 28499
1752850311445 0.6393505930900574 28549
1752850320329 0.6430999636650085 28599
1752850329207 0.6849964261054993 28649
1752850338088 0.3280286192893982 28699
1752850363902 0.39377257227897644 28749
1752850372793 1.1359379291534424 28799
1752850381661 1.3947153091430664 28849
1752850390533 0.41238513588905334 28899
1752850399422 0.3450562655925751 28949
1752850408312 0.6589721441268921 28999
1752850417222 0.6131455302238464 29049
1752850426252 0.5085523128509521 29099
1752850435134 1.1786962747573853 29149
1752850444024 0.534504234790802 29199
1752850470051 0.8358889222145081 29249
1752850478939 0.4367310106754303 29299
1752850487826 0.863950252532959 29349
1752850496709 0.6314476132392883 29399
1752850505630 1.0683506727218628 29449
1752850514539 0.9833882451057434 29499
1752850523459 0.6667766571044922 29549
1752850532363 1.2112104892730713 29599
1752850541263 0.5034666657447815 29649
1752850550163 0.6045231223106384 29699
1752850576141 1.1855295896530151 29749
1752850585039 1.1383447647094727 29799
1752850593931 0.7596902251243591 29849
1752850602823 0.5036017298698425 29899
1752850611690 0.4474947452545166 29949
1752850620573 0.3053939938545227 29999
1752850629475 0.7273452877998352 30049
1752850638376 0.624131441116333 30099
1752850647279 0.5960226058959961 30149
1752850673272 0.8034458160400391 30199
1752850682124 0.508271336555481 30249
1752850690993 1.0287470817565918 30299
1752850699872 0.7429611682891846 30349
1752850708755 1.426434874534607 30399
1752850717671 1.2076845169067383 30449
1752850726576 0.49361830949783325 30499
1752850735464 0.8959251046180725 30549
1752850744346 0.9039498567581177 30599
1752850753235 0.7943333983421326 30649
1752850780265 0.4017334580421448 30699
1752850789136 0.9139701724052429 30749
1752850798020 0.9364157319068909 30799
1752850806894 1.0052461624145508 30849
1752850815791 0.5694646835327148 30899
1752850824689 0.5070927143096924 30949
1752850833593 0.8275928497314453 30999
1752850842486 0.627578854560852 31049
1752850851364 0.5999111533164978 31099
1752850860254 0.5510738492012024 31149
1752850886493 1.1644688844680786 31199
1752850895378 0.4434460997581482 31249
1752850904265 1.2479047775268555 31299
1752850913156 0.8402209281921387 31349
1752850922061 0.9963675141334534 31399
1752850930957 0.9190430045127869 31449
1752850939860 1.2898809909820557 31499
1752850948776 0.854601263999939 31549
1752850957682 1.3900322914123535 31599
1752850966570 0.2494390457868576 31649
1752850993229 1.0739938020706177 31699
1752851002114 0.6080949902534485 31749
1752851010999 0.8350013494491577 31799
1752851019892 0.6198920607566833 31849
1752851028795 0.7666178345680237 31899
1752851037691 1.3521759510040283 31949
1752851046589 0.6497482061386108 31999
1752851055482 0.31989020109176636 32049
1752851064370 0.814791738986969 32099
1752851073281 0.34964990615844727 32149
1752851099348 1.1124180555343628 32199
1752851108222 0.9589993357658386 32249
1752851117090 1.0009011030197144 32299
1752851125986 0.3861701488494873 32349
1752851134907 1.2776767015457153 32399
1752851143807 0.714039146900177 32449
1752851152699 0.43547937273979187 32499
1752851161590 0.5238402485847473 32549
1752851170481 0.7390190958976746 32599
1752851179382 1.0751714706420898 32649
1752851206404 0.39914295077323914 32699
1752851215294 0.6789051294326782 32749
1752851224177 0.48964568972587585 32799
1752851233067 2.1801466941833496 32849
1752851241963 0.7841794490814209 32899
1752851250843 0.6993293166160583 32949
1752851259723 1.0925880670547485 32999
1752851268611 0.6896024346351624 33049
1752851277487 0.609344482421875 33099
1752851286364 0.6628029942512512 33149
1752851312335 0.7874407172203064 33199
1752851321222 0.8300812840461731 33249
1752851330097 0.45536449551582336 33299
1752851338995 1.4403070211410522 33349
1752851347891 0.3102756440639496 33399
1752851356802 0.634661078453064 33449
1752851365682 0.31678512692451477 33499
1752851374577 1.120033860206604 33549
1752851383478 0.5666013956069946 33599
1752851392360 0.7050837278366089 33649
1752851418402 0.6094721555709839 33699
1752851427291 0.7909899353981018 33749
1752851436183 0.5387591123580933 33799
1752851445091 0.26128724217414856 33849
1752851453976 0.491976797580719 33899
1752851462863 1.2847740650177002 33949
1752851471757 0.3545647859573364 33999
1752851480655 0.2475792020559311 34049
1752851489547 0.6379937529563904 34099
1752851498435 0.6327064037322998 34149
1752851525309 0.2803119122982025 34199
1752851534178 0.5576819181442261 34249
1752851543059 0.8703595399856567 34299
1752851551937 0.7149510383605957 34349
1752851560818 0.2605465352535248 34399
1752851569685 1.1250019073486328 34449
1752851578558 0.45797890424728394 34499
1752851587426 1.0761178731918335 34549
1752851596306 1.2384272813796997 34599
1752851605183 0.6363446116447449 34649
1752851632447 0.19798022508621216 34699
1752851641349 1.437850832939148 34749
1752851650260 0.7366180419921875 34799
1752851659173 0.7847211360931396 34849
1752851668058 0.5664358139038086 34899
1752851676957 0.7280178070068359 34949
1752851685861 0.6632822751998901 34999
1752851694746 0.47409960627555847 35049
1752851703656 0.4026986062526703 35099
1752851729635 0.7593572735786438 35149
1752851738512 0.44452428817749023 35199
1752851747414 0.3728303909301758 35249
1752851756328 0.8269051313400269 35299
1752851765246 0.6988149285316467 35349
1752851774150 2.4032278060913086 35399
1752851783069 0.514299213886261 35449
1752851791980 0.3499789834022522 35499
1752851800887 1.160841703414917 35549
1752851809803 1.646620750427246 35599
1752851835815 0.881443440914154 35649
1752851844694 0.46965640783309937 35699
1752851853595 0.377856582403183 35749
1752851862495 0.3736632168292999 35799
1752851871393 0.3896595239639282 35849
1752851880293 0.9734164476394653 35899
1752851889187 0.20494051277637482 35949
1752851898075 0.7093018293380737 35999
1752851906959 1.120530366897583 36049
1752851915845 0.6048886179924011 36099
1752851941768 0.38487228751182556 36149
1752851950664 0.25808775424957275 36199
1752851959563 0.8210657835006714 36249
1752851968468 0.6039190888404846 36299
1752851977371 0.9232387542724609 36349
1752851986288 0.6112491488456726 36399
1752851995208 1.4604038000106812 36449
1752852004115 0.22138316929340363 36499
1752852013008 0.8904600739479065 36549
1752852021922 0.6751714944839478 36599
1752852047739 0.8001853823661804 36649
1752852056629 1.027660608291626 36699
1752852065532 0.7571556568145752 36749
1752852074432 0.4360208809375763 36799
1752852083346 0.5297266244888306 36849
1752852092244 0.547977089881897 36899
1752852101148 1.1829426288604736 36949
1752852110061 1.2505791187286377 36999
1752852118961 0.9596425294876099 37049
1752852127853 0.4562057554721832 37099
1752852154813 1.0319522619247437 37149
1752852163694 1.3984498977661133 37199
1752852172569 0.3543449640274048 37249
1752852181467 0.8082765936851501 37299
1752852190349 0.7283247113227844 37349
1752852199225 0.8651176691055298 37399
1752852208099 0.49224355816841125 37449
1752852216978 0.6851338744163513 37499
1752852225880 0.5437898635864258 37549
1752852234781 1.2416735887527466 37599
1752852260713 0.5189207196235657 37649
1752852269593 0.3935321271419525 37699
1752852278472 0.4952317476272583 37749
1752852287384 0.7377010583877563 37799
1752852296276 1.1646398305892944 37849
1752852305186 0.6767891049385071 37899
1752852314096 0.9775795936584473 37949
1752852322986 0.8646114468574524 37999
1752852331868 0.8688702583312988 38049
1752852340756 0.9070315361022949 38099
1752852366738 1.1028610467910767 38149
1752852375609 0.5185675024986267 38199
1752852384505 0.2825128138065338 38249
1752852393408 0.6621183753013611 38299
1752852402324 1.0757769346237183 38349
1752852411201 0.666317880153656 38399
1752852420102 1.1745007038116455 38449
1752852428980 0.9159528017044067 38499
1752852437877 0.6286460161209106 38549
1752852446765 0.4539114832878113 38599
1752852472684 0.6913222670555115 38649
1752852481584 0.9181714653968811 38699
1752852490481 0.5967915058135986 38749
1752852499377 0.6051591634750366 38799
1752852508254 0.49207603931427 38849
1752852517153 0.7960959076881409 38899
1752852526042 0.5448021292686462 38949
1752852534932 0.7189844250679016 38999
1752852543837 0.35589274764060974 39049
1752852552735 0.49737876653671265 39099
1752852578662 0.8937398195266724 39149
1752852587558 0.2317882776260376 39199
1752852596466 0.6934899091720581 39249
1752852605367 0.3359329104423523 39299
1752852614272 0.5031971335411072 39349
1752852623187 0.6116227507591248 39399
1752852632096 0.7206459641456604 39449
1752852640989 1.0868223905563354 39499
1752852649901 0.41214364767074585 39549
1752852658793 1.0468921661376953 39599
1752852684706 0.27065616846084595 39649
1752852693610 1.124545931816101 39699
1752852702516 1.0367600917816162 39749
1752852711414 0.29445743560791016 39799
1752852720307 0.6850221157073975 39849
1752852729230 0.6209054589271545 39899
1752852738127 1.1523420810699463 39949
1752852747033 0.5132394433021545 39999
1752852755937 0.8226131796836853 40049
1752852782160 0.9885373115539551 40099
1752852791044 0.3918505311012268 40149
1752852799958 0.5943849086761475 40199
1752852808867 0.7556020021438599 40249
1752852817782 1.0642317533493042 40299
1752852826713 0.5668218731880188 40349
1752852835621 1.1834449768066406 40399
1752852844518 0.438432902097702 40449
1752852853424 0.4902033507823944 40499
1752852862328 0.3200831115245819 40549
1752852888257 0.7239232063293457 40599
1752852897125 1.1482319831848145 40649
1752852906015 0.40997031331062317 40699
1752852914908 0.27013513445854187 40749
1752852923808 0.38144737482070923 40799
1752852932721 1.2626032829284668 40849
1752852941753 0.8828397989273071 40899
1752852950648 0.34771057963371277 40949
1752852959545 0.5227816700935364 40999
1752852968458 0.6158919930458069 41049
1752852995258 0.43049877882003784 41099
1752853004145 0.1974170207977295 41149
1752853013018 0.4258705675601959 41199
1752853021918 1.0781782865524292 41249
1752853030832 0.6247702836990356 41299
1752853039744 0.5969971418380737 41349
1752853048653 0.4567786157131195 41399
1752853057561 0.5476582646369934 41449
1752853066451 1.0362415313720703 41499
1752853075350 0.3057498037815094 41549
1752853102271 0.8546249270439148 41599
1752853111150 0.40022313594818115 41649
1752853120046 0.4508993327617645 41699
1752853128937 0.30963996052742004 41749
1752853137836 0.6391335725784302 41799
1752853146727 0.39795902371406555 41849
1752853155621 0.751645028591156 41899
1752853164533 0.42358916997909546 41949
1752853173420 0.9306524991989136 41999
1752853182311 0.2935689389705658 42049
1752853208298 0.46918556094169617 42099
1752853217195 0.545802891254425 42149
1752853226078 0.3054742217063904 42199
1752853234966 0.698314905166626 42249
1752853243869 0.24273976683616638 42299
1752853252758 0.38310927152633667 42349
1752853261640 0.31169623136520386 42399
1752853270525 0.3085884749889374 42449
1752853279431 0.7622355222702026 42499
1752853288328 1.7187680006027222 42549
1752853314376 0.7891613841056824 42599
1752853323262 0.7952647805213928 42649
1752853332158 0.5142491459846497 42699
1752853341060 0.4410865902900696 42749
1752853349971 0.3434252440929413 42799
1752853358871 0.5402485728263855 42849
1752853367772 0.8933517336845398 42899
1752853376659 0.5061750411987305 42949
1752853385571 0.5195187330245972 42999
1752853394476 0.6781121492385864 43049
1752853421402 0.25822025537490845 43099
1752853430289 0.9411267638206482 43149
1752853439178 0.9563174843788147 43199
1752853448080 0.8183065056800842 43249
1752853456985 0.6094143986701965 43299
1752853465895 0.5134330987930298 43349
1752853474792 0.5703667402267456 43399
1752853483685 0.6693111658096313 43449
1752853492576 0.5265589356422424 43499
1752853501470 0.3033883571624756 43549
1752853527593 0.35038676857948303 43599
1752853536465 0.8314562439918518 43649
1752853545352 1.2983508110046387 43699
1752853554252 0.6407151818275452 43749
1752853563150 1.0563117265701294 43799
1752853572035 0.2506222128868103 43849
1752853580941 0.5807172656059265 43899
1752853589847 1.238168478012085 43949
1752853598738 0.2904431223869324 43999
1752853607643 0.42262449860572815 44049
1752853633605 0.5232258439064026 44099
1752853642490 0.6457207798957825 44149
1752853651383 0.3786068260669708 44199
1752853660290 0.9730175733566284 44249
1752853669171 0.541890025138855 44299
1752853678074 0.7701643705368042 44349
1752853686985 0.6085823774337769 44399
1752853695882 0.5622897744178772 44449
1752853704774 0.6670497059822083 44499
1752853713709 0.8532217144966125 44549
1752853739644 0.9591960906982422 44599
1752853748551 0.8754302263259888 44649
1752853757447 0.3684098720550537 44699
1752853766344 0.8074674010276794 44749
1752853775245 0.7938207983970642 44799
1752853784140 0.8876157402992249 44849
1752853793023 0.4485622048377991 44899
1752853801909 1.4337413311004639 44949
1752853810823 0.7518579363822937 44999
1752853836740 0.7037016749382019 45049
1752853845624 0.705446183681488 45099
1752853854536 1.0300389528274536 45149
1752853863439 0.38259419798851013 45199
1752853872349 0.7950481176376343 45249
1752853881260 0.3812406659126282 45299
1752853890152 0.8777902722358704 45349
1752853899079 0.3030620515346527 45399
1752853908002 0.3723333179950714 45449
1752853916915 0.3063371777534485 45499
1752853942793 0.9245436787605286 45549
1752853951666 0.48661690950393677 45599
1752853960560 0.7863590121269226 45649
1752853969590 0.610390305519104 45699
1752853978489 0.4322398900985718 45749
1752853987376 0.46913573145866394 45799
1752853996252 0.4106171131134033 45849
1752854005153 0.8486528396606445 45899
1752854014043 1.1685688495635986 45949
1752854022940 0.24637222290039062 45999
1752854049191 0.8596689105033875 46049
1752854058089 0.606260359287262 46099
1752854066997 0.5790520906448364 46149
1752854075898 0.6961312294006348 46199
1752854084804 1.0165295600891113 46249
1752854093724 0.4416705071926117 46299
1752854102637 0.7865602970123291 46349
1752854111539 0.37287458777427673 46399
1752854120451 0.9305914044380188 46449
1752854129371 0.7629418969154358 46499
1752854156294 0.8915938138961792 46549
1752854165186 0.41007596254348755 46599
1752854174083 0.412559449672699 46649
1752854182966 3.405045509338379 46699
1752854191860 0.8721867799758911 46749
1752854200773 1.0347399711608887 46799
1752854209676 1.2561362981796265 46849
1752854218576 0.9356634020805359 46899
1752854227496 0.6390758752822876 46949
1752854236408 1.1203073263168335 46999
1752854262649 0.41958147287368774 47049
1752854271532 0.5324403047561646 47099
1752854280420 1.0073597431182861 47149
1752854289311 0.34112632274627686 47199
1752854298202 0.7022814154624939 47249
1752854307094 1.1958363056182861 47299
1752854315992 0.8338068723678589 47349
1752854324891 0.4676470458507538 47399
1752854333796 1.1196088790893555 47449
1752854342693 0.33916568756103516 47499
1752854368678 0.7480219006538391 47549
1752854377584 0.6556356549263 47599
1752854386473 4.297298908233643 47649
1752854395368 0.6295856833457947 47699
1752854404246 0.5910813212394714 47749
1752854413146 1.165844440460205 47799
1752854422035 1.130118489265442 47849
1752854430943 0.6582993268966675 47899
1752854439862 1.0333019495010376 47949
1752854448776 0.5442137718200684 47999
1752854475063 0.5160622000694275 48049
1752854483962 1.159466028213501 48099
1752854492854 0.3611350953578949 48149
1752854501754 1.309908390045166 48199
1752854510667 0.5111908912658691 48249
1752854519574 0.8535059690475464 48299
1752854528470 0.9007663726806641 48349
1752854537394 0.5459169745445251 48399
1752854546298 0.5128669142723083 48449
1752854555197 0.2897554039955139 48499
1752854581187 0.6105031371116638 48549
1752854590078 0.4454731345176697 48599
1752854598966 0.6155174970626831 48649
1752854607875 0.27568796277046204 48699
1752854616767 0.8082017302513123 48749
1752854625674 0.5223156809806824 48799
1752854634569 1.2073396444320679 48849
1752854643463 0.4041523337364197 48899
1752854652371 1.3692792654037476 48949
1752854661282 0.33015111088752747 48999
1752854687259 0.6754065752029419 49049
1752854696162 0.9703013896942139 49099
1752854705043 0.809280276298523 49149
1752854713949 0.3693537712097168 49199
1752854722867 0.7908413410186768 49249
1752854731778 0.45658570528030396 49299
1752854740689 0.489625483751297 49349
1752854749585 1.257161259651184 49399
1752854758475 0.38614749908447266 49449
1752854767381 1.0079909563064575 49499
