1752844340525 2.5529685020446777 494
1752844446451 2.9895243644714355 989
1752844552383 3.4909980297088623 1484
1752844658277 3.340142250061035 1979
1752844762977 3.1975467205047607 2474
1752844868854 3.1311426162719727 2969
1752844974893 2.9685776233673096 3464
1752845080689 3.3820977210998535 3959
1752845186613 3.1442508697509766 4454
1752845292442 2.897645950317383 4949
1752845397525 2.811199426651001 5444
1752845503657 2.663562774658203 5939
1752845609656 2.828866481781006 6434
1752845715730 2.587367057800293 6929
1752845820560 2.548820734024048 7424
1752845925639 2.38684344291687 7919
1752846031550 2.3261771202087402 8414
1752846137450 2.3305742740631104 8909
1752846243428 2.0733492374420166 9404
1752846348696 2.2065889835357666 9899
1752846453850 1.978169560432434 10394
1752846559843 1.8848223686218262 10889
1752846665142 1.8664379119873047 11384
1752846771441 1.9097851514816284 11879
1752846876591 1.6052327156066895 12374
1752846981671 1.8049559593200684 12869
1752847087821 1.6490473747253418 13364
1752847193745 1.458542823791504 13859
1752847298921 1.3971543312072754 14354
1752847404073 1.5522030591964722 14849
1752847509420 1.4801377058029175 15344
1752847615432 1.4282571077346802 15839
1752847721426 1.194597601890564 16334
1752847826676 1.3659380674362183 16829
1752847931976 1.2400230169296265 17324
1752848037962 1.1273502111434937 17819
1752848142926 1.1739214658737183 18314
1752848248923 1.1660001277923584 18809
1752848354014 1.0913294553756714 19304
1752848460071 1.1323665380477905 19799
1752848565072 1.0038834810256958 20294
1752848671036 0.952904224395752 20789
1752848776251 1.0340831279754639 21284
1752848881372 1.0365270376205444 21779
1752848986385 0.9990890026092529 22274
1752849091693 0.9643880128860474 22769
1752849196756 0.9694480299949646 23264
1752849302225 0.929789125919342 23759
1752849407304 0.8692601919174194 24254
1752849513792 0.9926429986953735 24749
1752849619936 0.9056522846221924 25244
1752849724993 0.8450807332992554 25739
1752849830273 0.8832669258117676 26234
1752849935463 0.8419779539108276 26729
1752850040504 0.8226786851882935 27224
1752850145925 0.8436471223831177 27719
1752850251001 0.8655841946601868 28214
1752850355987 0.8225637674331665 28709
1752850461249 0.8267078399658203 29204
1752850566423 0.8059877157211304 29699
1752850671498 0.774103045463562 30194
1752850777650 0.8126195073127747 30689
1752850882956 0.765063464641571 31184
1752850988900 0.8117992281913757 31679
1752851094049 0.7729295492172241 32174
1752851200219 0.8318000435829163 32669
1752851305280 0.7532172203063965 33164
1752851410431 0.768713116645813 33659
1752851516479 0.7219722867012024 34154
1752851622783 0.7357338070869446 34649
1752851727887 0.7526086568832397 35144
1752851833180 0.8131597638130188 35639
1752851938281 0.7682662010192871 36134
1752852043395 0.6528189182281494 36629
1752852149477 0.7829784154891968 37124
1752852254592 0.7468037009239197 37619
1752852359702 0.7538993954658508 38114
1752852464740 0.7338114380836487 38609
1752852569845 0.6738319993019104 39104
1752852674954 0.7213821411132812 39599
1752852780369 0.7574989795684814 40094
1752852885627 0.702816367149353 40589
1752852991770 0.7528209090232849 41084
1752853097911 0.6696743965148926 41579
1752853203008 0.6961377859115601 42074
1752853308180 0.6584245562553406 42569
1752853414365 0.7203531265258789 43064
1752853519711 0.6531625986099243 43559
1752853624774 0.6898068785667419 44054
1752853729917 0.6513491868972778 44549
1752853835001 0.7038936018943787 45044
1752853940148 0.668164074420929 45539
1752854045686 0.6462466716766357 46034
1752854151934 0.6921874284744263 46529
1752854257327 0.6748437881469727 47024
1752854362461 0.6384836435317993 47519
1752854467992 0.6909615397453308 48014
1752854573276 0.6673623919487 48509
1752854678467 0.7157832980155945 49004
1752854783639 0.6463643908500671 49499
