1752844340525 255.71023559570312 494
1752844446451 233.18453979492188 989
1752844552383 210.8524932861328 1484
1752844658277 189.1577911376953 1979
1752844762977 168.08880615234375 2474
1752844868854 147.78810119628906 2969
1752844974893 128.59300231933594 3464
1752845080689 110.89480590820312 3959
1752845186613 95.27354431152344 4454
1752845292442 82.0427017211914 4949
1752845397525 70.73950958251953 5444
1752845503657 60.994564056396484 5939
1752845609656 52.869441986083984 6434
1752845715730 46.04339599609375 6929
1752845820560 40.12716293334961 7424
1752845925639 35.28099822998047 7919
1752846031550 31.4251766204834 8414
1752846137450 28.5139217376709 8909
1752846243428 26.40555191040039 9404
1752846348696 24.934486389160156 9899
1752846453850 23.9959716796875 10394
1752846559843 23.390975952148438 10889
1752846665142 22.981285095214844 11384
1752846771441 22.677915573120117 11879
1752846876591 22.453838348388672 12374
1752846981671 22.2222900390625 12869
1752847087821 22.06159019470215 13364
1752847193745 21.870677947998047 13859
1752847298921 21.776723861694336 14354
1752847404073 21.65268325805664 14849
1752847509420 21.51986312866211 15344
1752847615432 21.47710609436035 15839
1752847721426 21.32967185974121 16334
1752847826676 21.29019546508789 16829
1752847931976 21.187822341918945 17324
1752848037962 21.099246978759766 17819
1752848142926 21.06151008605957 18314
1752848248923 21.019670486450195 18809
1752848354014 20.93074607849121 19304
1752848460071 20.872713088989258 19799
1752848565072 20.866437911987305 20294
1752848671036 20.816579818725586 20789
1752848776251 20.75748634338379 21284
1752848881372 20.73149299621582 21779
1752848986385 20.675966262817383 22274
1752849091693 20.69974136352539 22769
1752849196756 20.65837860107422 23264
1752849302225 20.64556121826172 23759
1752849407304 20.588598251342773 24254
1752849513792 20.584260940551758 24749
1752849619936 20.545658111572266 25244
1752849724993 20.52434539794922 25739
1752849830273 20.54657745361328 26234
1752849935463 20.45857810974121 26729
1752850040504 20.478227615356445 27224
1752850145925 20.42227554321289 27719
1752850251001 20.41754913330078 28214
1752850355987 20.39954948425293 28709
1752850461249 20.39617919921875 29204
1752850566423 20.393659591674805 29699
1752850671498 20.33395767211914 30194
1752850777650 20.32009506225586 30689
1752850882956 20.30254364013672 31184
1752850988900 20.297443389892578 31679
1752851094049 20.240795135498047 32174
1752851200219 20.280967712402344 32669
1752851305280 20.261629104614258 33164
1752851410431 20.248119354248047 33659
1752851516479 20.199665069580078 34154
1752851622783 20.1668701171875 34649
1752851727887 20.171680450439453 35144
1752851833180 20.11064910888672 35639
1752851938281 20.094989776611328 36134
1752852043395 20.07259178161621 36629
1752852149477 20.04895782470703 37124
1752852254592 20.04566764831543 37619
1752852359702 20.012088775634766 38114
1752852464740 19.976747512817383 38609
1752852569845 20.012374877929688 39104
1752852674954 19.95783042907715 39599
1752852780369 19.96808624267578 40094
1752852885627 19.951000213623047 40589
1752852991770 19.94230842590332 41084
1752853097911 19.89466094970703 41579
1752853203008 19.903038024902344 42074
1752853308180 19.870561599731445 42569
1752853414365 19.847936630249023 43064
1752853519711 19.854991912841797 43559
1752853624774 19.811750411987305 44054
1752853729917 19.802488327026367 44549
1752853835001 19.7793025970459 45044
1752853940148 19.764806747436523 45539
1752854045686 19.756385803222656 46034
1752854151934 19.73668098449707 46529
1752854257327 19.749483108520508 47024
1752854362461 19.667922973632812 47519
1752854467992 19.658458709716797 48014
1752854573276 19.646671295166016 48509
1752854678467 19.619447708129883 49004
1752854783639 19.616506576538086 49499
