1752844244849 10.995634078979492 49
1752844253633 7.256689071655273 99
1752844262433 4.522702217102051 149
1752844271217 5.438118934631348 199
1752844280058 3.7612314224243164 249
1752844288932 5.26399040222168 299
1752844297778 6.418876647949219 349
1752844306642 4.382148742675781 399
1752844315495 4.501445770263672 449
1752844342322 3.9523682594299316 499
1752844351147 5.077987194061279 549
1752844359979 4.556746482849121 599
1752844368846 3.683069944381714 649
1752844377703 4.270155906677246 699
1752844386562 3.8689727783203125 749
1752844395433 4.325159549713135 799
1752844404296 3.9545929431915283 849
1752844413175 3.4683194160461426 899
1752844422041 3.867953062057495 949
1752844449107 3.335671901702881 999
1752844457962 3.8503258228302 1049
1752844466807 3.787142753601074 1099
1752844475648 3.587674140930176 1149
1752844484484 3.935375928878784 1199
1752844493342 3.7873268127441406 1249
1752844502224 3.9716858863830566 1299
1752844511101 3.5147078037261963 1349
1752844519985 3.873201847076416 1399
1752844528849 4.4534149169921875 1449
1752844555902 4.079350471496582 1499
1752844564758 3.7379226684570312 1549
1752844573615 3.4158010482788086 1599
1752844582456 3.6808395385742188 1649
1752844591303 3.6530330181121826 1699
1752844600150 3.437568187713623 1749
1752844609016 2.7765209674835205 1799
1752844617902 3.9316201210021973 1849
1752844626776 3.0611603260040283 1899
1752844635759 2.7120699882507324 1949
1752844662596 3.464120626449585 1999
1752844671450 2.9871859550476074 2049
1752844680269 3.2083799839019775 2099
1752844689136 3.4328813552856445 2149
1752844698012 3.3531925678253174 2199
1752844706889 3.4515957832336426 2249
1752844715742 3.3734323978424072 2299
1752844724627 3.7765207290649414 2349
1752844733503 3.3589038848876953 2399
1752844742370 3.5413618087768555 2449
1752844768238 3.2673754692077637 2499
1752844777095 2.4328622817993164 2549
1752844785950 3.449040174484253 2599
1752844794826 2.7009353637695312 2649
1752844803705 2.689087390899658 2699
1752844812587 3.1921579837799072 2749
1752844821462 2.839977264404297 2799
1752844830340 2.2175583839416504 2849
1752844839220 2.7692360877990723 2899
1752844848098 3.039323329925537 2949
1752844875085 3.361086368560791 2999
1752844883944 2.8771743774414062 3049
1752844892799 2.948624610900879 3099
1752844901688 2.913651943206787 3149
1752844910576 2.94869327545166 3199
1752844919452 3.6008222103118896 3249
1752844928329 2.9425063133239746 3299
1752844937241 3.5380382537841797 3349
1752844946128 2.7766776084899902 3399
1752844955014 3.3513875007629395 3449
1752844981943 3.8170289993286133 3499
1752844990795 2.9306554794311523 3549
1752844999679 2.573734760284424 3599
1752845008566 3.0025038719177246 3649
1752845017455 3.2920596599578857 3699
1752845026332 3.138629198074341 3749
1752845035218 2.936168670654297 3799
1752845044124 2.8816566467285156 3849
1752845053022 2.4029972553253174 3899
1752845061939 2.6976799964904785 3949
1752845088649 2.6564931869506836 3999
1752845097509 2.8193039894104004 4049
1752845106403 2.6164512634277344 4099
1752845115278 2.9590864181518555 4149
1752845124182 3.1605429649353027 4199
1752845133052 2.7241711616516113 4249
1752845141928 2.7097878456115723 4299
1752845150815 2.7851617336273193 4349
1752845159717 2.581995964050293 4399
1752845168609 2.5974111557006836 4449
1752845195414 3.126122236251831 4499
1752845204279 2.884546995162964 4549
1752845213162 3.0378823280334473 4599
1752845222065 2.4371228218078613 4649
1752845230933 3.2274091243743896 4699
1752845239808 2.985049247741699 4749
1752845248690 2.1984009742736816 4799
1752845257558 2.451955795288086 4849
1752845266435 2.4221649169921875 4899
1752845275312 2.6489176750183105 4949
1752845302130 2.5273122787475586 4999
1752845311012 2.5545499324798584 5049
1752845319881 2.724808692932129 5099
1752845328777 2.49606990814209 5149
1752845337686 3.0323596000671387 5199
1752845346568 2.9955315589904785 5249
1752845355469 2.4177348613739014 5299
1752845364365 2.6104886531829834 5349
1752845373246 3.2165703773498535 5399
1752845399262 2.2416796684265137 5449
1752845408113 2.5518884658813477 5499
1752845417002 2.7126622200012207 5549
1752845425872 3.3781044483184814 5599
1752845434771 2.4318952560424805 5649
1752845443664 2.6131539344787598 5699
1752845452586 2.3544092178344727 5749
1752845461489 2.528658390045166 5799
1752845470384 3.273632049560547 5849
1752845479289 3.4171977043151855 5899
1752845506272 3.0142464637756348 5949
1752845515129 2.3307127952575684 5999
1752845523997 2.40570068359375 6049
1752845532873 2.6671862602233887 6099
1752845541754 2.4195051193237305 6149
1752845550644 2.6294381618499756 6199
1752845559538 2.8022704124450684 6249
1752845568434 3.019498109817505 6299
1752845577317 2.8869452476501465 6349
1752845586197 2.9736440181732178 6399
1752845613118 3.0445451736450195 6449
1752845622003 3.4464635848999023 6499
1752845630889 2.631589889526367 6549
1752845639762 3.497377395629883 6599
1752845648637 2.7508087158203125 6649
1752845657520 2.781722068786621 6699
1752845666403 2.8967278003692627 6749
1752845675289 2.6384286880493164 6799
1752845684190 2.923654556274414 6849
1752845693097 3.1683707237243652 6899
1752845720066 3.002220630645752 6949
1752845728935 2.99495792388916 6999
1752845737807 2.7021937370300293 7049
1752845746701 2.7620632648468018 7099
1752845755569 2.706059694290161 7149
1752845764451 2.8434462547302246 7199
1752845773331 2.639085292816162 7249
1752845782213 2.853748321533203 7299
1752845791123 3.0126097202301025 7349
1752845800028 2.4099323749542236 7399
1752845825862 2.9147539138793945 7449
1752845834722 2.4957637786865234 7499
1752845843598 2.7811198234558105 7549
1752845852476 2.634542226791382 7599
1752845861375 2.487126350402832 7649
1752845870232 3.2868521213531494 7699
1752845879119 3.0933361053466797 7749
1752845888020 2.94168758392334 7799
1752845896934 3.146589756011963 7849
1752845905828 2.5809946060180664 7899
1752845931828 2.6739182472229004 7949
1752845940703 3.189788818359375 7999
1752845949599 3.042459487915039 8049
1752845958494 2.7709455490112305 8099
1752845967395 2.172466278076172 8149
1752845976279 3.1271398067474365 8199
1752845985172 3.5701749324798584 8249
1752845994060 2.3374814987182617 8299
1752846002963 2.2000436782836914 8349
1752846011832 2.3166635036468506 8399
1752846038624 2.7224771976470947 8449
1752846047492 2.9565887451171875 8499
1752846056377 2.8521909713745117 8549
1752846065287 2.3442373275756836 8599
1752846074178 2.9081506729125977 8649
1752846083060 3.0017452239990234 8699
1752846091947 2.1896111965179443 8749
1752846100842 2.76131534576416 8799
1752846109735 2.700383186340332 8849
1752846118633 2.1150107383728027 8899
1752846145362 2.647115707397461 8949
1752846154221 2.792513847351074 8999
1752846163112 2.018738031387329 9049
1752846171992 2.303135633468628 9099
1752846180885 3.0429186820983887 9149
1752846189772 2.5220532417297363 9199
1752846198668 2.713658094406128 9249
1752846207555 2.5263943672180176 9299
1752846216449 2.518308401107788 9349
1752846225347 2.3485355377197266 9399
1752846252221 2.4900929927825928 9449
1752846261102 3.0311787128448486 9499
1752846269991 3.1929519176483154 9549
1752846278876 2.494488000869751 9599
1752846287776 2.524228572845459 9649
1752846296669 2.054945230484009 9699
1752846305585 2.556276798248291 9749
1752846314463 3.229511260986328 9799
1752846323348 2.5719614028930664 9849
1752846332235 2.9901435375213623 9899
1752846358436 3.006997585296631 9949
1752846367342 2.4263997077941895 9999
1752846376221 2.7257442474365234 10049
1752846385107 2.1982553005218506 10099
1752846394000 2.441575050354004 10149
1752846402895 2.937338352203369 10199
1752846411794 2.1706199645996094 10249
1752846420658 2.372328758239746 10299
1752846429542 3.201178550720215 10349
1752846455610 2.2435269355773926 10399
1752846464464 2.451066017150879 10449
1752846473348 3.329070568084717 10499
1752846482228 2.9248344898223877 10549
1752846491106 2.890759229660034 10599
1752846499989 2.931729316711426 10649
1752846508885 2.1117312908172607 10699
1752846517753 2.86018705368042 10749
1752846526628 2.403123617172241 10799
1752846535525 2.5605344772338867 10849
1752846562435 2.234879493713379 10899
1752846571306 2.3457210063934326 10949
1752846580190 3.066054344177246 10999
1752846589115 2.4614148139953613 11049
1752846598010 2.4707589149475098 11099
1752846606908 2.624155282974243 11149
1752846615805 2.5589523315429688 11199
1752846624697 2.4062793254852295 11249
1752846633585 2.3677995204925537 11299
1752846642491 2.657540798187256 11349
1752846668665 2.43570876121521 11399
1752846677535 2.4603466987609863 11449
1752846686420 3.0071821212768555 11499
1752846695301 2.412224769592285 11549
1752846704173 2.960878849029541 11599
1752846713082 3.0318856239318848 11649
1752846722000 2.2920753955841064 11699
1752846730920 3.323490619659424 11749
1752846739826 2.437340259552002 11799
1752846748733 2.802311658859253 11849
1752846775794 2.456778049468994 11899
1752846784680 2.536895275115967 11949
1752846793572 2.633232593536377 11999
1752846802483 2.4293956756591797 12049
1752846811391 2.420245409011841 12099
1752846820288 2.6156105995178223 12149
1752846829182 2.940176486968994 12199
1752846838078 2.3198795318603516 12249
1752846847003 3.123507022857666 12299
1752846855898 2.6428985595703125 12349
1752846881839 2.655930757522583 12399
1752846890686 3.0221402645111084 12449
1752846899557 2.579533576965332 12499
1752846908452 2.034386157989502 12549
1752846917340 2.5515999794006348 12599
1752846926236 2.7761318683624268 12649
1752846935147 3.1142125129699707 12699
1752846944031 2.81699275970459 12749
1752846952918 2.272735118865967 12799
1752846961818 2.84751558303833 12849
1752846987828 3.224749803543091 12899
1752846996678 2.385746955871582 12949
1752847005551 2.1800308227539062 12999
1752847014439 2.974384069442749 13049
1752847023329 3.0801198482513428 13099
1752847032220 2.2104501724243164 13149
1752847041130 3.1849780082702637 13199
1752847050047 2.5005874633789062 13249
1752847058951 2.690009117126465 13299
1752847067844 2.936133623123169 13349
1752847094815 2.160141944885254 13399
1752847103696 2.296876907348633 13449
1752847112589 2.503554582595825 13499
1752847121499 2.455782651901245 13549
1752847130382 2.573171854019165 13599
1752847139285 2.531698703765869 13649
1752847148208 2.127401828765869 13699
1752847157120 2.3059821128845215 13749
1752847166025 2.746690273284912 13799
1752847174932 2.368851661682129 13849
1752847201691 2.543531894683838 13899
1752847210579 2.5984764099121094 13949
1752847219459 2.529020309448242 13999
1752847228330 2.2924060821533203 14049
1752847237202 3.3841123580932617 14099
1752847246096 2.118762493133545 14149
1752847254996 3.0805983543395996 14199
1752847263907 2.9724645614624023 14249
1752847272807 2.937267780303955 14299
1752847281702 2.7119717597961426 14349
1752847307735 2.1768696308135986 14399
1752847316621 2.3585636615753174 14449
1752847325525 2.385685920715332 14499
1752847334424 3.0711374282836914 14549
1752847343343 2.3969173431396484 14599
1752847352243 3.026477098464966 14649
1752847361152 2.8343708515167236 14699
1752847370059 1.7347805500030518 14749
1752847378966 2.3445639610290527 14799
1752847387871 2.5085506439208984 14849
1752847413820 2.455352306365967 14899
1752847422718 2.975358009338379 14949
1752847431606 2.543253183364868 14999
1752847440507 2.565063953399658 15049
1752847449426 2.639010429382324 15099
1752847458321 2.5878467559814453 15149
1752847467236 2.7448978424072266 15199
1752847476158 2.5632832050323486 15249
1752847485048 2.4774856567382812 15299
1752847511193 2.4250376224517822 15349
1752847520068 1.9440745115280151 15399
1752847528961 2.1819610595703125 15449
1752847537854 2.0612049102783203 15499
1752847546750 2.638120651245117 15549
1752847555659 2.748638153076172 15599
1752847564559 2.1735572814941406 15649
1752847573467 2.8683223724365234 15699
1752847582356 2.9074769020080566 15749
1752847591230 2.258784294128418 15799
1752847618005 2.445186138153076 15849
1752847626868 2.6305036544799805 15899
1752847635754 2.4943597316741943 15949
1752847644644 2.472252368927002 15999
1752847653528 2.823739528656006 16049
1752847662428 2.404207706451416 16099
1752847671328 2.1815590858459473 16149
1752847680221 2.26815128326416 16199
1752847689110 2.4658703804016113 16249
1752847697996 1.811145305633545 16299
1752847724948 2.6350748538970947 16349
1752847733837 2.6561152935028076 16399
1752847742702 2.467367172241211 16449
1752847751577 2.717332363128662 16499
1752847760456 2.380232095718384 16549
1752847769336 2.3321316242218018 16599
1752847778216 2.2439045906066895 16649
1752847787105 2.369701385498047 16699
1752847796001 2.9525017738342285 16749
1752847804906 2.4317972660064697 16799
1752847831007 2.6820764541625977 16849
1752847839901 2.6192357540130615 16899
1752847848775 2.665126085281372 16949
1752847857659 2.7647266387939453 16999
1752847866564 2.890547275543213 17049
1752847875457 2.7359912395477295 17099
1752847884331 2.8189902305603027 17149
1752847893207 2.5823922157287598 17199
1752847902102 2.2729058265686035 17249
1752847911142 2.3102216720581055 17299
1752847937233 3.1295828819274902 17349
1752847946144 2.4456887245178223 17399
1752847955026 2.7156100273132324 17449
1752847963917 2.6574974060058594 17499
1752847972811 2.679385185241699 17549
1752847981708 2.776961088180542 17599
1752847990608 2.3602547645568848 17649
1752847999499 2.34291934967041 17699
1752848008391 2.715498924255371 17749
1752848017274 2.224539041519165 17799
1752848044142 2.315514087677002 17849
1752848053006 2.5168237686157227 17899
1752848061892 2.5134239196777344 17949
1752848070808 3.04390025138855 17999
1752848079716 2.2007200717926025 18049
1752848088617 2.1627776622772217 18099
1752848097523 2.6923415660858154 18149
1752848106445 2.47491455078125 18199
1752848115330 2.732628107070923 18249
1752848124229 2.4523138999938965 18299
1752848149951 2.731511116027832 18349
1752848158844 2.3138046264648438 18399
1752848167728 2.234255313873291 18449
1752848176616 2.4441215991973877 18499
1752848185527 2.4073824882507324 18549
1752848194444 3.0396907329559326 18599
1752848203336 2.660738945007324 18649
1752848212239 2.214550256729126 18699
1752848221142 2.440053939819336 18749
1752848230033 2.546320915222168 18799
1752848256860 1.9312372207641602 18849
1752848265744 2.21667218208313 18899
1752848274632 2.010956287384033 18949
1752848283536 2.507969379425049 18999
1752848292437 2.3352460861206055 19049
1752848301329 2.537067413330078 19099
1752848310217 2.022922992706299 19149
1752848319094 2.482097625732422 19199
1752848327983 2.4523138999938965 19249
1752848336884 2.3774046897888184 19299
1752848362829 2.7772645950317383 19349
1752848371723 2.547950506210327 19399
1752848380615 2.5085301399230957 19449
1752848389510 2.3454291820526123 19499
1752848398404 2.4559707641601562 19549
1752848407294 2.022756576538086 19599
1752848416171 2.383742570877075 19649
1752848425072 2.484025478363037 19699
1752848433958 2.3809022903442383 19749
1752848442850 2.7920775413513184 19799
1752848469809 2.6742308139801025 19849
1752848478689 2.394623279571533 19899
1752848487581 2.8300492763519287 19949
1752848496490 2.354637384414673 19999
1752848505390 2.447056770324707 20049
1752848514277 2.8106985092163086 20099
1752848523169 2.324777126312256 20149
1752848532078 2.036879062652588 20199
1752848540974 2.6071784496307373 20249
1752848566767 2.789445400238037 20299
1752848575659 2.1747238636016846 20349
1752848584553 2.681929588317871 20399
1752848593461 2.3462817668914795 20449
1752848602361 2.470559597015381 20499
1752848611262 2.2348246574401855 20549
1752848620157 2.1975958347320557 20599
1752848629058 2.7055130004882812 20649
1752848637954 2.619357109069824 20699
1752848646855 2.5099401473999023 20749
1752848673643 2.70550537109375 20799
1752848682528 2.306213855743408 20849
1752848691394 2.8869247436523438 20899
1752848700280 2.462167739868164 20949
1752848709184 2.108335494995117 20999
1752848718079 2.731907606124878 21049
1752848726972 2.8685851097106934 21099
1752848735875 2.4367525577545166 21149
1752848744768 3.042466402053833 21199
1752848753658 2.4235317707061768 21249
1752848779711 2.027247428894043 21299
1752848788593 2.4116954803466797 21349
1752848797475 2.746138095855713 21399
1752848806371 2.3323230743408203 21449
1752848815264 2.7315673828125 21499
1752848824157 2.7953732013702393 21549
1752848833058 2.380990505218506 21599
1752848841950 2.410633087158203 21649
1752848850839 2.27480411529541 21699
1752848859744 3.019986629486084 21749
1752848885801 2.4919614791870117 21799
1752848894690 2.0817813873291016 21849
1752848903570 1.7806479930877686 21899
1752848912482 2.463477373123169 21949
1752848921371 2.258355140686035 21999
1752848930266 2.2942733764648438 22049
1752848939145 2.5023083686828613 22099
1752848948020 2.624507188796997 22149
1752848956934 2.717297077178955 22199
1752848965830 2.3495330810546875 22249
1752848991690 2.6746490001678467 22299
1752849000579 2.017622709274292 22349
1752849009457 2.3671936988830566 22399
1752849018361 2.22849440574646 22449
1752849027271 2.4755215644836426 22499
1752849036170 2.274296283721924 22549
1752849045082 1.8996416330337524 22599
1752849053996 2.791278600692749 22649
1752849062884 2.7220888137817383 22699
1752849071776 2.2234420776367188 22749
1752849097903 2.520458221435547 22799
1752849106782 2.0465760231018066 22849
1752849115673 2.1387948989868164 22899
1752849124561 2.4112462997436523 22949
1752849133459 2.4330968856811523 22999
1752849142332 2.8634519577026367 23049
1752849151224 2.709135055541992 23099
1752849160103 2.2707605361938477 23149
1752849168994 2.2404873371124268 23199
1752849177906 2.701751470565796 23249
1752849204075 2.576918601989746 23299
1752849212964 3.1519365310668945 23349
1752849221859 2.246764659881592 23399
1752849230755 2.1703274250030518 23449
1752849239670 1.6989035606384277 23499
1752849248577 2.9068045616149902 23549
1752849257468 2.914094924926758 23599
1752849266362 2.7815959453582764 23649
1752849275262 2.1851892471313477 23699
1752849284142 2.689075469970703 23749
1752849310146 2.483814239501953 23799
1752849319030 2.661832809448242 23849
1752849327911 2.0704808235168457 23899
1752849336791 2.173966884613037 23949
1752849345685 2.960750102996826 23999
1752849354572 2.0177419185638428 24049
1752849363463 2.2886159420013428 24099
1752849372349 2.251335382461548 24149
1752849381248 2.2596662044525146 24199
1752849390156 2.2580792903900146 24249
1752849416141 2.5499894618988037 24299
1752849425031 2.3961024284362793 24349
1752849433907 2.916454792022705 24399
1752849442802 2.3047943115234375 24449
1752849451692 2.523892402648926 24499
1752849460574 3.122706890106201 24549
1752849469469 2.762336015701294 24599
1752849478366 2.0072150230407715 24649
1752849487266 2.6309218406677246 24699
1752849496149 2.114933967590332 24749
1752849523491 2.372645378112793 24799
1752849532382 2.0426435470581055 24849
1752849541273 2.8225011825561523 24899
1752849550174 2.0972049236297607 24949
1752849559068 2.3866705894470215 24999
1752849567964 2.7533535957336426 25049
1752849576850 2.2681660652160645 25099
1752849585747 2.447909355163574 25149
1752849594640 2.3795037269592285 25199
1752849621623 2.7117576599121094 25249
1752849630503 2.487839698791504 25299
1752849639380 2.8069534301757812 25349
1752849648278 2.3516225814819336 25399
1752849657187 2.704989194869995 25449
1752849666101 2.1590867042541504 25499
1752849674986 2.7223644256591797 25549
1752849683867 2.431640863418579 25599
1752849692760 2.627802610397339 25649
1752849701655 1.9889463186264038 25699
1752849727634 2.399878740310669 25749
1752849736535 2.4675002098083496 25799
1752849745429 2.2911124229431152 25849
1752849754326 2.423302173614502 25899
1752849763232 2.1444945335388184 25949
1752849772150 2.399080753326416 25999
1752849781068 2.225219249725342 26049
1752849789963 3.05289626121521 26099
1752849798854 2.1557369232177734 26149
1752849807740 2.3075156211853027 26199
1752849833762 2.0825905799865723 26249
1752849842653 2.370217800140381 26299
1752849851553 2.3280982971191406 26349
1752849860451 2.298271656036377 26399
1752849869333 2.440171003341675 26449
1752849878221 2.535217761993408 26499
1752849887123 3.114900588989258 26549
1752849896041 3.1049118041992188 26599
1752849904946 2.21651554107666 26649
1752849913834 2.3873801231384277 26699
1752849939846 2.963651657104492 26749
1752849948745 2.268388271331787 26799
1752849957644 2.5309739112854004 26849
1752849966536 2.1529483795166016 26899
1752849975434 1.7085864543914795 26949
1752849984331 2.5243618488311768 26999
1752849993219 2.593069076538086 27049
1752850002114 2.3072776794433594 27099
1752850011002 2.5152971744537354 27149
1752850019889 1.9537289142608643 27199
1752850045808 2.997135639190674 27249
1752850054711 2.721036434173584 27299
1752850063596 2.3575820922851562 27349
1752850072500 2.7203011512756348 27399
1752850081402 2.8102192878723145 27449
1752850090295 2.2876570224761963 27499
1752850099194 2.515991687774658 27549
1752850108099 2.2379674911499023 27599
1752850116998 2.414658546447754 27649
1752850125878 2.1365416049957275 27699
1752850152045 2.6663031578063965 27749
1752850160934 2.697408676147461 27799
1752850169813 2.370976686477661 27849
1752850178693 2.72084379196167 27899
1752850187585 2.1247963905334473 27949
1752850196482 2.1192140579223633 27999
1752850205370 2.9697554111480713 28049
1752850214256 2.2754292488098145 28099
1752850223151 2.7445788383483887 28149
1752850232050 2.7169508934020996 28199
1752850258096 2.428096294403076 28249
1752850266970 1.6847255229949951 28299
1752850275872 1.7117738723754883 28349
1752850284767 2.7212045192718506 28399
1752850293648 2.9005563259124756 28449
1752850302543 2.585249900817871 28499
1752850311445 2.601651668548584 28549
1752850320329 2.326707363128662 28599
1752850329207 2.342365264892578 28649
1752850338088 2.098811388015747 28699
1752850363902 2.461487293243408 28749
1752850372793 2.087026834487915 28799
1752850381661 2.262495994567871 28849
1752850390533 2.965853452682495 28899
1752850399422 2.4253947734832764 28949
1752850408312 2.198516368865967 28999
1752850417222 2.2336108684539795 29049
1752850426252 1.9816957712173462 29099
1752850435134 2.1148698329925537 29149
1752850444024 2.1915297508239746 29199
1752850470051 2.240422487258911 29249
1752850478939 2.7064547538757324 29299
1752850487826 2.561781406402588 29349
1752850496709 2.4530856609344482 29399
1752850505630 2.781219005584717 29449
1752850514539 3.3558640480041504 29499
1752850523459 2.184755325317383 29549
1752850532363 2.244243621826172 29599
1752850541263 2.5328774452209473 29649
1752850550163 2.8779354095458984 29699
1752850576141 1.863624095916748 29749
1752850585039 2.177633285522461 29799
1752850593931 2.4173951148986816 29849
1752850602823 2.462157726287842 29899
1752850611690 2.3868579864501953 29949
1752850620573 2.7115607261657715 29999
1752850629475 2.982274293899536 30049
1752850638376 2.5768532752990723 30099
1752850647279 2.635568618774414 30149
1752850673272 3.30461049079895 30199
1752850682124 2.0241246223449707 30249
1752850690993 2.157604217529297 30299
1752850699872 2.6991755962371826 30349
1752850708755 2.152679443359375 30399
1752850717671 2.6797919273376465 30449
1752850726576 2.3262252807617188 30499
1752850735464 2.657963752746582 30549
1752850744346 1.8875808715820312 30599
1752850753235 2.559525966644287 30649
1752850780265 1.8581664562225342 30699
1752850789136 2.508840322494507 30749
1752850798020 2.358678102493286 30799
1752850806894 2.2338078022003174 30849
1752850815791 1.9031617641448975 30899
1752850824689 2.4086430072784424 30949
1752850833593 2.368683338165283 30999
1752850842486 2.475914716720581 31049
1752850851364 1.8309322595596313 31099
1752850860254 2.9127588272094727 31149
1752850886493 2.21083402633667 31199
1752850895378 2.717463493347168 31249
1752850904265 2.3475799560546875 31299
1752850913156 2.2846250534057617 31349
1752850922061 2.82356595993042 31399
1752850930957 2.269592761993408 31449
1752850939860 3.335543155670166 31499
1752850948776 2.3109498023986816 31549
1752850957682 2.2682437896728516 31599
1752850966570 2.5653209686279297 31649
1752850993229 2.0592451095581055 31699
1752851002114 1.5672513246536255 31749
1752851010999 2.160465717315674 31799
1752851019892 2.5014405250549316 31849
1752851028795 1.9275398254394531 31899
1752851037691 2.1356987953186035 31949
1752851046589 1.6334407329559326 31999
1752851055482 2.5290637016296387 32049
1752851064370 2.0382704734802246 32099
1752851073281 2.0404224395751953 32149
1752851099348 2.511223316192627 32199
1752851108222 2.5226998329162598 32249
1752851117090 2.623549222946167 32299
1752851125986 1.9639499187469482 32349
1752851134907 2.503986358642578 32399
1752851143807 2.061990737915039 32449
1752851152699 2.059290885925293 32499
1752851161590 2.4768967628479004 32549
1752851170481 2.502107620239258 32599
1752851179382 1.6711100339889526 32649
1752851206404 2.511894941329956 32699
1752851215294 1.8812243938446045 32749
1752851224177 2.5995068550109863 32799
1752851233067 2.3995718955993652 32849
1752851241963 2.262244939804077 32899
1752851250843 2.230398654937744 32949
1752851259723 2.75101900100708 32999
1752851268611 2.3199524879455566 33049
1752851277487 2.2919199466705322 33099
1752851286364 2.949648380279541 33149
1752851312335 3.204777240753174 33199
1752851321222 2.089980363845825 33249
1752851330097 2.061155319213867 33299
1752851338995 1.931999921798706 33349
1752851347891 2.4602575302124023 33399
1752851356802 1.9524471759796143 33449
1752851365682 1.7337466478347778 33499
1752851374577 1.7774591445922852 33549
1752851383478 2.286813259124756 33599
1752851392360 2.761150360107422 33649
1752851418402 1.9785839319229126 33699
1752851427291 2.4535818099975586 33749
1752851436183 1.9236527681350708 33799
1752851445091 1.875679612159729 33849
1752851453976 2.347566604614258 33899
1752851462863 2.2200331687927246 33949
1752851471757 2.0285298824310303 33999
1752851480655 2.131692409515381 34049
1752851489547 2.148512840270996 34099
1752851498435 2.7792460918426514 34149
1752851525309 2.189939022064209 34199
1752851534178 1.8934060335159302 34249
1752851543059 1.9514234066009521 34299
1752851551937 2.523838758468628 34349
1752851560818 2.065648078918457 34399
1752851569685 2.0666611194610596 34449
1752851578558 3.091796875 34499
1752851587426 2.541179895401001 34549
1752851596306 2.1899642944335938 34599
1752851605183 2.4320616722106934 34649
1752851632447 2.133193016052246 34699
1752851641349 2.4489614963531494 34749
1752851650260 2.619356155395508 34799
1752851659173 1.9445054531097412 34849
1752851668058 2.8025076389312744 34899
1752851676957 1.7980875968933105 34949
1752851685861 2.369757652282715 34999
1752851694746 3.0739433765411377 35049
1752851703656 1.8923884630203247 35099
1752851729635 1.7656323909759521 35149
1752851738512 2.4174962043762207 35199
1752851747414 1.8349157571792603 35249
1752851756328 2.218234062194824 35299
1752851765246 2.234684944152832 35349
1752851774150 1.882325291633606 35399
1752851783069 2.0131256580352783 35449
1752851791980 2.2447805404663086 35499
1752851800887 2.2152297496795654 35549
1752851809803 2.4390695095062256 35599
1752851835815 1.7027223110198975 35649
1752851844694 2.2501120567321777 35699
1752851853595 1.9301354885101318 35749
1752851862495 2.4263768196105957 35799
1752851871393 2.372375965118408 35849
1752851880293 2.085754632949829 35899
1752851889187 1.9675745964050293 35949
1752851898075 2.7101755142211914 35999
1752851906959 1.995079755783081 36049
1752851915845 2.606699228286743 36099
1752851941768 1.843617558479309 36149
1752851950664 2.472541332244873 36199
1752851959563 2.3783864974975586 36249
1752851968468 2.0734548568725586 36299
1752851977371 2.425046920776367 36349
1752851986288 2.0483179092407227 36399
1752851995208 2.2870965003967285 36449
1752852004115 2.523493766784668 36499
1752852013008 2.1613950729370117 36549
1752852021922 1.6257394552230835 36599
1752852047739 2.120450019836426 36649
1752852056629 2.0234410762786865 36699
1752852065532 2.146350145339966 36749
1752852074432 2.19986891746521 36799
1752852083346 2.0968210697174072 36849
1752852092244 2.1788365840911865 36899
1752852101148 2.198807954788208 36949
1752852110061 2.265840530395508 36999
1752852118961 2.402226209640503 37049
1752852127853 2.521167755126953 37099
1752852154813 2.5239100456237793 37149
1752852163694 1.8411860466003418 37199
1752852172569 2.2408652305603027 37249
1752852181467 2.0159242153167725 37299
1752852190349 2.3507614135742188 37349
1752852199225 2.1394715309143066 37399
1752852208099 2.59779691696167 37449
1752852216978 2.3280282020568848 37499
1752852225880 2.0153274536132812 37549
1752852234781 1.9033207893371582 37599
1752852260713 2.053863048553467 37649
1752852269593 1.8344473838806152 37699
1752852278472 1.9397857189178467 37749
1752852287384 2.0582709312438965 37799
1752852296276 1.9804599285125732 37849
1752852305186 2.1164731979370117 37899
1752852314096 2.2559704780578613 37949
1752852322986 2.5034022331237793 37999
1752852331868 2.024470806121826 38049
1752852340756 2.2292304039001465 38099
1752852366738 2.1936659812927246 38149
1752852375609 2.006694793701172 38199
1752852384505 1.9602408409118652 38249
1752852393408 2.335114002227783 38299
1752852402324 2.4582509994506836 38349
1752852411201 2.4113070964813232 38399
1752852420102 2.3877010345458984 38449
1752852428980 2.0858371257781982 38499
1752852437877 1.9349114894866943 38549
1752852446765 1.933211326599121 38599
1752852472684 2.2984418869018555 38649
1752852481584 2.318121910095215 38699
1752852490481 2.9883666038513184 38749
1752852499377 2.095494270324707 38799
1752852508254 2.3112363815307617 38849
1752852517153 2.238029718399048 38899
1752852526042 2.4699437618255615 38949
1752852534932 2.426699161529541 38999
1752852543837 2.061971426010132 39049
1752852552735 2.2665441036224365 39099
1752852578662 1.7866942882537842 39149
1752852587558 2.0214829444885254 39199
1752852596466 2.033320665359497 39249
1752852605367 1.8916809558868408 39299
1752852614272 1.7297515869140625 39349
1752852623187 1.8224294185638428 39399
1752852632096 1.538779377937317 39449
1752852640989 2.3403854370117188 39499
1752852649901 1.7827436923980713 39549
1752852658793 2.285722017288208 39599
1752852684706 2.4555883407592773 39649
1752852693610 1.9177322387695312 39699
1752852702516 1.794161081314087 39749
1752852711414 1.6308295726776123 39799
1752852720307 2.389542579650879 39849
1752852729230 2.4153389930725098 39899
1752852738127 1.9986162185668945 39949
1752852747033 1.664495587348938 39999
1752852755937 2.1192264556884766 40049
1752852782160 2.6045711040496826 40099
1752852791044 2.343336820602417 40149
1752852799958 2.564439296722412 40199
1752852808867 2.189138650894165 40249
1752852817782 2.5944859981536865 40299
1752852826713 2.2520434856414795 40349
1752852835621 2.6965417861938477 40399
1752852844518 1.8469908237457275 40449
1752852853424 2.0276055335998535 40499
1752852862328 2.171842098236084 40549
1752852888257 2.181913375854492 40599
1752852897125 1.7799289226531982 40649
1752852906015 2.3353564739227295 40699
1752852914908 2.190178871154785 40749
1752852923808 2.7920076847076416 40799
1752852932721 1.7361304759979248 40849
1752852941753 1.959132432937622 40899
1752852950648 2.4328770637512207 40949
1752852959545 1.6104851961135864 40999
1752852968458 2.361297130584717 41049
1752852995258 1.980416178703308 41099
1752853004145 1.8907182216644287 41149
1752853013018 1.8888267278671265 41199
1752853021918 1.7501215934753418 41249
1752853030832 2.090474843978882 41299
1752853039744 2.6397924423217773 41349
1752853048653 2.437920093536377 41399
1752853057561 2.3082361221313477 41449
1752853066451 2.435608386993408 41499
1752853075350 1.8225232362747192 41549
1752853102271 2.5876667499542236 41599
1752853111150 2.3823492527008057 41649
1752853120046 2.6652262210845947 41699
1752853128937 2.0935308933258057 41749
1752853137836 2.6443023681640625 41799
1752853146727 2.139305591583252 41849
1752853155621 2.3209285736083984 41899
1752853164533 2.0160930156707764 41949
1752853173420 1.9469494819641113 41999
1752853182311 2.381582736968994 42049
1752853208298 2.233103036880493 42099
1752853217195 2.0241153240203857 42149
1752853226078 2.002624988555908 42199
1752853234966 2.537994861602783 42249
1752853243869 2.2846574783325195 42299
1752853252758 2.4083645343780518 42349
1752853261640 1.926307201385498 42399
1752853270525 1.8986412286758423 42449
1752853279431 2.347978353500366 42499
1752853288328 2.3926656246185303 42549
1752853314376 2.0202410221099854 42599
1752853323262 2.4595229625701904 42649
1752853332158 1.8284473419189453 42699
1752853341060 2.4326658248901367 42749
1752853349971 2.092724561691284 42799
1752853358871 2.0268115997314453 42849
1752853367772 2.3253777027130127 42899
1752853376659 2.082146644592285 42949
1752853385571 2.1226603984832764 42999
1752853394476 1.9567556381225586 43049
1752853421402 1.9184260368347168 43099
1752853430289 2.10193133354187 43149
1752853439178 2.4410321712493896 43199
1752853448080 2.34127140045166 43249
1752853456985 1.9186365604400635 43299
1752853465895 1.4803968667984009 43349
1752853474792 2.33349609375 43399
1752853483685 1.5861635208129883 43449
1752853492576 2.078256130218506 43499
1752853501470 2.5798566341400146 43549
1752853527593 2.2006707191467285 43599
1752853536465 2.5077931880950928 43649
1752853545352 1.8203778266906738 43699
1752853554252 1.633206844329834 43749
1752853563150 2.3026347160339355 43799
1752853572035 2.871309995651245 43849
1752853580941 2.040541648864746 43899
1752853589847 1.9317997694015503 43949
1752853598738 2.520124912261963 43999
1752853607643 2.6675868034362793 44049
1752853633605 1.942732334136963 44099
1752853642490 2.514626979827881 44149
1752853651383 2.5615835189819336 44199
1752853660290 2.258021116256714 44249
1752853669171 2.460447311401367 44299
1752853678074 1.9272096157073975 44349
1752853686985 2.137451171875 44399
1752853695882 2.055772066116333 44449
1752853704774 2.2751331329345703 44499
1752853713709 2.2173876762390137 44549
1752853739644 1.5153074264526367 44599
1752853748551 2.3185014724731445 44649
1752853757447 2.2725934982299805 44699
1752853766344 2.350238800048828 44749
1752853775245 2.632291316986084 44799
1752853784140 2.0311169624328613 44849
1752853793023 2.2285237312316895 44899
1752853801909 2.414792060852051 44949
1752853810823 2.4076879024505615 44999
1752853836740 1.6089696884155273 45049
1752853845624 1.8855218887329102 45099
1752853854536 2.0594406127929688 45149
1752853863439 2.098168134689331 45199
1752853872349 1.856461524963379 45249
1752853881260 2.1684582233428955 45299
1752853890152 2.0553910732269287 45349
1752853899079 2.408202648162842 45399
1752853908002 1.9530858993530273 45449
1752853916915 2.2692689895629883 45499
1752853942793 2.561070442199707 45549
1752853951666 2.2620978355407715 45599
1752853960560 2.0643692016601562 45649
1752853969590 1.889892816543579 45699
1752853978489 2.06411075592041 45749
1752853987376 1.7581274509429932 45799
1752853996252 1.8247648477554321 45849
1752854005153 2.4898204803466797 45899
1752854014043 2.3603506088256836 45949
1752854022940 1.6106224060058594 45999
1752854049191 2.0857133865356445 46049
1752854058089 2.00612211227417 46099
1752854066997 2.3703560829162598 46149
1752854075898 2.3210158348083496 46199
1752854084804 2.798949718475342 46249
1752854093724 2.1660311222076416 46299
1752854102637 2.2762386798858643 46349
1752854111539 1.8860454559326172 46399
1752854120451 1.6643012762069702 46449
1752854129371 1.7717444896697998 46499
1752854156294 1.990563988685608 46549
1752854165186 1.9190701246261597 46599
1752854174083 1.4485337734222412 46649
1752854182966 2.641360282897949 46699
1752854191860 1.901911735534668 46749
1752854200773 2.072303056716919 46799
1752854209676 2.1962900161743164 46849
1752854218576 2.2158493995666504 46899
1752854227496 1.9153118133544922 46949
1752854236408 2.0550127029418945 46999
1752854262649 2.1927859783172607 47049
1752854271532 1.8417141437530518 47099
1752854280420 1.9275295734405518 47149
1752854289311 2.1197195053100586 47199
1752854298202 1.9262386560440063 47249
1752854307094 2.3708739280700684 47299
1752854315992 2.465684413909912 47349
1752854324891 2.206498622894287 47399
1752854333796 1.7926130294799805 47449
1752854342693 1.8132970333099365 47499
1752854368678 2.45894193649292 47549
1752854377584 1.9632930755615234 47599
1752854386473 1.9437339305877686 47649
1752854395368 2.5223946571350098 47699
1752854404246 2.2419090270996094 47749
1752854413146 2.2151737213134766 47799
1752854422035 2.0185325145721436 47849
1752854430943 1.7494834661483765 47899
1752854439862 1.7271511554718018 47949
1752854448776 2.086595058441162 47999
1752854475063 2.045009136199951 48049
1752854483962 1.590118646621704 48099
1752854492854 2.1089353561401367 48149
1752854501754 2.280094623565674 48199
1752854510667 1.7615220546722412 48249
1752854519574 2.1602487564086914 48299
1752854528470 1.7900385856628418 48349
1752854537394 1.6720218658447266 48399
1752854546298 2.2869417667388916 48449
1752854555197 2.322105884552002 48499
1752854581187 2.726198434829712 48549
1752854590078 2.3303940296173096 48599
1752854598966 1.5127809047698975 48649
1752854607875 2.0158157348632812 48699
1752854616767 1.8261128664016724 48749
1752854625674 1.7287683486938477 48799
1752854634569 2.3690555095672607 48849
1752854643463 2.346163272857666 48899
1752854652371 2.1890711784362793 48949
1752854661282 1.95720636844635 48999
1752854687259 2.4328250885009766 49049
1752854696162 1.8617287874221802 49099
1752854705043 2.3821051120758057 49149
1752854713949 2.328701972961426 49199
1752854722867 1.8627653121948242 49249
1752854731778 1.616481065750122 49299
1752854740689 1.7966718673706055 49349
1752854749585 2.029541015625 49399
1752854758475 2.4109578132629395 49449
1752854767381 1.7688437700271606 49499
