1752844244849 0.046764031052589417 49
1752844253633 0.04092227667570114 99
1752844262433 0.0321725457906723 149
1752844271217 0.03244556486606598 199
1752844280058 0.027161767706274986 249
1752844288932 0.031093301251530647 299
1752844297778 0.033141136169433594 349
1752844306642 0.03480416536331177 399
1752844315495 0.03110998496413231 449
1752844342322 0.030423324555158615 499
1752844351147 0.029863793402910233 549
1752844359979 0.029982058331370354 599
1752844368846 0.026499176397919655 649
1752844377703 0.033333782106637955 699
1752844386562 0.028765182942152023 749
1752844395433 0.03162336349487305 799
1752844404296 0.02643573097884655 849
1752844413175 0.024344317615032196 899
1752844422041 0.02638636901974678 949
1752844449107 0.03624817728996277 999
1752844457962 0.033610325306653976 1049
1752844466807 0.022797124460339546 1099
1752844475648 0.0285293348133564 1149
1752844484484 0.027657264843583107 1199
1752844493342 0.027526721358299255 1249
1752844502224 0.03835764527320862 1299
1752844511101 0.024432698264718056 1349
1752844519985 0.02381051704287529 1399
1752844528849 0.02566498890519142 1449
1752844555902 0.03180886059999466 1499
1752844564758 0.02726621739566326 1549
1752844573615 0.020718824118375778 1599
1752844582456 0.034352920949459076 1649
1752844591303 0.02610539086163044 1699
1752844600150 0.03247303515672684 1749
1752844609016 0.02416517585515976 1799
1752844617902 0.023806344717741013 1849
1752844626776 0.02068180963397026 1899
1752844635759 0.027398675680160522 1949
1752844662596 0.03170445188879967 1999
1752844671450 0.024841349571943283 2049
1752844680269 0.03367651626467705 2099
1752844689136 0.021475639194250107 2149
1752844698012 0.02388460747897625 2199
1752844706889 0.030732516199350357 2249
1752844715742 0.023918675258755684 2299
1752844724627 0.025768591091036797 2349
1752844733503 0.023137539625167847 2399
1752844742370 0.023384355008602142 2449
1752844768238 0.02577432058751583 2499
1752844777095 0.015385918319225311 2549
1752844785950 0.024829046800732613 2599
1752844794826 0.01744275912642479 2649
1752844803705 0.02371128462255001 2699
1752844812587 0.023610375821590424 2749
1752844821462 0.01597103290259838 2799
1752844830340 0.02560190111398697 2849
1752844839220 0.01963862217962742 2899
1752844848098 0.022401532158255577 2949
1752844875085 0.021149035543203354 2999
1752844883944 0.02557206153869629 3049
1752844892799 0.026173856109380722 3099
1752844901688 0.01953849196434021 3149
1752844910576 0.01812112145125866 3199
1752844919452 0.026896122843027115 3249
1752844928329 0.018109077587723732 3299
1752844937241 0.02459791488945484 3349
1752844946128 0.02250698022544384 3399
1752844955014 0.02198406308889389 3449
1752844981943 0.018435336649417877 3499
1752844990795 0.024414673447608948 3549
1752844999679 0.03011256270110607 3599
1752845008566 0.0196620374917984 3649
1752845017455 0.02484581060707569 3699
1752845026332 0.02442280948162079 3749
1752845035218 0.021421801298856735 3799
1752845044124 0.022901391610503197 3849
1752845053022 0.023960715159773827 3899
1752845061939 0.022170821204781532 3949
1752845088649 0.022197552025318146 3999
1752845097509 0.018618522211909294 4049
1752845106403 0.017110105603933334 4099
1752845115278 0.015107729472219944 4149
1752845124182 0.020638301968574524 4199
1752845133052 0.021063176915049553 4249
1752845141928 0.020993633195757866 4299
1752845150815 0.01978946104645729 4349
1752845159717 0.01738307997584343 4399
1752845168609 0.018595460802316666 4449
1752845195414 0.02756107598543167 4499
1752845204279 0.0222778283059597 4549
1752845213162 0.02684047445654869 4599
1752845222065 0.014608452096581459 4649
1752845230933 0.023971330374479294 4699
1752845239808 0.01955220103263855 4749
1752845248690 0.01505905482918024 4799
1752845257558 0.02067706175148487 4849
1752845266435 0.01850730925798416 4899
1752845275312 0.017131613567471504 4949
1752845302130 0.017986413091421127 4999
1752845311012 0.017518265172839165 5049
1752845319881 0.015710022300481796 5099
1752845328777 0.019908741116523743 5149
1752845337686 0.019912106916308403 5199
1752845346568 0.01643240824341774 5249
1752845355469 0.01583697274327278 5299
1752845364365 0.018852418288588524 5349
1752845373246 0.01715453341603279 5399
1752845399262 0.014267466962337494 5449
1752845408113 0.021110866218805313 5499
1752845417002 0.018675697967410088 5549
1752845425872 0.019513536244630814 5599
1752845434771 0.01522569078952074 5649
1752845443664 0.019056636840105057 5699
1752845452586 0.017315372824668884 5749
1752845461489 0.01654023490846157 5799
1752845470384 0.018472304567694664 5849
1752845479289 0.020560748875141144 5899
1752845506272 0.020068369805812836 5949
1752845515129 0.01981642283499241 5999
1752845523997 0.018887072801589966 6049
1752845532873 0.020042724907398224 6099
1752845541754 0.014732670970261097 6149
1752845550644 0.019357990473508835 6199
1752845559538 0.01767764613032341 6249
1752845568434 0.01692812331020832 6299
1752845577317 0.014016909524798393 6349
1752845586197 0.016493279486894608 6399
1752845613118 0.01740182377398014 6449
1752845622003 0.017075106501579285 6499
1752845630889 0.017065253108739853 6549
1752845639762 0.01966669410467148 6599
1752845648637 0.022914497181773186 6649
1752845657520 0.013117121532559395 6699
1752845666403 0.016502119600772858 6749
1752845675289 0.013445649296045303 6799
1752845684190 0.01929537020623684 6849
1752845693097 0.025789737701416016 6899
1752845720066 0.025334076955914497 6949
1752845728935 0.020678814500570297 6999
1752845737807 0.015472354367375374 7049
1752845746701 0.018232101574540138 7099
1752845755569 0.01723581925034523 7149
1752845764451 0.01737895980477333 7199
1752845773331 0.02007206901907921 7249
1752845782213 0.018291737884283066 7299
1752845791123 0.01905141770839691 7349
1752845800028 0.015626247972249985 7399
1752845825862 0.021487921476364136 7449
1752845834722 0.01522758137434721 7499
1752845843598 0.01663728430867195 7549
1752845852476 0.014972593635320663 7599
1752845861375 0.01688433066010475 7649
1752845870232 0.015762006863951683 7699
1752845879119 0.01747615449130535 7749
1752845888020 0.021043667569756508 7799
1752845896934 0.018101822584867477 7849
1752845905828 0.023381713777780533 7899
1752845931828 0.01944209821522236 7949
1752845940703 0.022037440910935402 7999
1752845949599 0.018978595733642578 8049
1752845958494 0.016212809830904007 8099
1752845967395 0.015189501456916332 8149
1752845976279 0.020917443558573723 8199
1752845985172 0.01843925006687641 8249
1752845994060 0.018004078418016434 8299
1752846002963 0.016569871455430984 8349
1752846011832 0.013961059972643852 8399
1752846038624 0.018057867884635925 8449
1752846047492 0.020543117076158524 8499
1752846056377 0.024184443056583405 8549
1752846065287 0.01633332669734955 8599
1752846074178 0.019626811146736145 8649
1752846083060 0.03072841465473175 8699
1752846091947 0.014511996880173683 8749
1752846100842 0.017026465386152267 8799
1752846109735 0.016983309760689735 8849
1752846118633 0.017560873180627823 8899
1752846145362 0.018233144655823708 8949
1752846154221 0.01475901436060667 8999
1752846163112 0.013309076428413391 9049
1752846171992 0.018262512981891632 9099
1752846180885 0.020598864182829857 9149
1752846189772 0.02292277291417122 9199
1752846198668 0.015247488394379616 9249
1752846207555 0.015720892697572708 9299
1752846216449 0.02061130851507187 9349
1752846225347 0.014220255427062511 9399
1752846252221 0.016935646533966064 9449
1752846261102 0.015424649231135845 9499
1752846269991 0.02061784639954567 9549
1752846278876 0.017190614715218544 9599
1752846287776 0.018228920176625252 9649
1752846296669 0.01589137315750122 9699
1752846305585 0.017103256657719612 9749
1752846314463 0.020237188786268234 9799
1752846323348 0.014758221805095673 9849
1752846332235 0.018219109624624252 9899
1752846358436 0.015076525509357452 9949
1752846367342 0.016191871836781502 9999
1752846376221 0.01376861147582531 10049
1752846385107 0.014030944555997849 10099
1752846394000 0.016429252922534943 10149
1752846402895 0.013732613064348698 10199
1752846411794 0.014049260877072811 10249
1752846420658 0.014415673911571503 10299
1752846429542 0.01604108139872551 10349
1752846455610 0.016574924811720848 10399
1752846464464 0.014938339591026306 10449
1752846473348 0.01650635525584221 10499
1752846482228 0.015405368991196156 10549
1752846491106 0.015679316595196724 10599
1752846499989 0.023188501596450806 10649
1752846508885 0.011037427000701427 10699
1752846517753 0.01721257157623768 10749
1752846526628 0.015505692921578884 10799
1752846535525 0.013301113620400429 10849
1752846562435 0.015358807519078255 10899
1752846571306 0.014396613463759422 10949
1752846580190 0.019592538475990295 10999
1752846589115 0.017113856971263885 11049
1752846598010 0.02030046097934246 11099
1752846606908 0.016511261463165283 11149
1752846615805 0.013237819075584412 11199
1752846624697 0.014170941896736622 11249
1752846633585 0.01332838274538517 11299
1752846642491 0.01328810304403305 11349
1752846668665 0.015813427045941353 11399
1752846677535 0.017697498202323914 11449
1752846686420 0.022233696654438972 11499
1752846695301 0.014395389705896378 11549
1752846704173 0.015560165047645569 11599
1752846713082 0.01788748987019062 11649
1752846722000 0.01512471679598093 11699
1752846730920 0.019584281370043755 11749
1752846739826 0.014072155579924583 11799
1752846748733 0.01970633864402771 11849
1752846775794 0.014612510800361633 11899
1752846784680 0.014811905100941658 11949
1752846793572 0.019953176379203796 11999
1752846802483 0.018340276554226875 12049
1752846811391 0.013889200985431671 12099
1752846820288 0.013241143897175789 12149
1752846829182 0.01612951047718525 12199
1752846838078 0.015952307730913162 12249
1752846847003 0.015959423035383224 12299
1752846855898 0.021395031362771988 12349
1752846881839 0.013592081144452095 12399
1752846890686 0.027275264263153076 12449
1752846899557 0.014976846054196358 12499
1752846908452 0.011403783224523067 12549
1752846917340 0.015540869906544685 12599
1752846926236 0.015048032626509666 12649
1752846935147 0.01740364357829094 12699
1752846944031 0.013922037556767464 12749
1752846952918 0.013102905824780464 12799
1752846961818 0.02310917153954506 12849
1752846987828 0.017012057825922966 12899
1752846996678 0.012037654407322407 12949
1752847005551 0.020113898441195488 12999
1752847014439 0.014175200834870338 13049
1752847023329 0.014118338003754616 13099
1752847032220 0.014081781730055809 13149
1752847041130 0.022044284269213676 13199
1752847050047 0.014103266410529613 13249
1752847058951 0.019478533416986465 13299
1752847067844 0.024007530882954597 13349
1752847094815 0.015923865139484406 13399
1752847103696 0.014207340776920319 13449
1752847112589 0.013908126391470432 13499
1752847121499 0.017412517219781876 13549
1752847130382 0.01434217020869255 13599
1752847139285 0.01520775631070137 13649
1752847148208 0.013120952062308788 13699
1752847157120 0.015329371206462383 13749
1752847166025 0.01617235690355301 13799
1752847174932 0.014730233699083328 13849
1752847201691 0.01925045996904373 13899
1752847210579 0.019137589260935783 13949
1752847219459 0.01492332573980093 13999
1752847228330 0.014934837818145752 14049
1752847237202 0.014486456289887428 14099
1752847246096 0.017281273379921913 14149
1752847254996 0.016100862994790077 14199
1752847263907 0.018090620636940002 14249
1752847272807 0.014695921912789345 14299
1752847281702 0.014339772053062916 14349
1752847307735 0.01470181718468666 14399
1752847316621 0.016814759001135826 14449
1752847325525 0.016324570402503014 14499
1752847334424 0.017339803278446198 14549
1752847343343 0.013244425877928734 14599
1752847352243 0.01633826084434986 14649
1752847361152 0.018309593200683594 14699
1752847370059 0.01946340501308441 14749
1752847378966 0.016154993325471878 14799
1752847387871 0.013270517811179161 14849
1752847413820 0.0171761866658926 14899
1752847422718 0.02596016228199005 14949
1752847431606 0.014069342985749245 14999
1752847440507 0.018340973183512688 15049
1752847449426 0.01577553153038025 15099
1752847458321 0.017058707773685455 15149
1752847467236 0.02224324457347393 15199
1752847476158 0.01738620549440384 15249
1752847485048 0.016326047480106354 15299
1752847511193 0.016551882028579712 15349
1752847520068 0.01149699091911316 15399
1752847528961 0.014741696417331696 15449
1752847537854 0.016391484066843987 15499
1752847546750 0.014692569151520729 15549
1752847555659 0.017719151452183723 15599
1752847564559 0.015396762639284134 15649
1752847573467 0.014502324163913727 15699
1752847582356 0.02023288980126381 15749
1752847591230 0.015341069549322128 15799
1752847618005 0.01597784087061882 15849
1752847626868 0.014702873304486275 15899
1752847635754 0.014800487086176872 15949
1752847644644 0.011697174981236458 15999
1752847653528 0.014718916267156601 16049
1752847662428 0.01204424723982811 16099
1752847671328 0.013598889112472534 16149
1752847680221 0.014726471155881882 16199
1752847689110 0.014226284809410572 16249
1752847697996 0.011395715177059174 16299
1752847724948 0.015702001750469208 16349
1752847733837 0.013734830543398857 16399
1752847742702 0.014493882656097412 16449
1752847751577 0.01840432919561863 16499
1752847760456 0.012544707395136356 16549
1752847769336 0.018024329096078873 16599
1752847778216 0.011816773563623428 16649
1752847787105 0.024466553702950478 16699
1752847796001 0.019834771752357483 16749
1752847804906 0.019505253061652184 16799
1752847831007 0.020370615646243095 16849
1752847839901 0.016643814742565155 16899
1752847848775 0.014553800225257874 16949
1752847857659 0.01570190116763115 16999
1752847866564 0.013864513486623764 17049
1752847875457 0.016866888850927353 17099
1752847884331 0.014730129390954971 17149
1752847893207 0.014078618958592415 17199
1752847902102 0.012498056516051292 17249
1752847911142 0.011809956282377243 17299
1752847937233 0.013439374044537544 17349
1752847946144 0.01304969284683466 17399
1752847955026 0.02038278989493847 17449
1752847963917 0.014930191449820995 17499
1752847972811 0.013149089179933071 17549
1752847981708 0.025004835799336433 17599
1752847990608 0.017676226794719696 17649
1752847999499 0.011162844486534595 17699
1752848008391 0.013563109561800957 17749
1752848017274 0.012965469621121883 17799
1752848044142 0.014118123799562454 17849
1752848053006 0.013012333773076534 17899
1752848061892 0.014599203132092953 17949
1752848070808 0.015259478241205215 17999
1752848079716 0.011669052764773369 18049
1752848088617 0.017262063920497894 18099
1752848097523 0.012479311786592007 18149
1752848106445 0.012814078480005264 18199
1752848115330 0.013586781919002533 18249
1752848124229 0.01586669124662876 18299
1752848149951 0.018879327923059464 18349
1752848158844 0.015374602749943733 18399
1752848167728 0.011402457021176815 18449
1752848176616 0.013024037703871727 18499
1752848185527 0.016128748655319214 18549
1752848194444 0.015546410344541073 18599
1752848203336 0.013750940561294556 18649
1752848212239 0.012986786663532257 18699
1752848221142 0.014802176505327225 18749
1752848230033 0.014677210710942745 18799
1752848256860 0.013400902040302753 18849
1752848265744 0.011732607148587704 18899
1752848274632 0.01396386232227087 18949
1752848283536 0.01518802996724844 18999
1752848292437 0.014487816952168941 19049
1752848301329 0.018706517294049263 19099
1752848310217 0.011535430327057838 19149
1752848319094 0.01285253744572401 19199
1752848327983 0.01480491179972887 19249
1752848336884 0.013068621046841145 19299
1752848362829 0.014443102292716503 19349
1752848371723 0.01667328178882599 19399
1752848380615 0.015661878511309624 19449
1752848389510 0.01353156566619873 19499
1752848398404 0.01782285049557686 19549
1752848407294 0.01546111423522234 19599
1752848416171 0.01428234949707985 19649
1752848425072 0.015643365681171417 19699
1752848433958 0.0160570926964283 19749
1752848442850 0.015284732915461063 19799
1752848469809 0.01662054844200611 19849
1752848478689 0.015430429019033909 19899
1752848487581 0.013766858726739883 19949
1752848496490 0.015773985534906387 19999
1752848505390 0.015277179889380932 20049
1752848514277 0.0179038867354393 20099
1752848523169 0.010607726871967316 20149
1752848532078 0.011760586872696877 20199
1752848540974 0.014317946508526802 20249
1752848566767 0.018612489104270935 20299
1752848575659 0.01519665028899908 20349
1752848584553 0.020501714199781418 20399
1752848593461 0.018937045708298683 20449
1752848602361 0.01377373468130827 20499
1752848611262 0.01317460648715496 20549
1752848620157 0.01258070021867752 20599
1752848629058 0.012322919443249702 20649
1752848637954 0.012347856536507607 20699
1752848646855 0.01366286352276802 20749
1752848673643 0.016078073531389236 20799
1752848682528 0.015516834333539009 20849
1752848691394 0.016872216016054153 20899
1752848700280 0.019602138549089432 20949
1752848709184 0.016070779412984848 20999
1752848718079 0.016090920194983482 21049
1752848726972 0.01675030216574669 21099
1752848735875 0.012284357100725174 21149
1752848744768 0.015403330326080322 21199
1752848753658 0.012501626275479794 21249
1752848779711 0.010734286159276962 21299
1752848788593 0.016270384192466736 21349
1752848797475 0.01171718817204237 21399
1752848806371 0.01237370166927576 21449
1752848815264 0.016939932480454445 21499
1752848824157 0.015892304480075836 21549
1752848833058 0.012448715977370739 21599
1752848841950 0.01406663004308939 21649
1752848850839 0.013077720068395138 21699
1752848859744 0.023270370438694954 21749
1752848885801 0.019847655668854713 21799
1752848894690 0.010250522755086422 21849
1752848903570 0.010748474858701229 21899
1752848912482 0.013655909337103367 21949
1752848921371 0.015198993496596813 21999
1752848930266 0.016530213877558708 22049
1752848939145 0.01305159367620945 22099
1752848948020 0.018065394833683968 22149
1752848956934 0.013808547519147396 22199
1752848965830 0.010523456148803234 22249
1752848991690 0.01410604827105999 22299
1752849000579 0.015701550990343094 22349
1752849009457 0.016442375257611275 22399
1752849018361 0.01508987508714199 22449
1752849027271 0.012381198816001415 22499
1752849036170 0.013984336517751217 22549
1752849045082 0.010247651487588882 22599
1752849053996 0.014087764546275139 22649
1752849062884 0.015318677760660648 22699
1752849071776 0.017664343118667603 22749
1752849097903 0.012614166364073753 22799
1752849106782 0.010520393028855324 22849
1752849115673 0.0159698985517025 22899
1752849124561 0.012919975444674492 22949
1752849133459 0.016936449334025383 22999
1752849142332 0.015002520754933357 23049
1752849151224 0.019675137475132942 23099
1752849160103 0.014371354132890701 23149
1752849168994 0.013589655980467796 23199
1752849177906 0.013758515939116478 23249
1752849204075 0.012213265523314476 23299
1752849212964 0.016622520983219147 23349
1752849221859 0.010280566290020943 23399
1752849230755 0.010947829112410545 23449
1752849239670 0.009412283077836037 23499
1752849248577 0.014529948122799397 23549
1752849257468 0.018308375030755997 23599
1752849266362 0.015950147062540054 23649
1752849275262 0.013731678016483784 23699
1752849284142 0.016260214149951935 23749
1752849310146 0.014379308559000492 23799
1752849319030 0.012643298134207726 23849
1752849327911 0.011630351655185223 23899
1752849336791 0.010609114542603493 23949
1752849345685 0.019611278548836708 23999
1752849354572 0.013267045840620995 24049
1752849363463 0.011515793390572071 24099
1752849372349 0.013766875490546227 24149
1752849381248 0.01498273853212595 24199
1752849390156 0.011958248913288116 24249
1752849416141 0.01502236071974039 24299
1752849425031 0.01577608659863472 24349
1752849433907 0.018849292770028114 24399
1752849442802 0.013369031250476837 24449
1752849451692 0.011379178613424301 24499
1752849460574 0.017195621505379677 24549
1752849469469 0.014393557794392109 24599
1752849478366 0.01024087518453598 24649
1752849487266 0.014225291088223457 24699
1752849496149 0.012680338695645332 24749
1752849523491 0.011208169162273407 24799
1752849532382 0.01295825932174921 24849
1752849541273 0.016444867476820946 24899
1752849550174 0.011975351721048355 24949
1752849559068 0.011250229552388191 24999
1752849567964 0.016114581376314163 25049
1752849576850 0.013237528502941132 25099
1752849585747 0.017910480499267578 25149
1752849594640 0.015166308730840683 25199
1752849621623 0.014321209862828255 25249
1752849630503 0.011019125580787659 25299
1752849639380 0.01435981597751379 25349
1752849648278 0.014053287915885448 25399
1752849657187 0.012494451366364956 25449
1752849666101 0.011422916315495968 25499
1752849674986 0.0137232206761837 25549
1752849683867 0.017654523253440857 25599
1752849692760 0.016405560076236725 25649
1752849701655 0.01301576942205429 25699
1752849727634 0.015942757949233055 25749
1752849736535 0.013180375099182129 25799
1752849745429 0.013699721544981003 25849
1752849754326 0.01520046591758728 25899
1752849763232 0.014170192182064056 25949
1752849772150 0.01740124449133873 25999
1752849781068 0.011566673405468464 26049
1752849789963 0.026158668100833893 26099
1752849798854 0.011845632456243038 26149
1752849807740 0.01400297787040472 26199
1752849833762 0.01703462190926075 26249
1752849842653 0.018542570993304253 26299
1752849851553 0.012119336053729057 26349
1752849860451 0.01354280300438404 26399
1752849869333 0.015123266726732254 26449
1752849878221 0.016148556023836136 26499
1752849887123 0.01524403877556324 26549
1752849896041 0.015715280547738075 26599
1752849904946 0.014091592282056808 26649
1752849913834 0.015201999805867672 26699
1752849939846 0.02048020251095295 26749
1752849948745 0.012652122415602207 26799
1752849957644 0.013504600152373314 26849
1752849966536 0.012830544263124466 26899
1752849975434 0.01082702074199915 26949
1752849984331 0.013095216825604439 26999
1752849993219 0.015164672397077084 27049
1752850002114 0.012843772768974304 27099
1752850011002 0.012730605900287628 27149
1752850019889 0.012089978903532028 27199
1752850045808 0.016266606748104095 27249
1752850054711 0.015427314676344395 27299
1752850063596 0.012491291388869286 27349
1752850072500 0.019079584628343582 27399
1752850081402 0.019360531121492386 27449
1752850090295 0.014358686283230782 27499
1752850099194 0.015340659767389297 27549
1752850108099 0.011707865633070469 27599
1752850116998 0.015516925603151321 27649
1752850125878 0.011873270384967327 27699
1752850152045 0.018148602917790413 27749
1752850160934 0.014072129502892494 27799
1752850169813 0.01752171665430069 27849
1752850178693 0.013131747022271156 27899
1752850187585 0.013251297175884247 27949
1752850196482 0.012070536613464355 27999
1752850205370 0.015440916642546654 28049
1752850214256 0.011772812344133854 28099
1752850223151 0.02129501663148403 28149
1752850232050 0.012611554004251957 28199
1752850258096 0.01259023416787386 28249
1752850266970 0.009668965823948383 28299
1752850275872 0.01151327509433031 28349
1752850284767 0.013376973569393158 28399
1752850293648 0.015538793988525867 28449
1752850302543 0.012321380898356438 28499
1752850311445 0.013719371519982815 28549
1752850320329 0.01191299594938755 28599
1752850329207 0.014063915237784386 28649
1752850338088 0.010811896994709969 28699
1752850363902 0.012038048356771469 28749
1752850372793 0.012518349103629589 28799
1752850381661 0.013808902353048325 28849
1752850390533 0.015820125117897987 28899
1752850399422 0.012641541659832 28949
1752850408312 0.018086524680256844 28999
1752850417222 0.01590929925441742 29049
1752850426252 0.012835729867219925 29099
1752850435134 0.012733794748783112 29149
1752850444024 0.011846196837723255 29199
1752850470051 0.011761656031012535 29249
1752850478939 0.014821832068264484 29299
1752850487826 0.014247488230466843 29349
1752850496709 0.017641764134168625 29399
1752850505630 0.018086262047290802 29449
1752850514539 0.015179432928562164 29499
1752850523459 0.011351032182574272 29549
1752850532363 0.011171139776706696 29599
1752850541263 0.01359942089766264 29649
1752850550163 0.017781253904104233 29699
1752850576141 0.013944830745458603 29749
1752850585039 0.013029290363192558 29799
1752850593931 0.012681220658123493 29849
1752850602823 0.014313142746686935 29899
1752850611690 0.015681112185120583 29949
1752850620573 0.017107855528593063 29999
1752850629475 0.016574209555983543 30049
1752850638376 0.019059887155890465 30099
1752850647279 0.013102516531944275 30149
1752850673272 0.017402999103069305 30199
1752850682124 0.01154149416834116 30249
1752850690993 0.010916792787611485 30299
1752850699872 0.025737574324011803 30349
1752850708755 0.012891015969216824 30399
1752850717671 0.018660394474864006 30449
1752850726576 0.010835329070687294 30499
1752850735464 0.016154656186699867 30549
1752850744346 0.013090400025248528 30599
1752850753235 0.013282785192131996 30649
1752850780265 0.010830054059624672 30699
1752850789136 0.010727934539318085 30749
1752850798020 0.013710436411201954 30799
1752850806894 0.011463077738881111 30849
1752850815791 0.011094518937170506 30899
1752850824689 0.013144624419510365 30949
1752850833593 0.019324153661727905 30999
1752850842486 0.014625836163759232 31049
1752850851364 0.011119837872684002 31099
1752850860254 0.01794467493891716 31149
1752850886493 0.014344052411615849 31199
1752850895378 0.013593988493084908 31249
1752850904265 0.014519534073770046 31299
1752850913156 0.01126253604888916 31349
1752850922061 0.01300079096108675 31399
1752850930957 0.011000330559909344 31449
1752850939860 0.01620163396000862 31499
1752850948776 0.015983331948518753 31549
1752850957682 0.015918998047709465 31599
1752850966570 0.01522391103208065 31649
1752850993229 0.011318379081785679 31699
1752851002114 0.011457373388111591 31749
1752851010999 0.011123813688755035 31799
1752851019892 0.012367995455861092 31849
1752851028795 0.0125000961124897 31899
1752851037691 0.01824684999883175 31949
1752851046589 0.012027531862258911 31999
1752851055482 0.011594361625611782 32049
1752851064370 0.009384488686919212 32099
1752851073281 0.009280076250433922 32149
1752851099348 0.013814776204526424 32199
1752851108222 0.01290445402264595 32249
1752851117090 0.012141519226133823 32299
1752851125986 0.011003419756889343 32349
1752851134907 0.013987826183438301 32399
1752851143807 0.012323486618697643 32449
1752851152699 0.012653592973947525 32499
1752851161590 0.015080422163009644 32549
1752851170481 0.01116469968110323 32599
1752851179382 0.009575163014233112 32649
1752851206404 0.013164079748094082 32699
1752851215294 0.012504673562943935 32749
1752851224177 0.014811456203460693 32799
1752851233067 0.013547712936997414 32849
1752851241963 0.013607895001769066 32899
1752851250843 0.013544678688049316 32949
1752851259723 0.017101213335990906 32999
1752851268611 0.012041321024298668 33049
1752851277487 0.013199208304286003 33099
1752851286364 0.022328823804855347 33149
1752851312335 0.016782760620117188 33199
1752851321222 0.010655220597982407 33249
1752851330097 0.01225232146680355 33299
1752851338995 0.013523130677640438 33349
1752851347891 0.012013981118798256 33399
1752851356802 0.012862004339694977 33449
1752851365682 0.010646328330039978 33499
1752851374577 0.00940453540533781 33549
1752851383478 0.011812491342425346 33599
1752851392360 0.01583225093781948 33649
1752851418402 0.010706002824008465 33699
1752851427291 0.020604070276021957 33749
1752851436183 0.009476677514612675 33799
1752851445091 0.010109728202223778 33849
1752851453976 0.015331650152802467 33899
1752851462863 0.01531635969877243 33949
1752851471757 0.011810298077762127 33999
1752851480655 0.011375575326383114 34049
1752851489547 0.014757918193936348 34099
1752851498435 0.016143491491675377 34149
1752851525309 0.011798342689871788 34199
1752851534178 0.010608983226120472 34249
1752851543059 0.013393058441579342 34299
1752851551937 0.01165796909481287 34349
1752851560818 0.012354512698948383 34399
1752851569685 0.011885670945048332 34449
1752851578558 0.01616959646344185 34499
1752851587426 0.011093136854469776 34549
1752851596306 0.01498610433191061 34599
1752851605183 0.012263009324669838 34649
1752851632447 0.010485292412340641 34699
1752851641349 0.014882782474160194 34749
1752851650260 0.01364096812903881 34799
1752851659173 0.01512867771089077 34849
1752851668058 0.014178328216075897 34899
1752851676957 0.011384109035134315 34949
1752851685861 0.012292939238250256 34999
1752851694746 0.013242479413747787 35049
1752851703656 0.00914280116558075 35099
1752851729635 0.011526715010404587 35149
1752851738512 0.018892595544457436 35199
1752851747414 0.013668140396475792 35249
1752851756328 0.011291366070508957 35299
1752851765246 0.016144363209605217 35349
1752851774150 0.01512184739112854 35399
1752851783069 0.013226237148046494 35449
1752851791980 0.017367476597428322 35499
1752851800887 0.01117775496095419 35549
1752851809803 0.015790032222867012 35599
1752851835815 0.009251558221876621 35649
1752851844694 0.013163289055228233 35699
1752851853595 0.010319046676158905 35749
1752851862495 0.013302028179168701 35799
1752851871393 0.017857803031802177 35849
1752851880293 0.010996822267770767 35899
1752851889187 0.010160677134990692 35949
1752851898075 0.020113959908485413 35999
1752851906959 0.009571025148034096 36049
1752851915845 0.015486563555896282 36099
1752851941768 0.011588599532842636 36149
1752851950664 0.016445398330688477 36199
1752851959563 0.012577397748827934 36249
1752851968468 0.011056956835091114 36299
1752851977371 0.010854991152882576 36349
1752851986288 0.011751566082239151 36399
1752851995208 0.011862345971167088 36449
1752852004115 0.012399418279528618 36499
1752852013008 0.013046159408986568 36549
1752852021922 0.011015405878424644 36599
1752852047739 0.0127955237403512 36649
1752852056629 0.014414481818675995 36699
1752852065532 0.011329285800457 36749
1752852074432 0.015076384879648685 36799
1752852083346 0.012635025195777416 36849
1752852092244 0.012573542073369026 36899
1752852101148 0.012357031926512718 36949
1752852110061 0.01580921560525894 36999
1752852118961 0.019035492092370987 37049
1752852127853 0.013340556062757969 37099
1752852154813 0.013811727985739708 37149
1752852163694 0.009332283399999142 37199
1752852172569 0.011816229671239853 37249
1752852181467 0.012546525336802006 37299
1752852190349 0.014112482778728008 37349
1752852199225 0.012152796611189842 37399
1752852208099 0.015118898823857307 37449
1752852216978 0.0119466632604599 37499
1752852225880 0.01927834004163742 37549
1752852234781 0.015077565796673298 37599
1752852260713 0.017085902392864227 37649
1752852269593 0.00982122402638197 37699
1752852278472 0.014652669429779053 37749
1752852287384 0.012398606166243553 37799
1752852296276 0.015574129298329353 37849
1752852305186 0.011146880686283112 37899
1752852314096 0.01618088409304619 37949
1752852322986 0.012795739807188511 37999
1752852331868 0.01543621625751257 38049
1752852340756 0.013865415938198566 38099
1752852366738 0.01345204096287489 38149
1752852375609 0.010962697677314281 38199
1752852384505 0.011912562884390354 38249
1752852393408 0.019708910956978798 38299
1752852402324 0.014678074046969414 38349
1752852411201 0.012132752686738968 38399
1752852420102 0.012649239040911198 38449
1752852428980 0.01440425030887127 38499
1752852437877 0.011935482732951641 38549
1752852446765 0.00975131057202816 38599
1752852472684 0.010593369603157043 38649
1752852481584 0.019523773342370987 38699
1752852490481 0.014213662594556808 38749
1752852499377 0.01268733199685812 38799
1752852508254 0.016859397292137146 38849
1752852517153 0.011127563193440437 38899
1752852526042 0.01488184742629528 38949
1752852534932 0.011503467336297035 38999
1752852543837 0.014741073362529278 39049
1752852552735 0.009836726821959019 39099
1752852578662 0.012146489694714546 39149
1752852587558 0.013356050476431847 39199
1752852596466 0.010697916150093079 39249
1752852605367 0.00994291715323925 39299
1752852614272 0.011677777394652367 39349
1752852623187 0.011869595386087894 39399
1752852632096 0.008945208974182606 39449
1752852640989 0.011338979005813599 39499
1752852649901 0.011983299627900124 39549
1752852658793 0.015277532860636711 39599
1752852684706 0.015599984675645828 39649
1752852693610 0.009434819221496582 39699
1752852702516 0.010912720113992691 39749
1752852711414 0.015061819925904274 39799
1752852720307 0.01619073934853077 39849
1752852729230 0.013202314265072346 39899
1752852738127 0.014699429273605347 39949
1752852747033 0.008955750614404678 39999
1752852755937 0.013638139702379704 40049
1752852782160 0.0230775848031044 40099
1752852791044 0.011420690454542637 40149
1752852799958 0.017581529915332794 40199
1752852808867 0.011513827368617058 40249
1752852817782 0.017812153324484825 40299
1752852826713 0.013833342120051384 40349
1752852835621 0.019293012097477913 40399
1752852844518 0.013972779735922813 40449
1752852853424 0.010786129161715508 40499
1752852862328 0.01442024577409029 40549
1752852888257 0.010697465389966965 40599
1752852897125 0.010578282177448273 40649
1752852906015 0.011065905913710594 40699
1752852914908 0.011877426877617836 40749
1752852923808 0.018209876492619514 40799
1752852932721 0.01621111109852791 40849
1752852941753 0.012126119807362556 40899
1752852950648 0.01190347969532013 40949
1752852959545 0.008249378763139248 40999
1752852968458 0.01327047124505043 41049
1752852995258 0.010379379615187645 41099
1752853004145 0.011060859076678753 41149
1752853013018 0.009867377579212189 41199
1752853021918 0.00959079246968031 41249
1752853030832 0.013393168337643147 41299
1752853039744 0.012755000963807106 41349
1752853048653 0.01732936128973961 41399
1752853057561 0.011348754167556763 41449
1752853066451 0.012067317962646484 41499
1752853075350 0.015225316397845745 41549
1752853102271 0.01264535915106535 41599
1752853111150 0.01330529898405075 41649
1752853120046 0.014250760897994041 41699
1752853128937 0.017318202182650566 41749
1752853137836 0.011875312775373459 41799
1752853146727 0.008914671838283539 41849
1752853155621 0.012376396916806698 41899
1752853164533 0.011654697358608246 41949
1752853173420 0.011337636969983578 41999
1752853182311 0.013759816996753216 42049
1752853208298 0.01519756019115448 42099
1752853217195 0.016900423914194107 42149
1752853226078 0.011302206665277481 42199
1752853234966 0.015009026974439621 42249
1752853243869 0.011702565476298332 42299
1752853252758 0.0161160659044981 42349
1752853261640 0.010087262839078903 42399
1752853270525 0.010715119540691376 42449
1752853279431 0.013765448704361916 42499
1752853288328 0.013172018341720104 42549
1752853314376 0.012254816479980946 42599
1752853323262 0.012144728563725948 42649
1752853332158 0.011345911771059036 42699
1752853341060 0.01662333495914936 42749
1752853349971 0.011971243657171726 42799
1752853358871 0.016023728996515274 42849
1752853367772 0.019478054717183113 42899
1752853376659 0.011271115392446518 42949
1752853385571 0.011925026774406433 42999
1752853394476 0.011464118957519531 43049
1752853421402 0.010226793587207794 43099
1752853430289 0.010986709035933018 43149
1752853439178 0.01149347797036171 43199
1752853448080 0.015438242815434933 43249
1752853456985 0.011129413731396198 43299
1752853465895 0.009487145580351353 43349
1752853474792 0.012827755883336067 43399
1752853483685 0.010136770084500313 43449
1752853492576 0.013487753458321095 43499
1752853501470 0.013473846949636936 43549
1752853527593 0.012594813480973244 43599
1752853536465 0.015089934691786766 43649
1752853545352 0.01216389425098896 43699
1752853554252 0.012024156749248505 43749
1752853563150 0.01101547572761774 43799
1752853572035 0.014520889148116112 43849
1752853580941 0.009959548711776733 43899
1752853589847 0.01177847571671009 43949
1752853598738 0.016638414934277534 43999
1752853607643 0.011851930990815163 44049
1752853633605 0.011843392625451088 44099
1752853642490 0.013403788208961487 44149
1752853651383 0.013265952467918396 44199
1752853660290 0.011155631393194199 44249
1752853669171 0.012671537697315216 44299
1752853678074 0.015990473330020905 44349
1752853686985 0.01106577180325985 44399
1752853695882 0.013221120461821556 44449
1752853704774 0.012357466854155064 44499
1752853713709 0.008973604999482632 44549
1752853739644 0.008212323300540447 44599
1752853748551 0.013844954781234264 44649
1752853757447 0.019919488579034805 44699
1752853766344 0.017578575760126114 44749
1752853775245 0.013800426386296749 44799
1752853784140 0.014420230872929096 44849
1752853793023 0.013275617733597755 44899
1752853801909 0.01723022200167179 44949
1752853810823 0.012896868400275707 44999
1752853836740 0.009809709154069424 45049
1752853845624 0.01702779345214367 45099
1752853854536 0.017800597473978996 45149
1752853863439 0.010744255036115646 45199
1752853872349 0.015557077713310719 45249
1752853881260 0.013522674329578876 45299
1752853890152 0.012703975662589073 45349
1752853899079 0.014516517519950867 45399
1752853908002 0.012702368199825287 45449
1752853916915 0.011204500682651997 45499
1752853942793 0.019935909658670425 45549
1752853951666 0.012611200101673603 45599
1752853960560 0.010583103634417057 45649
1752853969590 0.00952118169516325 45699
1752853978489 0.010528863407671452 45749
1752853987376 0.010983593761920929 45799
1752853996252 0.01247220579534769 45849
1752854005153 0.01477304007858038 45899
1752854014043 0.017330868169665337 45949
1752854022940 0.01019199937582016 45999
1752854049191 0.010406862944364548 46049
1752854058089 0.011438123881816864 46099
1752854066997 0.015213973820209503 46149
1752854075898 0.013476409018039703 46199
1752854084804 0.018142392858862877 46249
1752854093724 0.009520955383777618 46299
1752854102637 0.012533007189631462 46349
1752854111539 0.009579106234014034 46399
1752854120451 0.012903198599815369 46449
1752854129371 0.012041249312460423 46499
1752854156294 0.012490220367908478 46549
1752854165186 0.011485090479254723 46599
1752854174083 0.010567727498710155 46649
1752854182966 0.020690564066171646 46699
1752854191860 0.010102528147399426 46749
1752854200773 0.012255677953362465 46799
1752854209676 0.017634432762861252 46849
1752854218576 0.011062223464250565 46899
1752854227496 0.013110670261085033 46949
1752854236408 0.013041279278695583 46999
1752854262649 0.016477573662996292 47049
1752854271532 0.01006034854799509 47099
1752854280420 0.01146182231605053 47149
1752854289311 0.010721396654844284 47199
1752854298202 0.012017063796520233 47249
1752854307094 0.012472789734601974 47299
1752854315992 0.012824807316064835 47349
1752854324891 0.013722664676606655 47399
1752854333796 0.010663804598152637 47449
1752854342693 0.009259229525923729 47499
1752854368678 0.015697110444307327 47549
1752854377584 0.011341681703925133 47599
1752854386473 0.012954087927937508 47649
1752854395368 0.011698789894580841 47699
1752854404246 0.013822353444993496 47749
1752854413146 0.018695810809731483 47799
1752854422035 0.012231055647134781 47849
1752854430943 0.009593252092599869 47899
1752854439862 0.015787724405527115 47949
1752854448776 0.016160400584340096 47999
1752854475063 0.013148441910743713 48049
1752854483962 0.009496411308646202 48099
1752854492854 0.00926197413355112 48149
1752854501754 0.014289455488324165 48199
1752854510667 0.010925667360424995 48249
1752854519574 0.010960293933749199 48299
1752854528470 0.009748457930982113 48349
1752854537394 0.01041992288082838 48399
1752854546298 0.011595695279538631 48449
1752854555197 0.010593527927994728 48499
1752854581187 0.017003383487462997 48549
1752854590078 0.013870742172002792 48599
1752854598966 0.012102583423256874 48649
1752854607875 0.013073145411908627 48699
1752854616767 0.010891911573708057 48749
1752854625674 0.012833270244300365 48799
1752854634569 0.011197054758667946 48849
1752854643463 0.01143939234316349 48899
1752854652371 0.012032327242195606 48949
1752854661282 0.012576685287058353 48999
1752854687259 0.012531518004834652 49049
1752854696162 0.00996777880936861 49099
1752854705043 0.01367759145796299 49149
1752854713949 0.014155048877000809 49199
1752854722867 0.010311892256140709 49249
1752854731778 0.012930820696055889 49299
1752854740689 0.01485626120120287 49349
1752854749585 0.01159167755395174 49399
1752854758475 0.01658264361321926 49449
1752854767381 0.009408487007021904 49499
