1752844244849 2.1725287437438965 49
1752844253633 1.6754672527313232 99
1752844262433 1.27567720413208 149
1752844271217 1.811185598373413 199
1752844280058 1.503427505493164 249
1752844288932 1.0735588073730469 299
1752844297778 1.4219839572906494 349
1752844306642 1.5215965509414673 399
1752844315495 1.5593857765197754 449
1752844342322 1.6645984649658203 499
1752844351147 1.2558324337005615 549
1752844359979 1.217133641242981 599
1752844368846 1.442777395248413 649
1752844377703 0.8486415147781372 699
1752844386562 1.0613484382629395 749
1752844395433 1.6372549533843994 799
1752844404296 1.409092664718628 849
1752844413175 0.9162704348564148 899
1752844422041 0.9834471344947815 949
1752844449107 1.5069890022277832 999
1752844457962 1.0082465410232544 1049
1752844466807 1.116581678390503 1099
1752844475648 1.311516284942627 1149
1752844484484 1.1307642459869385 1199
1752844493342 0.8031284809112549 1249
1752844502224 1.5511765480041504 1299
1752844511101 1.8430334329605103 1349
1752844519985 1.0985774993896484 1399
1752844528849 1.2010996341705322 1449
1752844555902 1.451733112335205 1499
1752844564758 1.3777799606323242 1549
1752844573615 1.1344833374023438 1599
1752844582456 1.1311979293823242 1649
1752844591303 1.0497790575027466 1699
1752844600150 1.357771873474121 1749
1752844609016 1.2928643226623535 1799
1752844617902 1.0607647895812988 1849
1752844626776 1.0349407196044922 1899
1752844635759 1.0506808757781982 1949
1752844662596 1.653312087059021 1999
1752844671450 1.0963134765625 2049
1752844680269 0.9151016473770142 2099
1752844689136 1.366132378578186 2149
1752844698012 1.171389102935791 2199
1752844706889 1.6280877590179443 2249
1752844715742 0.8759559392929077 2299
1752844724627 0.8477661609649658 2349
1752844733503 1.1843483448028564 2399
1752844742370 1.298155665397644 2449
1752844768238 1.1018457412719727 2499
1752844777095 0.9457471966743469 2549
1752844785950 0.8467992544174194 2599
1752844794826 1.005314588546753 2649
1752844803705 1.0593745708465576 2699
1752844812587 1.3206567764282227 2749
1752844821462 1.0585302114486694 2799
1752844830340 1.114130973815918 2849
1752844839220 0.9439919590950012 2899
1752844848098 0.97816002368927 2949
1752844875085 1.2584538459777832 2999
1752844883944 0.953589916229248 3049
1752844892799 0.9595590829849243 3099
1752844901688 0.9057697653770447 3149
1752844910576 1.4322084188461304 3199
1752844919452 1.1655926704406738 3249
1752844928329 1.2059763669967651 3299
1752844937241 0.8009801506996155 3349
1752844946128 0.9611561298370361 3399
1752844955014 0.9016594886779785 3449
1752844981943 1.3578667640686035 3499
1752844990795 1.2564976215362549 3549
1752844999679 1.0626246929168701 3599
1752845008566 1.1467442512512207 3649
1752845017455 0.9822759628295898 3699
1752845026332 1.2306544780731201 3749
1752845035218 1.0942764282226562 3799
1752845044124 1.2691655158996582 3849
1752845053022 1.3471100330352783 3899
1752845061939 1.3224847316741943 3949
1752845088649 1.685272216796875 3999
1752845097509 1.1255970001220703 4049
1752845106403 0.9315727949142456 4099
1752845115278 0.8398000001907349 4149
1752845124182 0.9048801064491272 4199
1752845133052 1.0551812648773193 4249
1752845141928 1.0393084287643433 4299
1752845150815 1.06410813331604 4349
1752845159717 1.052051067352295 4399
1752845168609 1.266479730606079 4449
1752845195414 1.0776112079620361 4499
1752845204279 0.9322339296340942 4549
1752845213162 1.3783254623413086 4599
1752845222065 1.4808741807937622 4649
1752845230933 1.311380386352539 4699
1752845239808 0.8759620785713196 4749
1752845248690 0.8534680604934692 4799
1752845257558 0.9731694459915161 4849
1752845266435 0.7048558592796326 4899
1752845275312 1.3800294399261475 4949
1752845302130 0.7103641629219055 4999
1752845311012 0.873465895652771 5049
1752845319881 0.9553998708724976 5099
1752845328777 1.1531391143798828 5149
1752845337686 1.090753197669983 5199
1752845346568 1.297303557395935 5249
1752845355469 1.1222658157348633 5299
1752845364365 0.9439018964767456 5349
1752845373246 0.9654467105865479 5399
1752845399262 0.905409574508667 5449
1752845408113 0.8218315839767456 5499
1752845417002 0.9493823647499084 5549
1752845425872 1.3017303943634033 5599
1752845434771 0.9145209789276123 5649
1752845443664 0.9969310760498047 5699
1752845452586 1.2533751726150513 5749
1752845461489 0.9630076289176941 5799
1752845470384 1.2995741367340088 5849
1752845479289 1.4052424430847168 5899
1752845506272 1.1298543214797974 5949
1752845515129 1.0756272077560425 5999
1752845523997 0.7128592133522034 6049
1752845532873 1.2613694667816162 6099
1752845541754 1.4910378456115723 6149
1752845550644 1.103351354598999 6199
1752845559538 1.2047123908996582 6249
1752845568434 1.5729668140411377 6299
1752845577317 0.8978451490402222 6349
1752845586197 1.1438372135162354 6399
1752845613118 1.326244831085205 6449
1752845622003 0.8961378335952759 6499
1752845630889 0.9925963878631592 6549
1752845639762 1.340779185295105 6599
1752845648637 1.171889305114746 6649
1752845657520 0.9392179250717163 6699
1752845666403 1.274518370628357 6749
1752845675289 1.2128769159317017 6799
1752845684190 0.8113163113594055 6849
1752845693097 0.8395962119102478 6899
1752845720066 0.8310420513153076 6949
1752845728935 1.71730637550354 6999
1752845737807 0.8721775412559509 7049
1752845746701 0.6939306259155273 7099
1752845755569 0.9397222995758057 7149
1752845764451 0.904871940612793 7199
1752845773331 0.8569201231002808 7249
1752845782213 1.1907999515533447 7299
1752845791123 1.4207844734191895 7349
1752845800028 1.2632725238800049 7399
1752845825862 0.8280989527702332 7449
1752845834722 0.976109504699707 7499
1752845843598 1.021642804145813 7549
1752845852476 1.119947075843811 7599
1752845861375 0.7203002572059631 7649
1752845870232 0.7001675367355347 7699
1752845879119 0.8429346680641174 7749
1752845888020 0.9299308657646179 7799
1752845896934 1.3799612522125244 7849
1752845905828 0.8294351100921631 7899
1752845931828 1.1891555786132812 7949
1752845940703 1.3398659229278564 7999
1752845949599 1.3169760704040527 8049
1752845958494 1.203948736190796 8099
1752845967395 1.074202537536621 8149
1752845976279 0.9214394092559814 8199
1752845985172 0.9016318321228027 8249
1752845994060 0.9840503931045532 8299
1752846002963 1.0282461643218994 8349
1752846011832 0.9076145887374878 8399
1752846038624 1.2120740413665771 8449
1752846047492 0.8187180757522583 8499
1752846056377 0.8028086423873901 8549
1752846065287 0.8649571537971497 8599
1752846074178 0.965827465057373 8649
1752846083060 1.0475170612335205 8699
1752846091947 1.270989179611206 8749
1752846100842 0.6605477929115295 8799
1752846109735 1.094902515411377 8849
1752846118633 1.4398400783538818 8899
1752846145362 1.0033810138702393 8949
1752846154221 0.8005914092063904 8999
1752846163112 0.91881263256073 9049
1752846171992 0.8780079483985901 9099
1752846180885 1.2629997730255127 9149
1752846189772 0.871088981628418 9199
1752846198668 1.2564610242843628 9249
1752846207555 0.6185146570205688 9299
1752846216449 0.6061959266662598 9349
1752846225347 0.9227933883666992 9399
1752846252221 1.0565462112426758 9449
1752846261102 1.1772491931915283 9499
1752846269991 1.1969881057739258 9549
1752846278876 1.3090758323669434 9599
1752846287776 1.1572601795196533 9649
1752846296669 0.5516697764396667 9699
1752846305585 1.1434340476989746 9749
1752846314463 1.0013858079910278 9799
1752846323348 1.444394826889038 9849
1752846332235 1.0973223447799683 9899
1752846358436 0.7606670260429382 9949
1752846367342 1.420483112335205 9999
1752846376221 0.8363163471221924 10049
1752846385107 0.6370389461517334 10099
1752846394000 1.1249561309814453 10149
1752846402895 0.7166043519973755 10199
1752846411794 1.032714605331421 10249
1752846420658 0.8764393329620361 10299
1752846429542 0.983356237411499 10349
1752846455610 0.8586286306381226 10399
1752846464464 0.9687912464141846 10449
1752846473348 1.0892059803009033 10499
1752846482228 0.7584052085876465 10549
1752846491106 0.8349335789680481 10599
1752846499989 1.188740611076355 10649
1752846508885 0.8747047185897827 10699
1752846517753 0.7719731330871582 10749
1752846526628 1.116013526916504 10799
1752846535525 0.7370041012763977 10849
1752846562435 0.6788429617881775 10899
1752846571306 1.1305190324783325 10949
1752846580190 0.9839910864830017 10999
1752846589115 0.9233754277229309 11049
1752846598010 1.0180130004882812 11099
1752846606908 0.5279473662376404 11149
1752846615805 0.669340968132019 11199
1752846624697 0.7499347925186157 11249
1752846633585 1.1724587678909302 11299
1752846642491 0.8264645934104919 11349
1752846668665 0.8440269231796265 11399
1752846677535 1.3764797449111938 11449
1752846686420 0.9144401550292969 11499
1752846695301 1.0205352306365967 11549
1752846704173 0.8312311172485352 11599
1752846713082 0.6635758876800537 11649
1752846722000 1.1615808010101318 11699
1752846730920 0.9496978521347046 11749
1752846739826 0.8630584478378296 11799
1752846748733 0.5980661511421204 11849
1752846775794 0.8797978162765503 11899
1752846784680 1.1766357421875 11949
1752846793572 0.9370118975639343 11999
1752846802483 0.8518263697624207 12049
1752846811391 0.9943357706069946 12099
1752846820288 0.7411714792251587 12149
1752846829182 1.2012128829956055 12199
1752846838078 1.3249084949493408 12249
1752846847003 0.9315414428710938 12299
1752846855898 1.3996648788452148 12349
1752846881839 0.8284000754356384 12399
1752846890686 1.2748252153396606 12449
1752846899557 0.49723970890045166 12499
1752846908452 0.4924475848674774 12549
1752846917340 0.9015065431594849 12599
1752846926236 0.8061316013336182 12649
1752846935147 0.6591607332229614 12699
1752846944031 1.0611138343811035 12749
1752846952918 0.9572502374649048 12799
1752846961818 1.3774597644805908 12849
1752846987828 1.144952416419983 12899
1752846996678 0.8990821838378906 12949
1752847005551 0.88248610496521 12999
1752847014439 0.7154473662376404 13049
1752847023329 0.7496784925460815 13099
1752847032220 1.0403990745544434 13149
1752847041130 0.9820041060447693 13199
1752847050047 1.1201492547988892 13249
1752847058951 0.8302394151687622 13299
1752847067844 0.8485503792762756 13349
1752847094815 0.8147258758544922 13399
1752847103696 0.9082759618759155 13449
1752847112589 0.6118586659431458 13499
1752847121499 0.766112208366394 13549
1752847130382 1.0168355703353882 13599
1752847139285 0.9486536383628845 13649
1752847148208 0.9713623523712158 13699
1752847157120 0.9377111196517944 13749
1752847166025 1.0891151428222656 13799
1752847174932 1.1535041332244873 13849
1752847201691 0.5807833671569824 13899
1752847210579 1.225989580154419 13949
1752847219459 0.5200761556625366 13999
1752847228330 0.6641169786453247 14049
1752847237202 1.152564525604248 14099
1752847246096 1.0326311588287354 14149
1752847254996 1.0905578136444092 14199
1752847263907 1.4055366516113281 14249
1752847272807 1.0216856002807617 14299
1752847281702 1.1225956678390503 14349
1752847307735 0.7991867065429688 14399
1752847316621 1.1947352886199951 14449
1752847325525 0.7715156078338623 14499
1752847334424 0.8376583456993103 14549
1752847343343 0.8676376342773438 14599
1752847352243 0.8638778924942017 14649
1752847361152 1.0716221332550049 14699
1752847370059 1.5520262718200684 14749
1752847378966 0.6946797370910645 14799
1752847387871 0.6724274158477783 14849
1752847413820 0.5777972340583801 14899
1752847422718 0.8060226440429688 14949
1752847431606 1.023073434829712 14999
1752847440507 1.1295968294143677 15049
1752847449426 0.48810237646102905 15099
1752847458321 0.7140095233917236 15149
1752847467236 0.6463791728019714 15199
1752847476158 0.7279332876205444 15249
1752847485048 0.6097174882888794 15299
1752847511193 0.9503461122512817 15349
1752847520068 1.1437997817993164 15399
1752847528961 1.1928634643554688 15449
1752847537854 0.612896740436554 15499
1752847546750 0.8022935390472412 15549
1752847555659 1.341658115386963 15599
1752847564559 0.5937693119049072 15649
1752847573467 0.722442626953125 15699
1752847582356 0.9964671730995178 15749
1752847591230 1.150940179824829 15799
1752847618005 0.7572084665298462 15849
1752847626868 1.0396733283996582 15899
1752847635754 1.020444631576538 15949
1752847644644 0.615816593170166 15999
1752847653528 0.9140617847442627 16049
1752847662428 1.131500244140625 16099
1752847671328 0.9940890073776245 16149
1752847680221 1.0396137237548828 16199
1752847689110 0.8071684837341309 16249
1752847697996 0.6623370051383972 16299
1752847724948 1.112623929977417 16349
1752847733837 1.1689355373382568 16399
1752847742702 0.8123460412025452 16449
1752847751577 1.147500991821289 16499
1752847760456 1.2751867771148682 16549
1752847769336 1.3298782110214233 16599
1752847778216 0.8362659215927124 16649
1752847787105 1.127288818359375 16699
1752847796001 0.6347168684005737 16749
1752847804906 0.8436049222946167 16799
1752847831007 1.099430799484253 16849
1752847839901 1.2726820707321167 16899
1752847848775 1.0831798315048218 16949
1752847857659 0.8512447476387024 16999
1752847866564 1.039027452468872 17049
1752847875457 1.208261251449585 17099
1752847884331 0.8488371968269348 17149
1752847893207 0.8624923229217529 17199
1752847902102 0.793773889541626 17249
1752847911142 1.0539147853851318 17299
1752847937233 0.5792924165725708 17349
1752847946144 1.1349939107894897 17399
1752847955026 0.7940146923065186 17449
1752847963917 0.9798786640167236 17499
1752847972811 0.8617681860923767 17549
1752847981708 0.6356513500213623 17599
1752847990608 1.431952953338623 17649
1752847999499 0.7382141947746277 17699
1752848008391 1.015245795249939 17749
1752848017274 1.1622817516326904 17799
1752848044142 1.1547807455062866 17849
1752848053006 0.8576794862747192 17899
1752848061892 0.751183032989502 17949
1752848070808 0.9360843896865845 17999
1752848079716 1.0885969400405884 18049
1752848088617 0.9395939111709595 18099
1752848097523 0.6742167472839355 18149
1752848106445 0.9085501432418823 18199
1752848115330 0.8569071292877197 18249
1752848124229 0.9328149557113647 18299
1752848149951 0.9755887389183044 18349
1752848158844 0.8216731548309326 18399
1752848167728 0.7715989351272583 18449
1752848176616 0.9846475720405579 18499
1752848185527 0.7860020399093628 18549
1752848194444 1.0076448917388916 18599
1752848203336 1.0837774276733398 18649
1752848212239 0.8532483577728271 18699
1752848221142 1.4142470359802246 18749
1752848230033 1.1878483295440674 18799
1752848256860 0.8724831342697144 18849
1752848265744 0.9609864354133606 18899
1752848274632 0.9110524654388428 18949
1752848283536 0.7432387471199036 18999
1752848292437 0.779677152633667 19049
1752848301329 0.8414173722267151 19099
1752848310217 0.7583954930305481 19149
1752848319094 0.7536734342575073 19199
1752848327983 0.4151676297187805 19249
1752848336884 0.7651980519294739 19299
1752848362829 0.9614655375480652 19349
1752848371723 1.2044739723205566 19399
1752848380615 0.599016547203064 19449
1752848389510 1.2048957347869873 19499
1752848398404 0.8225297331809998 19549
1752848407294 1.2436268329620361 19599
1752848416171 0.6786801815032959 19649
1752848425072 0.8706990480422974 19699
1752848433958 1.1747565269470215 19749
1752848442850 1.6546615362167358 19799
1752848469809 0.8819187879562378 19849
1752848478689 0.9247293472290039 19899
1752848487581 0.6180402636528015 19949
1752848496490 0.890544056892395 19999
1752848505390 0.8813953399658203 20049
1752848514277 1.3336021900177002 20099
1752848523169 0.6560226678848267 20149
1752848532078 1.247300148010254 20199
1752848540974 0.8259730935096741 20249
1752848566767 1.0299148559570312 20299
1752848575659 0.9363166093826294 20349
1752848584553 0.9613816738128662 20399
1752848593461 0.6738967895507812 20449
1752848602361 0.6934242248535156 20499
1752848611262 0.9635210633277893 20549
1752848620157 0.6340768337249756 20599
1752848629058 0.7369412183761597 20649
1752848637954 0.7560484409332275 20699
1752848646855 0.825219452381134 20749
1752848673643 1.086782693862915 20799
1752848682528 0.7848294377326965 20849
1752848691394 0.9678972959518433 20899
1752848700280 0.5514101386070251 20949
1752848709184 1.0213273763656616 20999
1752848718079 1.6234488487243652 21049
1752848726972 0.6807266473770142 21099
1752848735875 0.9352939128875732 21149
1752848744768 0.9398784637451172 21199
1752848753658 0.8383666276931763 21249
1752848779711 0.9051610231399536 21299
1752848788593 1.1235687732696533 21349
1752848797475 0.7648203372955322 21399
1752848806371 1.3105316162109375 21449
1752848815264 0.9884606599807739 21499
1752848824157 1.118219256401062 21549
1752848833058 0.6854660511016846 21599
1752848841950 0.7591466903686523 21649
1752848850839 0.8310340642929077 21699
1752848859744 1.0301055908203125 21749
1752848885801 0.973617434501648 21799
1752848894690 0.935732364654541 21849
1752848903570 0.7179322242736816 21899
1752848912482 0.7647486925125122 21949
1752848921371 1.0175657272338867 21999
1752848930266 0.9866045713424683 22049
1752848939145 0.7712095975875854 22099
1752848948020 0.8729778528213501 22149
1752848956934 0.7652701139450073 22199
1752848965830 0.8891663551330566 22249
1752848991690 0.5809658765792847 22299
1752849000579 1.1818180084228516 22349
1752849009457 0.8934577703475952 22399
1752849018361 1.0666042566299438 22449
1752849027271 0.839461624622345 22499
1752849036170 0.7281615734100342 22549
1752849045082 1.2886769771575928 22599
1752849053996 0.872278094291687 22649
1752849062884 0.7276980876922607 22699
1752849071776 1.043251633644104 22749
1752849097903 0.6176795959472656 22799
1752849106782 1.155084490776062 22849
1752849115673 1.1506882905960083 22899
1752849124561 0.8652638792991638 22949
1752849133459 0.9311915636062622 22999
1752849142332 1.2012437582015991 23049
1752849151224 0.5111656188964844 23099
1752849160103 0.8978714942932129 23149
1752849168994 0.8833783268928528 23199
1752849177906 0.6891980171203613 23249
1752849204075 0.7106986045837402 23299
1752849212964 0.9345438480377197 23349
1752849221859 0.7735204696655273 23399
1752849230755 0.64630126953125 23449
1752849239670 0.7847605347633362 23499
1752849248577 2.041472911834717 23549
1752849257468 0.6998616456985474 23599
1752849266362 1.0793051719665527 23649
1752849275262 0.9130653142929077 23699
1752849284142 0.9503961801528931 23749
1752849310146 0.7398861646652222 23799
1752849319030 1.008255958557129 23849
1752849327911 0.6192218661308289 23899
1752849336791 0.9037193059921265 23949
1752849345685 0.795306921005249 23999
1752849354572 1.0089478492736816 24049
1752849363463 0.803120493888855 24099
1752849372349 0.8863320350646973 24149
1752849381248 0.8131268620491028 24199
1752849390156 0.8195099830627441 24249
1752849416141 1.0732009410858154 24299
1752849425031 1.1097444295883179 24349
1752849433907 0.7741233110427856 24399
1752849442802 0.8552243113517761 24449
1752849451692 0.8808513283729553 24499
1752849460574 0.9314334988594055 24549
1752849469469 0.9216759204864502 24599
1752849478366 0.6545675992965698 24649
1752849487266 0.6808468699455261 24699
1752849496149 0.8730802536010742 24749
1752849523491 0.8351076245307922 24799
1752849532382 1.0352535247802734 24849
1752849541273 1.1084980964660645 24899
1752849550174 0.5771990418434143 24949
1752849559068 0.7665755748748779 24999
1752849567964 1.2342088222503662 25049
1752849576850 1.111326813697815 25099
1752849585747 1.0313371419906616 25149
1752849594640 0.8601895570755005 25199
1752849621623 0.596612811088562 25249
1752849630503 1.0133661031723022 25299
1752849639380 1.0081710815429688 25349
1752849648278 0.604101836681366 25399
1752849657187 0.6829026937484741 25449
1752849666101 0.820141613483429 25499
1752849674986 0.9521629810333252 25549
1752849683867 0.7505909204483032 25599
1752849692760 1.2055518627166748 25649
1752849701655 1.0004281997680664 25699
1752849727634 1.0936840772628784 25749
1752849736535 1.0643634796142578 25799
1752849745429 1.2272214889526367 25849
1752849754326 0.6400812268257141 25899
1752849763232 0.7315276861190796 25949
1752849772150 0.9627202749252319 25999
1752849781068 0.9667049646377563 26049
1752849789963 0.765315592288971 26099
1752849798854 1.071772575378418 26149
1752849807740 0.9170851111412048 26199
1752849833762 0.7524791359901428 26249
1752849842653 0.6969555616378784 26299
1752849851553 0.7923495769500732 26349
1752849860451 0.8704964518547058 26399
1752849869333 1.190704584121704 26449
1752849878221 0.9592427611351013 26499
1752849887123 1.180382251739502 26549
1752849896041 0.916079580783844 26599
1752849904946 1.0316435098648071 26649
1752849913834 0.8819239735603333 26699
1752849939846 1.0705294609069824 26749
1752849948745 0.7214319705963135 26799
1752849957644 0.8447620272636414 26849
1752849966536 0.636580228805542 26899
1752849975434 1.3440403938293457 26949
1752849984331 0.6830921173095703 26999
1752849993219 0.8677931427955627 27049
1752850002114 1.0669747591018677 27099
1752850011002 0.7967007160186768 27149
1752850019889 0.7141786813735962 27199
1752850045808 1.2233054637908936 27249
1752850054711 0.8964892029762268 27299
1752850063596 0.6908707022666931 27349
1752850072500 1.1131153106689453 27399
1752850081402 0.9627928733825684 27449
1752850090295 0.8178837895393372 27499
1752850099194 0.8176676034927368 27549
1752850108099 0.5947623252868652 27599
1752850116998 0.8104866743087769 27649
1752850125878 0.7965892553329468 27699
1752850152045 0.6049308776855469 27749
1752850160934 0.6351048946380615 27799
1752850169813 1.2667120695114136 27849
1752850178693 1.0206539630889893 27899
1752850187585 0.9365172386169434 27949
1752850196482 0.8956969976425171 27999
1752850205370 0.8892119526863098 28049
1752850214256 1.0184543132781982 28099
1752850223151 0.8504464030265808 28149
1752850232050 0.9002483487129211 28199
1752850258096 0.706011950969696 28249
1752850266970 0.8199945688247681 28299
1752850275872 0.9657019376754761 28349
1752850284767 1.0559639930725098 28399
1752850293648 0.9393311738967896 28449
1752850302543 0.793022871017456 28499
1752850311445 1.171555757522583 28549
1752850320329 1.0200319290161133 28599
1752850329207 0.5983344316482544 28649
1752850338088 0.6382671594619751 28699
1752850363902 0.790573000907898 28749
1752850372793 0.8278524279594421 28799
1752850381661 0.9657262563705444 28849
1752850390533 1.0173630714416504 28899
1752850399422 1.176114797592163 28949
1752850408312 0.7849847078323364 28999
1752850417222 0.9059932827949524 29049
1752850426252 1.433182716369629 29099
1752850435134 0.6014816761016846 29149
1752850444024 0.9174156188964844 29199
1752850470051 0.6737273931503296 29249
1752850478939 1.0209925174713135 29299
1752850487826 0.7673115730285645 29349
1752850496709 0.7790109515190125 29399
1752850505630 0.9865272045135498 29449
1752850514539 1.2282603979110718 29499
1752850523459 1.1616630554199219 29549
1752850532363 0.7408292293548584 29599
1752850541263 1.1337249279022217 29649
1752850550163 1.0034652948379517 29699
1752850576141 0.6852968335151672 29749
1752850585039 0.8028795123100281 29799
1752850593931 0.9708409309387207 29849
1752850602823 0.9975160956382751 29899
1752850611690 0.7132875919342041 29949
1752850620573 0.8449544310569763 29999
1752850629475 0.7450236082077026 30049
1752850638376 0.8365422487258911 30099
1752850647279 0.6999050378799438 30149
1752850673272 1.6789705753326416 30199
1752850682124 1.1944904327392578 30249
1752850690993 0.8404383659362793 30299
1752850699872 0.912333071231842 30349
1752850708755 0.9367774724960327 30399
1752850717671 1.1189117431640625 30449
1752850726576 0.8796892166137695 30499
1752850735464 2.0837156772613525 30549
1752850744346 0.6808270215988159 30599
1752850753235 0.9880577325820923 30649
1752850780265 0.6940375566482544 30699
1752850789136 0.7980339527130127 30749
1752850798020 0.6748414635658264 30799
1752850806894 0.9170494079589844 30849
1752850815791 0.5982356071472168 30899
1752850824689 0.6228460073471069 30949
1752850833593 1.3084076642990112 30999
1752850842486 1.0004092454910278 31049
1752850851364 0.6879447102546692 31099
1752850860254 0.7797439098358154 31149
1752850886493 1.0029995441436768 31199
1752850895378 0.694757342338562 31249
1752850904265 0.7271378040313721 31299
1752850913156 0.616185188293457 31349
1752850922061 0.6895326375961304 31399
1752850930957 0.6617138981819153 31449
1752850939860 1.275191307067871 31499
1752850948776 1.169488549232483 31549
1752850957682 1.1103142499923706 31599
1752850966570 0.7241101264953613 31649
1752850993229 0.6794030666351318 31699
1752851002114 0.7308578491210938 31749
1752851010999 1.031954050064087 31799
1752851019892 0.9907925128936768 31849
1752851028795 0.8625333905220032 31899
1752851037691 0.9098172187805176 31949
1752851046589 0.6558107733726501 31999
1752851055482 0.8561978340148926 32049
1752851064370 0.9317008256912231 32099
1752851073281 0.961051344871521 32149
1752851099348 0.8405462503433228 32199
1752851108222 0.7793616056442261 32249
1752851117090 0.6851048469543457 32299
1752851125986 0.9149165749549866 32349
1752851134907 0.6787046194076538 32399
1752851143807 0.7014486789703369 32449
1752851152699 0.9307502508163452 32499
1752851161590 0.971386194229126 32549
1752851170481 0.8090922832489014 32599
1752851179382 0.8126932382583618 32649
1752851206404 0.7178424596786499 32699
1752851215294 0.7946364283561707 32749
1752851224177 0.774943470954895 32799
1752851233067 0.8180756568908691 32849
1752851241963 1.2623624801635742 32899
1752851250843 1.1460871696472168 32949
1752851259723 1.003675937652588 32999
1752851268611 0.6909838914871216 33049
1752851277487 1.0811976194381714 33099
1752851286364 1.1725573539733887 33149
1752851312335 1.0672886371612549 33199
1752851321222 0.7786049842834473 33249
1752851330097 0.8418420553207397 33299
1752851338995 1.2751045227050781 33349
1752851347891 0.8603946566581726 33399
1752851356802 0.8703163862228394 33449
1752851365682 0.6005420088768005 33499
1752851374577 0.5626633167266846 33549
1752851383478 0.7007206082344055 33599
1752851392360 0.6692039966583252 33649
1752851418402 0.5967109203338623 33699
1752851427291 0.7755330801010132 33749
1752851436183 1.1125062704086304 33799
1752851445091 0.6353591084480286 33849
1752851453976 0.8533285856246948 33899
1752851462863 0.5962194800376892 33949
1752851471757 1.0503696203231812 33999
1752851480655 0.9248380064964294 34049
1752851489547 0.9567875266075134 34099
1752851498435 0.8832305669784546 34149
1752851525309 1.1902546882629395 34199
1752851534178 1.0411986112594604 34249
1752851543059 0.623670220375061 34299
1752851551937 0.89882892370224 34349
1752851560818 1.2971374988555908 34399
1752851569685 0.8300199508666992 34449
1752851578558 0.8971429467201233 34499
1752851587426 0.5076911449432373 34549
1752851596306 0.7011429667472839 34599
1752851605183 0.9752979278564453 34649
1752851632447 0.8591853380203247 34699
1752851641349 0.6755895614624023 34749
1752851650260 0.8670735359191895 34799
1752851659173 0.881464421749115 34849
1752851668058 1.3147757053375244 34899
1752851676957 0.9780803918838501 34949
1752851685861 1.0647525787353516 34999
1752851694746 0.8643673658370972 35049
1752851703656 0.9244427680969238 35099
1752851729635 0.7595093250274658 35149
1752851738512 0.8878474235534668 35199
1752851747414 0.5587359666824341 35249
1752851756328 0.9203208684921265 35299
1752851765246 0.7444515228271484 35349
1752851774150 1.109509825706482 35399
1752851783069 0.989944577217102 35449
1752851791980 0.7317649126052856 35499
1752851800887 1.2448350191116333 35549
1752851809803 0.8274871706962585 35599
1752851835815 0.670403003692627 35649
1752851844694 0.8755201101303101 35699
1752851853595 0.7779558300971985 35749
1752851862495 0.5974463820457458 35799
1752851871393 0.8751874566078186 35849
1752851880293 1.089958667755127 35899
1752851889187 0.8798030614852905 35949
1752851898075 1.1791737079620361 35999
1752851906959 0.610272228717804 36049
1752851915845 0.9812734723091125 36099
1752851941768 1.061312198638916 36149
1752851950664 1.362854242324829 36199
1752851959563 0.8858673572540283 36249
1752851968468 0.6952124834060669 36299
1752851977371 0.8114956617355347 36349
1752851986288 0.8722368478775024 36399
1752851995208 0.7382020354270935 36449
1752852004115 0.8089736700057983 36499
1752852013008 0.9472782611846924 36549
1752852021922 0.8187335729598999 36599
1752852047739 1.2085217237472534 36649
1752852056629 0.8886447548866272 36699
1752852065532 0.750968337059021 36749
1752852074432 0.9355562925338745 36799
1752852083346 0.9429314136505127 36849
1752852092244 1.2751481533050537 36899
1752852101148 1.1081459522247314 36949
1752852110061 1.101776123046875 36999
1752852118961 1.2403533458709717 37049
1752852127853 1.4146103858947754 37099
1752852154813 1.1839218139648438 37149
1752852163694 1.0773389339447021 37199
1752852172569 0.8520132899284363 37249
1752852181467 1.2038004398345947 37299
1752852190349 0.9559293985366821 37349
1752852199225 1.0497688055038452 37399
1752852208099 1.1166644096374512 37449
1752852216978 0.8662678003311157 37499
1752852225880 0.7081117630004883 37549
1752852234781 0.8098756074905396 37599
1752852260713 0.6873226165771484 37649
1752852269593 0.4644300043582916 37699
1752852278472 0.8063068389892578 37749
1752852287384 0.9619334936141968 37799
1752852296276 0.9805091619491577 37849
1752852305186 0.6094804406166077 37899
1752852314096 0.9359909296035767 37949
1752852322986 0.793977677822113 37999
1752852331868 1.1406233310699463 38049
1752852340756 0.7875930666923523 38099
1752852366738 0.9758020639419556 38149
1752852375609 1.0855426788330078 38199
1752852384505 0.8419300317764282 38249
1752852393408 0.9607300758361816 38299
1752852402324 1.2666680812835693 38349
1752852411201 0.7930341362953186 38399
1752852420102 0.9542837142944336 38449
1752852428980 0.8341385126113892 38499
1752852437877 0.7445729374885559 38549
1752852446765 0.8524560332298279 38599
1752852472684 1.2379376888275146 38649
1752852481584 1.3317161798477173 38699
1752852490481 1.2965610027313232 38749
1752852499377 0.7463334798812866 38799
1752852508254 0.9859768748283386 38849
1752852517153 0.9618692398071289 38899
1752852526042 1.3101308345794678 38949
1752852534932 0.6471900939941406 38999
1752852543837 0.7458959817886353 39049
1752852552735 1.237672209739685 39099
1752852578662 0.840347170829773 39149
1752852587558 1.2939826250076294 39199
1752852596466 0.7587067484855652 39249
1752852605367 0.7859749794006348 39299
1752852614272 0.5792702436447144 39349
1752852623187 0.7119454741477966 39399
1752852632096 0.5328212976455688 39449
1752852640989 0.865419864654541 39499
1752852649901 0.9739313125610352 39549
1752852658793 0.8088113069534302 39599
1752852684706 1.0370709896087646 39649
1752852693610 1.183408498764038 39699
1752852702516 0.6279387474060059 39749
1752852711414 1.184395432472229 39799
1752852720307 0.790374755859375 39849
1752852729230 1.1738330125808716 39899
1752852738127 0.7605295181274414 39949
1752852747033 0.8950668573379517 39999
1752852755937 0.8842519521713257 40049
1752852782160 0.8220171928405762 40099
1752852791044 0.856614351272583 40149
1752852799958 0.8985553979873657 40199
1752852808867 0.8563309907913208 40249
1752852817782 1.2257208824157715 40299
1752852826713 0.9765125513076782 40349
1752852835621 0.8438453078269958 40399
1752852844518 0.7519471645355225 40449
1752852853424 1.231841802597046 40499
1752852862328 0.8033967614173889 40549
1752852888257 0.6595414280891418 40599
1752852897125 0.6344583034515381 40649
1752852906015 0.7231504917144775 40699
1752852914908 0.8265968561172485 40749
1752852923808 0.7029587030410767 40799
1752852932721 1.245285987854004 40849
1752852941753 0.9356798529624939 40899
1752852950648 0.8636463284492493 40949
1752852959545 0.486996054649353 40999
1752852968458 0.6119146943092346 41049
1752852995258 0.9739255905151367 41099
1752853004145 0.9221502542495728 41149
1752853013018 0.9754547476768494 41199
1752853021918 0.5468041896820068 41249
1752853030832 0.5595633387565613 41299
1752853039744 1.1471198797225952 41349
1752853048653 1.1485573053359985 41399
1752853057561 0.8167887330055237 41449
1752853066451 1.0909903049468994 41499
1752853075350 0.9120684862136841 41549
1752853102271 0.7998337745666504 41599
1752853111150 0.594353199005127 41649
1752853120046 0.8772270083427429 41699
1752853128937 0.9856548309326172 41749
1752853137836 0.9307682514190674 41799
1752853146727 1.1611907482147217 41849
1752853155621 1.035257339477539 41899
1752853164533 1.1919556856155396 41949
1752853173420 0.8627668619155884 41999
1752853182311 0.5391002893447876 42049
1752853208298 0.9035919904708862 42099
1752853217195 1.34340500831604 42149
1752853226078 0.5912371873855591 42199
1752853234966 0.8347183465957642 42249
1752853243869 0.9268072843551636 42299
1752853252758 0.9705828428268433 42349
1752853261640 1.5164501667022705 42399
1752853270525 0.8603205680847168 42449
1752853279431 0.7085758447647095 42499
1752853288328 0.6491476893424988 42549
1752853314376 0.9173739552497864 42599
1752853323262 0.7622851133346558 42649
1752853332158 0.6872223615646362 42699
1752853341060 0.8427033424377441 42749
1752853349971 0.8357183933258057 42799
1752853358871 0.9742273092269897 42849
1752853367772 0.7069007158279419 42899
1752853376659 0.778060257434845 42949
1752853385571 0.5601124167442322 42999
1752853394476 0.8367197513580322 43049
1752853421402 0.89759361743927 43099
1752853430289 0.7645724415779114 43149
1752853439178 0.7408344745635986 43199
1752853448080 1.0655672550201416 43249
1752853456985 0.47900107502937317 43299
1752853465895 0.8000203371047974 43349
1752853474792 0.6792646646499634 43399
1752853483685 1.1314537525177002 43449
1752853492576 0.7522991895675659 43499
1752853501470 1.2736998796463013 43549
1752853527593 1.0813593864440918 43599
1752853536465 1.1983376741409302 43649
1752853545352 1.1880396604537964 43699
1752853554252 0.7008189558982849 43749
1752853563150 1.6937237977981567 43799
1752853572035 0.6408371925354004 43849
1752853580941 0.7668153047561646 43899
1752853589847 0.8779647350311279 43949
1752853598738 1.1670584678649902 43999
1752853607643 0.9284884333610535 44049
1752853633605 0.9331366419792175 44099
1752853642490 0.9231994152069092 44149
1752853651383 1.110440969467163 44199
1752853660290 0.821320652961731 44249
1752853669171 0.8918936252593994 44299
1752853678074 0.5759662985801697 44349
1752853686985 1.021467685699463 44399
1752853695882 0.5218281745910645 44449
1752853704774 0.7624601125717163 44499
1752853713709 0.9019310474395752 44549
1752853739644 0.3524540662765503 44599
1752853748551 0.9970946311950684 44649
1752853757447 1.0778812170028687 44699
1752853766344 0.9701047539710999 44749
1752853775245 1.1436129808425903 44799
1752853784140 0.7835773825645447 44849
1752853793023 0.7958605289459229 44899
1752853801909 0.7293301224708557 44949
1752853810823 0.9453054070472717 44999
1752853836740 0.7775324583053589 45049
1752853845624 0.5929961204528809 45099
1752853854536 1.142298698425293 45149
1752853863439 0.7620169520378113 45199
1752853872349 0.5875948667526245 45249
1752853881260 1.0049793720245361 45299
1752853890152 0.7879906892776489 45349
1752853899079 0.9349179267883301 45399
1752853908002 0.6949386596679688 45449
1752853916915 1.1236352920532227 45499
1752853942793 0.8560164570808411 45549
1752853951666 0.8542382121086121 45599
1752853960560 0.688115119934082 45649
1752853969590 1.0968356132507324 45699
1752853978489 0.7702313661575317 45749
1752853987376 0.6725094318389893 45799
1752853996252 0.7479132413864136 45849
1752854005153 1.00518798828125 45899
1752854014043 1.1519839763641357 45949
1752854022940 0.7230968475341797 45999
1752854049191 0.89021235704422 46049
1752854058089 1.5080957412719727 46099
1752854066997 1.051253318786621 46149
1752854075898 0.9164460897445679 46199
1752854084804 0.8682027459144592 46249
1752854093724 1.0699489116668701 46299
1752854102637 0.9723573923110962 46349
1752854111539 1.0887770652770996 46399
1752854120451 1.5452909469604492 46449
1752854129371 1.0146589279174805 46499
1752854156294 0.96445631980896 46549
1752854165186 0.608451783657074 46599
1752854174083 0.5236777067184448 46649
1752854182966 0.9291402101516724 46699
1752854191860 0.7169288396835327 46749
1752854200773 0.6349096894264221 46799
1752854209676 1.0430800914764404 46849
1752854218576 0.7799005508422852 46899
1752854227496 0.7666313648223877 46949
1752854236408 0.7367889285087585 46999
1752854262649 0.9547069072723389 47049
1752854271532 0.9589207172393799 47099
1752854280420 0.8756319284439087 47149
1752854289311 0.9323605298995972 47199
1752854298202 0.8200095891952515 47249
1752854307094 0.6123960614204407 47299
1752854315992 0.9313299655914307 47349
1752854324891 0.7157212495803833 47399
1752854333796 0.736487865447998 47449
1752854342693 0.7835090756416321 47499
1752854368678 0.7481213212013245 47549
1752854377584 0.8659380674362183 47599
1752854386473 0.6880765557289124 47649
1752854395368 1.0800659656524658 47699
1752854404246 0.8588302135467529 47749
1752854413146 1.0408170223236084 47799
1752854422035 1.0071604251861572 47849
1752854430943 0.6718902587890625 47899
1752854439862 0.8259128928184509 47949
1752854448776 0.7567211389541626 47999
1752854475063 1.160305142402649 48049
1752854483962 0.7331287860870361 48099
1752854492854 0.8689791560173035 48149
1752854501754 1.271437168121338 48199
1752854510667 0.8487644195556641 48249
1752854519574 0.720413088798523 48299
1752854528470 0.6451084613800049 48349
1752854537394 0.533858060836792 48399
1752854546298 0.6910973787307739 48449
1752854555197 1.2722715139389038 48499
1752854581187 0.876444935798645 48549
1752854590078 0.834536075592041 48599
1752854598966 0.5972601175308228 48649
1752854607875 1.1947319507598877 48699
1752854616767 1.5235891342163086 48749
1752854625674 0.7133061289787292 48799
1752854634569 0.9080948233604431 48849
1752854643463 0.8657814264297485 48899
1752854652371 0.9004601240158081 48949
1752854661282 0.6087826490402222 48999
1752854687259 1.2763969898223877 49049
1752854696162 0.7977404594421387 49099
1752854705043 1.3257936239242554 49149
1752854713949 0.7469180822372437 49199
1752854722867 0.7638365030288696 49249
1752854731778 0.8329110741615295 49299
1752854740689 0.8857091069221497 49349
1752854749585 1.3836989402770996 49399
1752854758475 1.0071768760681152 49449
1752854767381 0.6509935855865479 49499
