1752844340525 1.359937310218811 494
1752844446451 1.286050796508789 989
1752844552383 1.2420556545257568 1484
1752844658277 1.230817437171936 1979
1752844762977 1.1945130825042725 2474
1752844868854 1.1660571098327637 2969
1752844974893 1.1453883647918701 3464
1752845080689 1.1456334590911865 3959
1752845186613 1.1132638454437256 4454
1752845292442 1.083332896232605 4949
1752845397525 1.0664674043655396 5444
1752845503657 1.0610302686691284 5939
1752845609656 1.0643224716186523 6434
1752845715730 1.034877061843872 6929
1752845820560 1.016018271446228 7424
1752845925639 1.0032000541687012 7919
1752846031550 1.0229278802871704 8414
1752846137450 1.0008268356323242 8909
1752846243428 0.9817714691162109 9404
1752846348696 1.0057778358459473 9899
1752846453850 0.978451669216156 10394
1752846559843 0.9665033221244812 10889
1752846665142 0.9780125617980957 11384
1752846771441 0.9618563055992126 11879
1752846876591 0.9686111807823181 12374
1752846981671 0.9558662176132202 12869
1752847087821 0.9574721455574036 13364
1752847193745 0.9495949745178223 13859
1752847298921 0.9622232913970947 14354
1752847404073 0.958195149898529 14849
1752847509420 0.9111491441726685 15344
1752847615432 0.9235682487487793 15839
1752847721426 0.9381131529808044 16334
1752847826676 0.9255894422531128 16829
1752847931976 0.9229220747947693 17324
1752848037962 0.926349937915802 17819
1752848142926 0.923699140548706 18314
1752848248923 0.931677520275116 18809
1752848354014 0.9064006805419922 19304
1752848460071 0.9103640913963318 19799
1752848565072 0.9045488834381104 20294
1752848671036 0.9112815856933594 20789
1752848776251 0.9285236597061157 21284
1752848881372 0.9077258706092834 21779
1752848986385 0.9109312295913696 22274
1752849091693 0.8904792666435242 22769
1752849196756 0.9025306105613708 23264
1752849302225 0.9259835481643677 23759
1752849407304 0.9188809394836426 24254
1752849513792 0.9087604880332947 24749
1752849619936 0.8748868107795715 25244
1752849724993 0.9109750390052795 25739
1752849830273 0.8874481916427612 26234
1752849935463 0.9147380590438843 26729
1752850040504 0.9159903526306152 27224
1752850145925 0.9000328779220581 27719
1752850251001 0.9038404822349548 28214
1752850355987 0.8997449278831482 28709
1752850461249 0.8951734900474548 29204
1752850566423 0.8836719989776611 29699
1752850671498 0.914550244808197 30194
1752850777650 0.8995547890663147 30689
1752850882956 0.9277265667915344 31184
1752850988900 0.9073317646980286 31679
1752851094049 0.8937737345695496 32174
1752851200219 0.9228724837303162 32669
1752851305280 0.9017957448959351 33164
1752851410431 0.89833664894104 33659
1752851516479 0.8915478587150574 34154
1752851622783 0.8992340564727783 34649
1752851727887 0.9190657138824463 35144
1752851833180 0.8804675340652466 35639
1752851938281 0.910214900970459 36134
1752852043395 0.921775221824646 36629
1752852149477 0.9112081527709961 37124
1752852254592 0.899289608001709 37619
1752852359702 0.8906828165054321 38114
1752852464740 0.9005131125450134 38609
1752852569845 0.8884554505348206 39104
1752852674954 0.9035857915878296 39599
1752852780369 0.9005073308944702 40094
1752852885627 0.888093113899231 40589
1752852991770 0.8885896801948547 41084
1752853097911 0.9104321599006653 41579
1752853203008 0.8804240822792053 42074
1752853308180 0.8989465832710266 42569
1752853414365 0.9115625023841858 43064
1752853519711 0.9022307395935059 43559
1752853624774 0.890442430973053 44054
1752853729917 0.8987193703651428 44549
1752853835001 0.9004776477813721 45044
1752853940148 0.8866522312164307 45539
1752854045686 0.8864035606384277 46034
1752854151934 0.8905080556869507 46529
1752854257327 0.9100250601768494 47024
1752854362461 0.9149491190910339 47519
1752854467992 0.904720664024353 48014
1752854573276 0.8860577344894409 48509
1752854678467 0.8882943987846375 49004
1752854783639 0.8896608352661133 49499
