1752844244849 3.1186366081237793 49
1752844253633 3.000896453857422 99
1752844262433 2.42002534866333 149
1752844271217 2.3815195560455322 199
1752844280058 2.018045663833618 249
1752844288932 2.2520666122436523 299
1752844297778 2.3250844478607178 349
1752844306642 2.6410064697265625 399
1752844315495 2.2319512367248535 449
1752844342322 2.240610361099243 499
1752844351147 2.175983428955078 549
1752844359979 2.23671293258667 599
1752844368846 1.9255857467651367 649
1752844377703 2.5610742568969727 699
1752844386562 2.195342779159546 749
1752844395433 2.4153432846069336 799
1752844404296 2.06036376953125 849
1752844413175 1.8844983577728271 899
1752844422041 1.9865530729293823 949
1752844449107 3.038255214691162 999
1752844457962 2.7833681106567383 1049
1752844466807 1.7247517108917236 1099
1752844475648 2.313340663909912 1149
1752844484484 2.14699125289917 1199
1752844493342 2.1667940616607666 1249
1752844502224 3.188300609588623 1299
1752844511101 1.915487289428711 1349
1752844519985 1.8621876239776611 1399
1752844528849 1.9153330326080322 1449
1752844555902 2.569120407104492 1499
1752844564758 2.1067590713500977 1549
1752844573615 1.5830634832382202 1599
1752844582456 2.8934264183044434 1649
1752844591303 2.0661354064941406 1699
1752844600150 2.7319254875183105 1749
1752844609016 1.9860255718231201 1799
1752844617902 1.8450878858566284 1849
1752844626776 1.6165802478790283 1899
1752844635759 2.275273323059082 1949
1752844662596 2.6390554904937744 1999
1752844671450 2.0472824573516846 2049
1752844680269 2.9590468406677246 2099
1752844689136 1.6701074838638306 2149
1752844698012 1.9244868755340576 2199
1752844706889 2.5750205516815186 2249
1752844715742 1.9530798196792603 2299
1752844724627 2.098569393157959 2349
1752844733503 1.845000982284546 2399
1752844742370 1.7782402038574219 2449
1752844768238 2.108027935028076 2499
1752844777095 1.175058126449585 2549
1752844785950 2.0437135696411133 2599
1752844794826 1.3682258129119873 2649
1752844803705 1.9675037860870361 2699
1752844812587 1.9012303352355957 2749
1752844821462 1.205295205116272 2799
1752844830340 2.2182419300079346 2849
1752844839220 1.533600091934204 2899
1752844848098 1.8175368309020996 2949
1752844875085 1.6390979290008545 2999
1752844883944 2.1785624027252197 3049
1752844892799 2.2268476486206055 3099
1752844901688 1.5666234493255615 3149
1752844910576 1.3680930137634277 3199
1752844919452 2.1870548725128174 3249
1752844928329 1.4047956466674805 3299
1752844937241 2.0194764137268066 3349
1752844946128 1.8720471858978271 3399
1752844955014 1.7034125328063965 3449
1752844981943 1.3412845134735107 3499
1752844990795 2.0326225757598877 3549
1752844999679 2.639819622039795 3599
1752845008566 1.5504179000854492 3649
1752845017455 2.0491952896118164 3699
1752845026332 2.002836227416992 3749
1752845035218 1.7304867506027222 3799
1752845044124 1.8874183893203735 3849
1752845053022 2.04931902885437 3899
1752845061939 1.8128139972686768 3949
1752845088649 1.8175694942474365 3999
1752845097509 1.471551775932312 4049
1752845106403 1.3781428337097168 4099
1752845115278 1.1422878503799438 4149
1752845124182 1.6688183546066284 4199
1752845133052 1.751077651977539 4249
1752845141928 1.7273070812225342 4299
1752845150815 1.6000486612319946 4349
1752845159717 1.3955047130584717 4399
1752845168609 1.4761247634887695 4449
1752845195414 2.3306474685668945 4499
1752845204279 1.8246454000473022 4549
1752845213162 2.2761380672454834 4599
1752845222065 1.0965843200683594 4649
1752845230933 1.9308514595031738 4699
1752845239808 1.5516636371612549 4749
1752845248690 1.2148735523223877 4799
1752845257558 1.7287752628326416 4849
1752845266435 1.5285112857818604 4899
1752845275312 1.3409111499786377 4949
1752845302130 1.4578044414520264 4999
1752845311012 1.4047012329101562 5049
1752845319881 1.2159793376922607 5099
1752845328777 1.6525582075119019 5149
1752845337686 1.5541547536849976 5199
1752845346568 1.236389398574829 5249
1752845355469 1.2506756782531738 5299
1752845364365 1.5110054016113281 5349
1752845373246 1.2852962017059326 5399
1752845399262 1.1072056293487549 5449
1752845408113 1.7642242908477783 5499
1752845417002 1.5188264846801758 5549
1752845425872 1.5170027017593384 5599
1752845434771 1.192431926727295 5649
1752845443664 1.5657150745391846 5699
1752845452586 1.3964022397994995 5749
1752845461489 1.3004531860351562 5799
1752845470384 1.3593175411224365 5849
1752845479289 1.6063861846923828 5899
1752845506272 1.6060969829559326 5949
1752845515129 1.6445029973983765 5999
1752845523997 1.5465445518493652 6049
1752845532873 1.5955793857574463 6099
1752845541754 1.0911325216293335 6149
1752845550644 1.5734179019927979 6199
1752845559538 1.3945033550262451 6249
1752845568434 1.2806053161621094 6299
1752845577317 1.021702766418457 6349
1752845586197 1.233435034751892 6399
1752845613118 1.3182992935180664 6449
1752845622003 1.2655932903289795 6499
1752845630889 1.3678783178329468 6549
1752845639762 1.5009770393371582 6599
1752845648637 1.9146288633346558 6649
1752845657520 0.943581223487854 6699
1752845666403 1.2503268718719482 6749
1752845675289 0.9939903020858765 6799
1752845684190 1.5427796840667725 6849
1752845693097 2.185119152069092 6899
1752845720066 2.1428070068359375 6949
1752845728935 1.6431032419204712 6999
1752845737807 1.1929712295532227 7049
1752845746701 1.4699420928955078 7099
1752845755569 1.3721413612365723 7149
1752845764451 1.3827195167541504 7199
1752845773331 1.6380128860473633 7249
1752845782213 1.4438583850860596 7299
1752845791123 1.4732505083084106 7349
1752845800028 1.2144075632095337 7399
1752845825862 1.757688045501709 7449
1752845834722 1.184037446975708 7499
1752845843598 1.2892366647720337 7549
1752845852476 1.113647222518921 7599
1752845861375 1.3506062030792236 7649
1752845870232 1.1626646518707275 7699
1752845879119 1.3529292345046997 7749
1752845888020 1.715737223625183 7799
1752845896934 1.3838777542114258 7849
1752845905828 1.9937454462051392 7899
1752845931828 1.583932876586914 7949
1752845940703 1.7398412227630615 7999
1752845949599 1.4716823101043701 8049
1752845958494 1.23832368850708 8099
1752845967395 1.2137336730957031 8149
1752845976279 1.706125020980835 8199
1752845985172 1.4030489921569824 8249
1752845994060 1.4684033393859863 8299
1752846002963 1.3579552173614502 8349
1752846011832 1.1018431186676025 8399
1752846038624 1.4262306690216064 8449
1752846047492 1.6741693019866943 8499
1752846056377 2.0428614616394043 8549
1752846065287 1.3228039741516113 8599
1752846074178 1.5995814800262451 8649
1752846083060 2.6689157485961914 8699
1752846091947 1.1148518323898315 8749
1752846100842 1.3419382572174072 8799
1752846109735 1.3267638683319092 8849
1752846118633 1.430715799331665 8899
1752846145362 1.4815492630004883 8949
1752846154221 1.1221458911895752 8999
1752846163112 1.043196439743042 9049
1752846171992 1.5120437145233154 9099
1752846180885 1.6440105438232422 9149
1752846189772 1.9331157207489014 9199
1752846198668 1.1439415216445923 9249
1752846207555 1.239480972290039 9299
1752846216449 1.7601238489151 9349
1752846225347 1.0738285779953003 9399
1752846252221 1.3455930948257446 9449
1752846261102 1.1386758089065552 9499
1752846269991 1.6148872375488281 9549
1752846278876 1.386515736579895 9599
1752846287776 1.4822312593460083 9649
1752846296669 1.3280999660491943 9699
1752846305585 1.3473814725875854 9749
1752846314463 1.5654710531234741 9799
1752846323348 1.0558369159698486 9849
1752846332235 1.4214452505111694 9899
1752846358436 1.1227021217346191 9949
1752846367342 1.2652544975280762 9999
1752846376221 1.0361658334732056 10049
1752846385107 1.1187634468078613 10099
1752846394000 1.3050849437713623 10149
1752846402895 1.0001987218856812 10199
1752846411794 1.0917906761169434 10249
1752846420658 1.1302849054336548 10299
1752846429542 1.171707034111023 10349
1752846455610 1.3492894172668457 10399
1752846464464 1.1604816913604736 10449
1752846473348 1.2150598764419556 10499
1752846482228 1.1806309223175049 10549
1752846491106 1.202715516090393 10599
1752846499989 1.920778512954712 10649
1752846508885 0.8054468631744385 10699
1752846517753 1.3550715446472168 10749
1752846526628 1.2331005334854126 10799
1752846535525 0.9979405403137207 10849
1752846562435 1.260142207145691 10899
1752846571306 1.1332405805587769 10949
1752846580190 1.5546554327011108 10999
1752846589115 1.3655332326889038 11049
1752846598010 1.6953363418579102 11099
1752846606908 1.3280245065689087 11149
1752846615805 0.9943170547485352 11199
1752846624697 1.1044570207595825 11249
1752846633585 1.0089246034622192 11299
1752846642491 0.9848106503486633 11349
1752846668665 1.2812659740447998 11399
1752846677535 1.4190077781677246 11449
1752846686420 1.8224704265594482 11499
1752846695301 1.1145553588867188 11549
1752846704173 1.202048897743225 11599
1752846713082 1.4321386814117432 11649
1752846722000 1.185814380645752 11699
1752846730920 1.5296870470046997 11749
1752846739826 1.092312216758728 11799
1752846748733 1.6166999340057373 11849
1752846775794 1.1462950706481934 11899
1752846784680 1.1077046394348145 11949
1752846793572 1.6504091024398804 11999
1752846802483 1.5103840827941895 12049
1752846811391 1.0675382614135742 12099
1752846820288 0.9753210544586182 12149
1752846829182 1.2156364917755127 12199
1752846838078 1.221846342086792 12249
1752846847003 1.202113151550293 12299
1752846855898 1.7576502561569214 12349
1752846881839 1.023655652999878 12399
1752846890686 2.2918739318847656 12449
1752846899557 1.198026180267334 12499
1752846908452 0.901673436164856 12549
1752846917340 1.1617944240570068 12599
1752846926236 1.1260297298431396 12649
1752846935147 1.3411893844604492 12699
1752846944031 0.996976375579834 12749
1752846952918 1.0051617622375488 12799
1752846961818 1.881976842880249 12849
1752846987828 1.2729289531707764 12899
1752846996678 0.8685606718063354 12949
1752847005551 1.7059262990951538 12999
1752847014439 1.028722882270813 13049
1752847023329 1.0208094120025635 13099
1752847032220 1.0918065309524536 13149
1752847041130 1.7698843479156494 13199
1752847050047 1.0447700023651123 13249
1752847058951 1.6009225845336914 13299
1752847067844 2.013801097869873 13349
1752847094815 1.318054437637329 13399
1752847103696 1.122527837753296 13449
1752847112589 1.088634967803955 13499
1752847121499 1.41880202293396 13549
1752847130382 1.070868968963623 13599
1752847139285 1.1944687366485596 13649
1752847148208 1.0030848979949951 13699
1752847157120 1.2120890617370605 13749
1752847166025 1.2672922611236572 13799
1752847174932 1.121534824371338 13849
1752847201691 1.6005635261535645 13899
1752847210579 1.5451695919036865 13949
1752847219459 1.182192325592041 13999
1752847228330 1.1972957849502563 14049
1752847237202 0.9928005337715149 14099
1752847246096 1.4122505187988281 14149
1752847254996 1.2166950702667236 14199
1752847263907 1.4067846536636353 14249
1752847272807 1.0744833946228027 14299
1752847281702 1.0365893840789795 14349
1752847307735 1.1951839923858643 14399
1752847316621 1.3327245712280273 14449
1752847325525 1.3045337200164795 14499
1752847334424 1.3417859077453613 14549
1752847343343 1.0165643692016602 14599
1752847352243 1.2520852088928223 14649
1752847361152 1.409323811531067 14699
1752847370059 1.6424401998519897 14749
1752847378966 1.3142879009246826 14799
1752847387871 1.0150667428970337 14849
1752847413820 1.4246289730072021 14899
1752847422718 2.176410436630249 14949
1752847431606 1.0508546829223633 14999
1752847440507 1.4815592765808105 15049
1752847449426 1.256562352180481 15099
1752847458321 1.3751490116119385 15149
1752847467236 1.8856439590454102 15199
1752847476158 1.4116848707199097 15249
1752847485048 1.318800687789917 15299
1752847511193 1.3278086185455322 15349
1752847520068 0.8461865186691284 15399
1752847528961 1.1518254280090332 15449
1752847537854 1.3772637844085693 15499
1752847546750 1.1115565299987793 15549
1752847555659 1.3882675170898438 15599
1752847564559 1.27411687374115 15649
1752847573467 1.0983622074127197 15699
1752847582356 1.5995466709136963 15749
1752847591230 1.1893514394760132 15799
1752847618005 1.2613974809646606 15849
1752847626868 1.1129438877105713 15899
1752847635754 1.1378679275512695 15949
1752847644644 0.8176724314689636 15999
1752847653528 1.1186333894729614 16049
1752847662428 0.8635359406471252 16099
1752847671328 1.0622544288635254 16149
1752847680221 1.1217197179794312 16199
1752847689110 1.0931191444396973 16249
1752847697996 0.9030911326408386 16299
1752847724948 1.2175042629241943 16349
1752847733837 1.00241219997406 16399
1752847742702 1.1276236772537231 16449
1752847751577 1.4843988418579102 16499
1752847760456 0.9103578329086304 16549
1752847769336 1.4511057138442993 16599
1752847778216 0.8608404397964478 16649
1752847787105 2.1329309940338135 16699
1752847796001 1.6099228858947754 16749
1752847804906 1.6246213912963867 16799
1752847831007 1.639448881149292 16849
1752847839901 1.2872107028961182 16899
1752847848775 1.082355260848999 16949
1752847857659 1.201788067817688 16999
1752847866564 0.9709494113922119 17049
1752847875457 1.3199193477630615 17099
1752847884331 1.107927680015564 17149
1752847893207 1.090689778327942 17199
1752847902102 0.9394879341125488 17249
1752847911142 0.8686100244522095 17299
1752847937233 0.9348386526107788 17349
1752847946144 0.9838009476661682 17399
1752847955026 1.6792705059051514 17449
1752847963917 1.1472256183624268 17499
1752847972811 0.9710474610328674 17549
1752847981708 2.138481378555298 17599
1752847990608 1.4126968383789062 17649
1752847999499 0.8021748065948486 17699
1752848008391 1.000208854675293 17749
1752848017274 0.9646583795547485 17799
1752848044142 1.0935417413711548 17849
1752848053006 0.9871037006378174 17899
1752848061892 1.1442930698394775 17949
1752848070808 1.11727774143219 17999
1752848079716 0.8739894032478333 18049
1752848088617 1.432405710220337 18099
1752848097523 0.9123069047927856 18149
1752848106445 0.9625821113586426 18199
1752848115330 1.0054981708526611 18249
1752848124229 1.2524383068084717 18299
1752848149951 1.4970797300338745 18349
1752848158844 1.249216079711914 18399
1752848167728 0.8587660789489746 18449
1752848176616 0.9475530385971069 18499
1752848185527 1.3090016841888428 18549
1752848194444 1.1729902029037476 18599
1752848203336 1.000557541847229 18649
1752848212239 1.0059213638305664 18699
1752848221142 1.116485595703125 18749
1752848230033 1.0645776987075806 18799
1752848256860 1.0687931776046753 18849
1752848265744 0.8761782646179199 18899
1752848274632 1.1231465339660645 18949
1752848283536 1.1962511539459229 18999
1752848292437 1.1392593383789062 19049
1752848301329 1.524584412574768 19099
1752848310217 0.8965750932693481 19149
1752848319094 0.969903290271759 19199
1752848327983 1.1745998859405518 19249
1752848336884 0.9840793609619141 19299
1752848362829 1.0824089050292969 19349
1752848371723 1.3057934045791626 19399
1752848380615 1.257257342338562 19449
1752848389510 1.0203949213027954 19499
1752848398404 1.4623174667358398 19549
1752848407294 1.2262954711914062 19599
1752848416171 1.1059918403625488 19649
1752848425072 1.2592382431030273 19699
1752848433958 1.2766461372375488 19749
1752848442850 1.1085317134857178 19799
1752848469809 1.323104739189148 19849
1752848478689 1.2398308515548706 19899
1752848487581 1.0302159786224365 19949
1752848496490 1.2679229974746704 19999
1752848505390 1.1860170364379883 20049
1752848514277 1.3695318698883057 20099
1752848523169 0.772193968296051 20149
1752848532078 0.885331928730011 20199
1752848540974 1.0823462009429932 20249
1752848566767 1.4815068244934082 20299
1752848575659 1.221503734588623 20349
1752848584553 1.7055575847625732 20399
1752848593461 1.573146104812622 20449
1752848602361 1.0801830291748047 20499
1752848611262 1.0254427194595337 20549
1752848620157 0.9864968657493591 20599
1752848629058 0.906928539276123 20649
1752848637954 0.891998291015625 20699
1752848646855 1.0364623069763184 20749
1752848673643 1.2471685409545898 20799
1752848682528 1.254896640777588 20849
1752848691394 1.277511715888977 20899
1752848700280 1.642875075340271 20949
1752848709184 1.2967400550842285 20999
1752848718079 1.2054170370101929 21049
1752848726972 1.2981822490692139 21099
1752848735875 0.8871549963951111 21149
1752848744768 1.1480239629745483 21199
1752848753658 0.9364757537841797 21249
1752848779711 0.7823951840400696 21299
1752848788593 1.2880041599273682 21349
1752848797475 0.8239895701408386 21399
1752848806371 0.907893180847168 21449
1752848815264 1.3402574062347412 21499
1752848824157 1.2270870208740234 21549
1752848833058 0.9525913596153259 21599
1752848841950 1.1106510162353516 21649
1752848850839 1.0166116952896118 21699
1752848859744 1.928830623626709 21749
1752848885801 1.6313395500183105 21799
1752848894690 0.7251641750335693 21849
1752848903570 0.843533992767334 21899
1752848912482 1.0380094051361084 21949
1752848921371 1.163148283958435 21999
1752848930266 1.3045191764831543 22049
1752848939145 0.9969407916069031 22099
1752848948020 1.4683377742767334 22149
1752848956934 1.019029974937439 22199
1752848965830 0.7505274415016174 22249
1752848991690 1.0970258712768555 22299
1752849000579 1.274155855178833 22349
1752849009457 1.3081247806549072 22399
1752849018361 1.2026829719543457 22449
1752849027271 0.9199209213256836 22499
1752849036170 1.0956171751022339 22549
1752849045082 0.7464197874069214 22599
1752849053996 1.0454212427139282 22649
1752849062884 1.194704294204712 22699
1752849071776 1.462304949760437 22749
1752849097903 0.9530055522918701 22799
1752849106782 0.7690632343292236 22849
1752849115673 1.293639898300171 22899
1752849124561 0.9635345339775085 22949
1752849133459 1.3712137937545776 22999
1752849142332 1.1137951612472534 23049
1752849151224 1.6381808519363403 23099
1752849160103 1.1170411109924316 23149
1752849168994 1.0654170513153076 23199
1752849177906 1.0340403318405151 23249
1752849204075 0.9135509729385376 23299
1752849212964 1.2538981437683105 23349
1752849221859 0.7194259166717529 23399
1752849230755 0.8237206935882568 23449
1752849239670 0.7032800316810608 23499
1752849248577 1.024894118309021 23549
1752849257468 1.4659405946731567 23599
1752849266362 1.230849027633667 23649
1752849275262 1.0754996538162231 23699
1752849284142 1.2592957019805908 23749
1752849310146 1.1364160776138306 23799
1752849319030 0.9059872031211853 23849
1752849327911 0.9043842554092407 23899
1752849336791 0.7690504789352417 23949
1752849345685 1.5648438930511475 23999
1752849354572 1.0433319807052612 24049
1752849363463 0.8601555228233337 24099
1752849372349 1.0786213874816895 24149
1752849381248 1.2136180400848389 24199
1752849390156 0.8857249021530151 24249
1752849416141 1.162638783454895 24299
1752849425031 1.2462139129638672 24349
1752849433907 1.5059752464294434 24399
1752849442802 1.0151479244232178 24449
1752849451692 0.8075469136238098 24499
1752849460574 1.3259999752044678 24549
1752849469469 1.0574285984039307 24599
1752849478366 0.7673242092132568 24649
1752849487266 1.0884284973144531 24699
1752849496149 0.9980992674827576 24749
1752849523491 0.8140522837638855 24799
1752849532382 1.0171194076538086 24849
1752849541273 1.2786935567855835 24899
1752849550174 0.9134793877601624 24949
1752849559068 0.8075801730155945 24999
1752849567964 1.2153396606445312 25049
1752849576850 0.998831033706665 25099
1752849585747 1.4368858337402344 25149
1752849594640 1.2033897638320923 25199
1752849621623 1.0878548622131348 25249
1752849630503 0.7713233828544617 25299
1752849639380 1.0475900173187256 25349
1752849648278 1.1134939193725586 25399
1752849657187 0.9173843264579773 25449
1752849666101 0.874179482460022 25499
1752849674986 1.007936954498291 25549
1752849683867 1.4564204216003418 25599
1752849692760 1.2824419736862183 25649
1752849701655 1.0202476978302002 25699
1752849727634 1.2644097805023193 25749
1752849736535 1.0007104873657227 25799
1752849745429 1.0219929218292236 25849
1752849754326 1.214662790298462 25899
1752849763232 1.1406160593032837 25949
1752849772150 1.4017560482025146 25999
1752849781068 0.864807665348053 26049
1752849789963 2.224888801574707 26099
1752849798854 0.8974661231040955 26149
1752849807740 1.0725250244140625 26199
1752849833762 1.428375005722046 26249
1752849842653 1.543020486831665 26299
1752849851553 0.9060821533203125 26349
1752849860451 1.0336869955062866 26399
1752849869333 1.159946322441101 26449
1752849878221 1.2666923999786377 26499
1752849887123 1.1101164817810059 26549
1752849896041 1.1850298643112183 26599
1752849904946 1.0995959043502808 26649
1752849913834 1.2063589096069336 26699
1752849939846 1.6783164739608765 26749
1752849948745 0.984279215335846 26799
1752849957644 1.0082130432128906 26849
1752849966536 0.9893476963043213 26899
1752849975434 0.8267812728881836 26949
1752849984331 0.9876748323440552 26999
1752849993219 1.187519907951355 27049
1752850002114 0.9663695693016052 27099
1752850011002 0.9340175986289978 27149
1752850019889 0.9623648524284363 27199
1752850045808 1.2355804443359375 27249
1752850054711 1.1739767789840698 27299
1752850063596 0.9241176843643188 27349
1752850072500 1.5071899890899658 27399
1752850081402 1.532896637916565 27449
1752850090295 1.1380701065063477 27499
1752850099194 1.2127752304077148 27549
1752850108099 0.8557274341583252 27599
1752850116998 1.2299814224243164 27649
1752850125878 0.9197417497634888 27699
1752850152045 1.4731800556182861 27749
1752850160934 1.0836910009384155 27799
1752850169813 1.4061470031738281 27849
1752850178693 0.9602285623550415 27899
1752850187585 1.037367582321167 27949
1752850196482 0.9276577234268188 27999
1752850205370 1.1732710599899292 28049
1752850214256 0.8742654919624329 28099
1752850223151 1.7719500064849854 28149
1752850232050 0.8976460099220276 28199
1752850258096 0.9161330461502075 28249
1752850266970 0.7121994495391846 28299
1752850275872 0.9184547066688538 28349
1752850284767 0.974528431892395 28399
1752850293648 1.1780586242675781 28449
1752850302543 0.9119375944137573 28499
1752850311445 1.0102612972259521 28549
1752850320329 0.8896033763885498 28599
1752850329207 1.1039535999298096 28649
1752850338088 0.8045680522918701 28699
1752850363902 0.8842242360115051 28749
1752850372793 0.9672343730926514 28799
1752850381661 1.0830446481704712 28849
1752850390533 1.1941980123519897 28899
1752850399422 0.9391125440597534 28949
1752850408312 1.5285143852233887 28999
1752850417222 1.2858014106750488 29049
1752850426252 0.9720889329910278 29099
1752850435134 1.0153460502624512 29149
1752850444024 0.8951709270477295 29199
1752850470051 0.8905153274536133 29249
1752850478939 1.1294035911560059 29299
1752850487826 1.0810288190841675 29349
1752850496709 1.4409294128417969 29399
1752850505630 1.4120484590530396 29449
1752850514539 1.0875873565673828 29499
1752850523459 0.8298951387405396 29549
1752850532363 0.8407692909240723 29599
1752850541263 1.0081135034561157 29649
1752850550163 1.408881425857544 29699
1752850576141 1.1282581090927124 29749
1752850585039 1.003927230834961 29799
1752850593931 0.9311467409133911 29849
1752850602823 1.094459891319275 29899
1752850611690 1.2728466987609863 29949
1752850620573 1.3320645093917847 29999
1752850629475 1.2840476036071777 30049
1752850638376 1.58486008644104 30099
1752850647279 0.9631307721138 30149
1752850673272 1.2751675844192505 30199
1752850682124 0.8544310331344604 30249
1752850690993 0.8173101544380188 30299
1752850699872 2.203123092651367 30349
1752850708755 1.0042967796325684 30399
1752850717671 1.4953134059906006 30449
1752850726576 0.7769496440887451 30499
1752850735464 1.187870979309082 30549
1752850744346 1.0593681335449219 30599
1752850753235 0.9909527897834778 30649
1752850780265 0.8344569206237793 30699
1752850789136 0.7516661882400513 30749
1752850798020 1.0820848941802979 30799
1752850806894 0.8257690668106079 30849
1752850815791 0.8373048901557922 30899
1752850824689 1.0062832832336426 30949
1752850833593 1.5794737339019775 30999
1752850842486 1.1261374950408936 31049
1752850851364 0.8584886789321899 31099
1752850860254 1.4117255210876465 31149
1752850886493 1.134129285812378 31199
1752850895378 1.0175364017486572 31249
1752850904265 1.1357415914535522 31299
1752850913156 0.8532518148422241 31349
1752850922061 0.9529021978378296 31399
1752850930957 0.8233550190925598 31449
1752850939860 1.1697911024093628 31499
1752850948776 1.262729525566101 31549
1752850957682 1.2784265279769897 31599
1752850966570 1.1960608959197998 31649
1752850993229 0.864503026008606 31699
1752851002114 0.9307053685188293 31749
1752851010999 0.8162499070167542 31799
1752851019892 0.9099775552749634 31849
1752851028795 0.9663007259368896 31899
1752851037691 1.5273915529251099 31949
1752851046589 0.9795429706573486 31999
1752851055482 0.8373510241508484 32049
1752851064370 0.6737925410270691 32099
1752851073281 0.6605671644210815 32149
1752851099348 1.0380781888961792 32199
1752851108222 0.9525984525680542 32249
1752851117090 0.8825574517250061 32299
1752851125986 0.8135372400283813 32349
1752851134907 1.0782392024993896 32399
1752851143807 0.9437660574913025 32449
1752851152699 0.9632120132446289 32499
1752851161590 1.183761477470398 32549
1752851170481 0.7762928605079651 32599
1752851179382 0.7377365827560425 32649
1752851206404 1.006106972694397 32699
1752851215294 0.9897869825363159 32749
1752851224177 1.1426478624343872 32799
1752851233067 1.0462578535079956 32849
1752851241963 1.0323379039764404 32899
1752851250843 1.0363883972167969 32949
1752851259723 1.331298828125 32999
1752851268611 0.9228010773658752 33049
1752851277487 0.9838404655456543 33099
1752851286364 1.7775187492370605 33149
1752851312335 1.2467186450958252 33199
1752851321222 0.8011972904205322 33249
1752851330097 0.9468233585357666 33299
1752851338995 1.0507817268371582 33349
1752851347891 0.8897459506988525 33399
1752851356802 0.998633861541748 33449
1752851365682 0.8305982351303101 33499
1752851374577 0.6881146430969238 33549
1752851383478 0.8879647254943848 33599
1752851392360 1.2340244054794312 33649
1752851418402 0.8155333995819092 33699
1752851427291 1.7445660829544067 33749
1752851436183 0.67235267162323 33799
1752851445091 0.766244113445282 33849
1752851453976 1.2293397188186646 33899
1752851462863 1.2601752281188965 33949
1752851471757 0.8980840444564819 33999
1752851480655 0.8365031480789185 34049
1752851489547 1.1612075567245483 34099
1752851498435 1.2587738037109375 34149
1752851525309 0.873878002166748 34199
1752851534178 0.7833132743835449 34249
1752851543059 1.0790560245513916 34299
1752851551937 0.8438614010810852 34349
1752851560818 0.9402194023132324 34399
1752851569685 0.8949198126792908 34449
1752851578558 1.1781151294708252 34499
1752851587426 0.8156571388244629 34549
1752851596306 1.224593162536621 34599
1752851605183 0.9059766530990601 34649
1752851632447 0.7638814449310303 34699
1752851641349 1.1866939067840576 34749
1752851650260 1.023892879486084 34799
1752851659173 1.2471764087677002 34849
1752851668058 1.0227528810501099 34899
1752851676957 0.8845996856689453 34949
1752851685861 0.8854626417160034 34999
1752851694746 0.9392093420028687 35049
1752851703656 0.6544997096061707 35099
1752851729635 0.877981960773468 35149
1752851738512 1.5576326847076416 35199
1752851747414 1.1385854482650757 35249
1752851756328 0.8477550148963928 35299
1752851765246 1.314143180847168 35349
1752851774150 1.2550597190856934 35399
1752851783069 0.9988062381744385 35449
1752851791980 1.4289391040802002 35499
1752851800887 0.8129422664642334 35549
1752851809803 1.261236310005188 35599
1752851835815 0.7002640962600708 35649
1752851844694 1.0261595249176025 35699
1752851853595 0.7766770124435425 35749
1752851862495 1.0305230617523193 35799
1752851871393 1.468188762664795 35849
1752851880293 0.7974862456321716 35899
1752851889187 0.7354466915130615 35949
1752851898075 1.6312987804412842 35999
1752851906959 0.6978514790534973 36049
1752851915845 1.2145726680755615 36099
1752851941768 0.8911481499671936 36149
1752851950664 1.2722316980361938 36199
1752851959563 0.9187665581703186 36249
1752851968468 0.8490461111068726 36299
1752851977371 0.7702462077140808 36349
1752851986288 0.9049645662307739 36399
1752851995208 0.893124520778656 36449
1752852004115 0.918262779712677 36499
1752852013008 1.0145580768585205 36549
1752852021922 0.8778177499771118 36599
1752852047739 0.9643981456756592 36649
1752852056629 1.1631591320037842 36699
1752852065532 0.8351415395736694 36749
1752852074432 1.2128007411956787 36799
1752852083346 0.9724197387695312 36849
1752852092244 0.9443142414093018 36899
1752852101148 0.9282337427139282 36949
1752852110061 1.2548437118530273 36999
1752852118961 1.5605120658874512 37049
1752852127853 0.98116135597229 37099
1752852154813 1.0272088050842285 37149
1752852163694 0.6681127548217773 37199
1752852172569 0.8669614791870117 37249
1752852181467 0.9709036350250244 37299
1752852190349 1.0866752862930298 37349
1752852199225 0.9016507267951965 37399
1752852208099 1.1560230255126953 37449
1752852216978 0.8850580453872681 37499
1752852225880 1.6366894245147705 37549
1752852234781 1.229867935180664 37599
1752852260713 1.4040255546569824 37649
1752852269593 0.7529124021530151 37699
1752852278472 1.2011138200759888 37749
1752852287384 0.9509263038635254 37799
1752852296276 1.2672429084777832 37849
1752852305186 0.8475680351257324 37899
1752852314096 1.292015552520752 37949
1752852322986 0.9445093274116516 37999
1752852331868 1.233332872390747 38049
1752852340756 1.0865046977996826 38099
1752852366738 1.0295426845550537 38149
1752852375609 0.8000806570053101 38199
1752852384505 0.9272897243499756 38249
1752852393408 1.6739685535430908 38299
1752852402324 1.13265860080719 38349
1752852411201 0.883776068687439 38399
1752852420102 0.9413950443267822 38449
1752852428980 1.1422377824783325 38499
1752852437877 0.928769588470459 38549
1752852446765 0.712498664855957 38599
1752852472684 0.7317226529121399 38649
1752852481584 1.5887548923492432 38699
1752852490481 0.992120623588562 38749
1752852499377 0.9974123239517212 38799
1752852508254 1.352689504623413 38849
1752852517153 0.8022864460945129 38899
1752852526042 1.1594791412353516 38949
1752852534932 0.8222529888153076 38999
1752852543837 1.1773014068603516 39049
1752852552735 0.6586813926696777 39099
1752852578662 0.9789769649505615 39149
1752852587558 1.018052101135254 39199
1752852596466 0.7802394032478333 39249
1752852605367 0.738987147808075 39299
1752852614272 0.9498580098152161 39349
1752852623187 0.9337145090103149 39399
1752852632096 0.6861144304275513 39449
1752852640989 0.8221465349197388 39499
1752852649901 0.9463005065917969 39549
1752852658793 1.2225847244262695 39599
1752852684706 1.2287592887878418 39649
1752852693610 0.6692299842834473 39699
1752852702516 0.8414116501808167 39749
1752852711414 1.2723710536956787 39799
1752852720307 1.3050084114074707 39849
1752852729230 0.9940419793128967 39899
1752852738127 1.2108954191207886 39949
1752852747033 0.6435044407844543 39999
1752852755937 1.0664455890655518 40049
1752852782160 1.9284555912017822 40099
1752852791044 0.8089209794998169 40149
1752852799958 1.4120359420776367 40199
1752852808867 0.8578112125396729 40249
1752852817782 1.4103128910064697 40299
1752852826713 1.0880435705184937 40349
1752852835621 1.5692089796066284 40399
1752852844518 1.1404719352722168 40449
1752852853424 0.7893686294555664 40499
1752852862328 1.1513214111328125 40549
1752852888257 0.7956032752990723 40599
1752852897125 0.8351258039474487 40649
1752852906015 0.8237054347991943 40699
1752852914908 0.9033247232437134 40749
1752852923808 1.495375156402588 40799
1752852932721 1.365553855895996 40849
1752852941753 0.9422446489334106 40899
1752852950648 0.8798874616622925 40949
1752852959545 0.6306623220443726 40999
1752852968458 1.028084635734558 41049
1752852995258 0.7597833275794983 41099
1752853004145 0.8324958086013794 41149
1752853013018 0.7208255529403687 41199
1752853021918 0.7346099615097046 41249
1752853030832 1.0711603164672852 41299
1752853039744 0.9344658851623535 41349
1752853048653 1.3618216514587402 41399
1752853057561 0.839645266532898 41449
1752853066451 0.8684397339820862 41499
1752853075350 1.2455391883850098 41549
1752853102271 0.944403350353241 41599
1752853111150 1.0255378484725952 41649
1752853120046 1.095157265663147 41699
1752853128937 1.4434542655944824 41749
1752853137836 0.8482505083084106 41799
1752853146727 0.5834758877754211 41849
1752853155621 0.932284951210022 41899
1752853164533 0.8631919622421265 41949
1752853173420 0.8571317195892334 41999
1752853182311 1.0814319849014282 42049
1752853208298 1.237217664718628 42099
1752853217195 1.3702187538146973 42149
1752853226078 0.8694758415222168 42199
1752853234966 1.1573970317840576 42249
1752853243869 0.8585649728775024 42299
1752853252758 1.26920485496521 42349
1752853261640 0.7067394256591797 42399
1752853270525 0.8071688413619995 42449
1752853279431 1.0514614582061768 42499
1752853288328 1.0056744813919067 42549
1752853314376 0.9297778010368347 42599
1752853323262 0.8948308229446411 42649
1752853332158 0.8937141299247742 42699
1752853341060 1.3421767950057983 42749
1752853349971 0.9180288314819336 42799
1752853358871 1.3037950992584229 42849
1752853367772 1.647678017616272 42899
1752853376659 0.8534667491912842 42949
1752853385571 0.9141265153884888 42999
1752853394476 0.8822452425956726 43049
1752853421402 0.7586824297904968 43099
1752853430289 0.8207233548164368 43149
1752853439178 0.8143443465232849 43199
1752853448080 1.219468116760254 43249
1752853456985 0.8807754516601562 43299
1752853465895 0.7262433767318726 43349
1752853474792 0.9824261665344238 43399
1752853483685 0.7710603475570679 43449
1752853492576 1.0543272495269775 43499
1752853501470 0.9883701801300049 43549
1752853527593 0.9563206434249878 43599
1752853536465 1.1805737018585205 43649
1752853545352 0.9128745198249817 43699
1752853554252 0.9586666226387024 43749
1752853563150 0.7370793223381042 43799
1752853572035 1.094110131263733 43849
1752853580941 0.7320324182510376 43899
1752853589847 0.9189003109931946 43949
1752853598738 1.3301265239715576 43999
1752853607643 0.7976734638214111 44049
1752853633605 0.9226253032684326 44099
1752853642490 1.0057768821716309 44149
1752853651383 0.9530846476554871 44199
1752853660290 0.8208550214767456 44249
1752853669171 0.9287651777267456 44299
1752853678074 1.3170440196990967 44349
1752853686985 0.8080844283103943 44399
1752853695882 1.0718400478363037 44449
1752853704774 0.9494291543960571 44499
1752853713709 0.605825662612915 44549
1752853739644 0.6412073373794556 44599
1752853748551 1.0635310411453247 44649
1752853757447 1.6733938455581665 44699
1752853766344 1.4051227569580078 44749
1752853775245 0.9859967231750488 44799
1752853784140 1.1871472597122192 44849
1752853793023 1.0247206687927246 44899
1752853801909 1.4063265323638916 44949
1752853810823 0.9548578262329102 44999
1752853836740 0.7502861022949219 45049
1752853845624 1.4490885734558105 45099
1752853854536 1.4867956638336182 45149
1752853863439 0.8054068088531494 45199
1752853872349 1.296122670173645 45249
1752853881260 1.0459232330322266 45299
1752853890152 1.002969741821289 45349
1752853899079 1.10538911819458 45399
1752853908002 1.0130622386932373 45449
1752853916915 0.821298360824585 45499
1752853942793 1.6641783714294434 45549
1752853951666 0.9634655117988586 45599
1752853960560 0.8037380576133728 45649
1752853969590 0.6771631836891174 45699
1752853978489 0.7865528464317322 45749
1752853987376 0.8729724884033203 45799
1752853996252 0.9852825403213501 45849
1752854005153 1.1338222026824951 45899
1752854014043 1.4094350337982178 45949
1752854022940 0.7994691133499146 45999
1752854049191 0.75693678855896 46049
1752854058089 0.8357338905334473 46099
1752854066997 1.1819651126861572 46149
1752854075898 1.0111005306243896 46199
1752854084804 1.4473944902420044 46249
1752854093724 0.6556282639503479 46299
1752854102637 0.9361000657081604 46349
1752854111539 0.6910125017166138 46399
1752854120451 1.0118178129196167 46449
1752854129371 0.9114820957183838 46499
1752854156294 0.9654006958007812 46549
1752854165186 0.9084210395812988 46599
1752854174083 0.8724496364593506 46649
1752854182966 1.7237725257873535 46699
1752854191860 0.7596607804298401 46749
1752854200773 0.949348509311676 46799
1752854209676 1.434862732887268 46849
1752854218576 0.7827186584472656 46899
1752854227496 1.0558569431304932 46949
1752854236408 1.0410206317901611 46999
1752854262649 1.315840482711792 47049
1752854271532 0.7531830072402954 47099
1752854280420 0.8750367164611816 47149
1752854289311 0.7756857872009277 47199
1752854298202 0.9165248870849609 47249
1752854307094 0.9031387567520142 47299
1752854315992 0.9431198835372925 47349
1752854324891 1.0828289985656738 47399
1752854333796 0.8092962503433228 47449
1752854342693 0.6873581409454346 47499
1752854368678 1.2305165529251099 47549
1752854377584 0.8670605421066284 47599
1752854386473 1.0390241146087646 47649
1752854395368 0.8133202791213989 47699
1752854404246 1.0598207712173462 47749
1752854413146 1.5687130689620972 47799
1752854422035 0.9488431215286255 47849
1752854430943 0.7375262975692749 47899
1752854439862 1.354072093963623 47949
1752854448776 1.3488259315490723 47999
1752854475063 1.0253548622131348 48049
1752854483962 0.7416179180145264 48099
1752854492854 0.640332818031311 48149
1752854501754 1.0769493579864502 48199
1752854510667 0.8597029447555542 48249
1752854519574 0.7974954843521118 48299
1752854528470 0.7252683639526367 48349
1752854537394 0.8303461074829102 48399
1752854546298 0.8680516481399536 48449
1752854555197 0.7326666116714478 48499
1752854581187 1.3465083837509155 48549
1752854590078 1.0765447616577148 48599
1752854598966 1.0007953643798828 48649
1752854607875 1.0253514051437378 48699
1752854616767 0.8033626675605774 48749
1752854625674 1.0391086339950562 48799
1752854634569 0.8184093832969666 48849
1752854643463 0.832335352897644 48899
1752854652371 0.9155561923980713 48949
1752854661282 1.0019378662109375 48999
1752854687259 0.924110472202301 49049
1752854696162 0.7205578684806824 49099
1752854705043 1.0454225540161133 49149
1752854713949 1.1122777462005615 49199
1752854722867 0.7910293340682983 49249
1752854731778 1.0685060024261475 49299
1752854740689 1.2186057567596436 49349
1752854749585 0.86735600233078 49399
1752854758475 1.3019280433654785 49449
1752854767381 0.7112550139427185 49499
