1752844244849 24.847049713134766 49
1752844253633 25.289106369018555 99
1752844262433 25.281911849975586 149
1752844271217 25.120765686035156 199
1752844280058 24.954225540161133 249
1752844288932 24.815715789794922 299
1752844297778 24.688861846923828 349
1752844306642 24.43503761291504 399
1752844315495 24.216278076171875 449
1752844342322 24.179584503173828 499
1752844351147 24.14031219482422 549
1752844359979 23.955963134765625 599
1752844368846 23.706918716430664 649
1752844377703 23.3582706451416 699
1752844386562 23.388404846191406 749
1752844395433 23.2783203125 799
1752844404296 23.006786346435547 849
1752844413175 22.696624755859375 899
1752844422041 22.55785369873047 949
1752844449107 22.248823165893555 999
1752844457962 22.172122955322266 1049
1752844466807 22.087261199951172 1099
1752844475648 21.859643936157227 1149
1752844484484 21.551761627197266 1199
1752844493342 21.20867919921875 1249
1752844502224 21.22037124633789 1299
1752844511101 21.05846405029297 1349
1752844519985 20.780323028564453 1399
1752844528849 20.345142364501953 1449
1752844555902 20.140316009521484 1499
1752844564758 20.051759719848633 1549
1752844573615 19.90183448791504 1599
1752844582456 19.580297470092773 1649
1752844591303 19.401805877685547 1699
1752844600150 18.917179107666016 1749
1752844609016 18.865156173706055 1799
1752844617902 18.759708404541016 1849
1752844626776 18.260324478149414 1899
1752844635759 18.04604148864746 1949
1752844662596 18.083786010742188 1999
1752844671450 17.721717834472656 2049
1752844680269 17.519981384277344 2099
1752844689136 17.097869873046875 2149
1752844698012 17.00965118408203 2199
1752844706889 16.837329864501953 2249
1752844715742 16.63945960998535 2299
1752844724627 16.311195373535156 2349
1752844733503 16.027570724487305 2399
1752844742370 15.94572925567627 2449
1752844768238 15.87337875366211 2499
1752844777095 15.511913299560547 2549
1752844785950 15.282748222351074 2599
1752844794826 15.178487777709961 2649
1752844803705 14.992608070373535 2699
1752844812587 14.528955459594727 2749
1752844821462 14.42971420288086 2799
1752844830340 14.350247383117676 2849
1752844839220 14.032838821411133 2899
1752844848098 13.895342826843262 2949
1752844875085 13.717363357543945 2999
1752844883944 13.273024559020996 3049
1752844892799 13.278456687927246 3099
1752844901688 13.132033348083496 3149
1752844910576 12.748239517211914 3199
1752844919452 12.645872116088867 3249
1752844928329 12.279740333557129 3299
1752844937241 12.2701416015625 3349
1752844946128 12.050703048706055 3399
1752844955014 11.922191619873047 3449
1752844981943 11.7689790725708 3499
1752844990795 11.417530059814453 3549
1752844999679 11.310075759887695 3599
1752845008566 11.018524169921875 3649
1752845017455 10.862507820129395 3699
1752845026332 10.836773872375488 3749
1752845035218 10.541624069213867 3799
1752845044124 10.347711563110352 3849
1752845053022 10.1998929977417 3899
1752845061939 10.092660903930664 3949
1752845088649 9.767062187194824 3999
1752845097509 9.654679298400879 4049
1752845106403 9.475584030151367 4099
1752845115278 9.410090446472168 4149
1752845124182 9.15018081665039 4199
1752845133052 9.000285148620605 4249
1752845141928 8.96103286743164 4299
1752845150815 8.629997253417969 4349
1752845159717 8.572336196899414 4399
1752845168609 8.39657211303711 4449
1752845195414 8.366327285766602 4499
1752845204279 8.084491729736328 4549
1752845213162 7.950720310211182 4599
1752845222065 7.847075462341309 4649
1752845230933 7.743956565856934 4699
1752845239808 7.589962482452393 4749
1752845248690 7.519172191619873 4799
1752845257558 7.403778553009033 4849
1752845266435 7.253896713256836 4899
1752845275312 7.115058898925781 4949
1752845302130 7.029969215393066 4999
1752845311012 6.836666107177734 5049
1752845319881 6.782104015350342 5099
1752845328777 6.568256378173828 5149
1752845337686 6.505738258361816 5199
1752845346568 6.3823933601379395 5249
1752845355469 6.264291763305664 5299
1752845364365 6.159370422363281 5349
1752845373246 6.128364086151123 5399
1752845399262 5.9760661125183105 5449
1752845408113 5.893892288208008 5499
1752845417002 5.711960792541504 5549
1752845425872 5.553249359130859 5599
1752845434771 5.5330047607421875 5649
1752845443664 5.402628421783447 5699
1752845452586 5.340335369110107 5749
1752845461489 5.22585916519165 5799
1752845470384 5.134584426879883 5849
1752845479289 5.056739807128906 5899
1752845506272 5.021243095397949 5949
1752845515129 4.9672369956970215 5999
1752845523997 4.734081268310547 6049
1752845532873 4.533482551574707 6099
1752845541754 4.592374801635742 6149
1752845550644 4.449337005615234 6199
1752845559538 4.578899383544922 6249
1752845568434 4.271792411804199 6299
1752845577317 4.251982688903809 6349
1752845586197 4.134829998016357 6399
1752845613118 4.064023017883301 6449
1752845622003 4.22553014755249 6499
1752845630889 3.93605375289917 6549
1752845639762 3.900570869445801 6599
1752845648637 3.905290126800537 6649
1752845657520 3.7901511192321777 6699
1752845666403 3.5313587188720703 6749
1752845675289 3.614612579345703 6799
1752845684190 3.501868724822998 6849
1752845693097 3.4994235038757324 6899
1752845720066 3.418551445007324 6949
1752845728935 3.3128976821899414 6999
1752845737807 3.25825834274292 7049
1752845746701 3.246277093887329 7099
1752845755569 3.154973268508911 7149
1752845764451 3.2060229778289795 7199
1752845773331 3.148754119873047 7249
1752845782213 2.979527235031128 7299
1752845791123 2.876662492752075 7349
1752845800028 2.9501211643218994 7399
1752845825862 2.884981870651245 7449
1752845834722 2.963574171066284 7499
1752845843598 2.708402633666992 7549
1752845852476 2.6824111938476562 7599
1752845861375 2.6449339389801025 7649
1752845870232 2.6660232543945312 7699
1752845879119 2.75272798538208 7749
1752845888020 2.518627643585205 7799
1752845896934 2.5465590953826904 7849
1752845905828 2.5371406078338623 7899
1752845931828 2.523420810699463 7949
1752845940703 2.4309606552124023 7999
1752845949599 2.309356212615967 8049
1752845958494 2.4714365005493164 8099
1752845967395 2.1834824085235596 8149
1752845976279 2.410961151123047 8199
1752845985172 2.2201974391937256 8249
1752845994060 2.182999610900879 8299
1752846002963 2.2925357818603516 8349
1752846011832 2.2662811279296875 8399
1752846038624 2.1576755046844482 8449
1752846047492 2.026116132736206 8499
1752846056377 1.98280668258667 8549
1752846065287 2.0021989345550537 8599
1752846074178 2.0355277061462402 8649
1752846083060 2.0783534049987793 8699
1752846091947 1.9742794036865234 8749
1752846100842 1.8518271446228027 8799
1752846109735 1.9635745286941528 8849
1752846118633 1.9027321338653564 8899
1752846145362 1.9204349517822266 8949
1752846154221 1.76194429397583 8999
1752846163112 1.915338158607483 9049
1752846171992 1.8596218824386597 9099
1752846180885 1.8023250102996826 9149
1752846189772 1.8855844736099243 9199
1752846198668 1.7404227256774902 9249
1752846207555 1.6862425804138184 9299
1752846216449 1.7924224138259888 9349
1752846225347 1.8044663667678833 9399
1752846252221 1.6767635345458984 9449
1752846261102 1.5914301872253418 9499
1752846269991 1.632832407951355 9549
1752846278876 1.5823405981063843 9599
1752846287776 1.6451750993728638 9649
1752846296669 1.7375130653381348 9699
1752846305585 1.7451705932617188 9749
1752846314463 1.5565844774246216 9799
1752846323348 1.6727104187011719 9849
1752846332235 1.8275139331817627 9899
1752846358436 1.5603406429290771 9949
1752846367342 1.5887455940246582 9999
1752846376221 1.6329946517944336 10049
1752846385107 1.666621446609497 10099
1752846394000 1.7093052864074707 10149
1752846402895 1.5286182165145874 10199
1752846411794 1.3802297115325928 10249
1752846420658 1.4845459461212158 10299
1752846429542 1.6640639305114746 10349
1752846455610 1.3958103656768799 10399
1752846464464 1.565512776374817 10449
1752846473348 1.61370849609375 10499
1752846482228 1.4920333623886108 10549
1752846491106 1.6952381134033203 10599
1752846499989 1.6229231357574463 10649
1752846508885 1.490433692932129 10699
1752846517753 1.47212553024292 10749
1752846526628 1.4739913940429688 10799
1752846535525 1.6158552169799805 10849
1752846562435 1.6673359870910645 10899
1752846571306 1.5492013692855835 10949
1752846580190 1.432751178741455 10999
1752846589115 1.6129124164581299 11049
1752846598010 1.5469517707824707 11099
1752846606908 1.4156010150909424 11149
1752846615805 1.504120945930481 11199
1752846624697 1.443549394607544 11249
1752846633585 1.4354474544525146 11299
1752846642491 1.6983975172042847 11349
1752846668665 1.4282100200653076 11399
1752846677535 1.5317356586456299 11449
1752846686420 1.6793763637542725 11499
1752846695301 1.541946291923523 11549
1752846704173 1.603210687637329 11599
1752846713082 1.5222256183624268 11649
1752846722000 1.4659817218780518 11699
1752846730920 1.5758342742919922 11749
1752846739826 1.377941608428955 11799
1752846748733 1.484494686126709 11849
1752846775794 1.5164090394973755 11899
1752846784680 1.4100146293640137 11949
1752846793572 1.554099440574646 11999
1752846802483 1.376054286956787 12049
1752846811391 1.528721809387207 12099
1752846820288 1.6753329038619995 12149
1752846829182 1.3222103118896484 12199
1752846838078 1.491422176361084 12249
1752846847003 1.610114574432373 12299
1752846855898 1.4794856309890747 12349
1752846881839 1.5542024374008179 12399
1752846890686 1.484156847000122 12449
1752846899557 1.3763271570205688 12499
1752846908452 1.4975790977478027 12549
1752846917340 1.5000786781311035 12599
1752846926236 1.6695144176483154 12649
1752846935147 1.3990650177001953 12699
1752846944031 1.3868012428283691 12749
1752846952918 1.3309181928634644 12799
1752846961818 1.5651445388793945 12849
1752846987828 1.7039062976837158 12899
1752846996678 1.5737677812576294 12949
1752847005551 1.4017313718795776 12999
1752847014439 1.3449032306671143 13049
1752847023329 1.5304923057556152 13099
1752847032220 1.3183249235153198 13149
1752847041130 1.5265090465545654 13199
1752847050047 1.2263035774230957 13249
1752847058951 1.4981764554977417 13299
1752847067844 1.3871164321899414 13349
1752847094815 1.4152555465698242 13399
1752847103696 1.503306269645691 13449
1752847112589 1.372739553451538 13499
1752847121499 1.4942129850387573 13549
1752847130382 1.1971564292907715 13599
1752847139285 1.6084375381469727 13649
1752847148208 1.4523686170578003 13699
1752847157120 1.5570781230926514 13749
1752847166025 1.487093448638916 13799
1752847174932 1.7085723876953125 13849
1752847201691 1.512286901473999 13899
1752847210579 1.3587311506271362 13949
1752847219459 1.334416151046753 13999
1752847228330 1.3748433589935303 14049
1752847237202 1.6223628520965576 14099
1752847246096 1.5965962409973145 14149
1752847254996 1.400535225868225 14199
1752847263907 1.6025097370147705 14249
1752847272807 1.3387260437011719 14299
1752847281702 1.4145522117614746 14349
1752847307735 1.2948410511016846 14399
1752847316621 1.4129581451416016 14449
1752847325525 1.5364649295806885 14499
1752847334424 1.404160499572754 14549
1752847343343 1.5680280923843384 14599
1752847352243 1.5772359371185303 14649
1752847361152 1.4844613075256348 14699
1752847370059 1.42768132686615 14749
1752847378966 1.6920711994171143 14799
1752847387871 1.3749301433563232 14849
1752847413820 1.4734091758728027 14899
1752847422718 1.53813898563385 14949
1752847431606 1.4284807443618774 14999
1752847440507 1.6224405765533447 15049
1752847449426 1.3427834510803223 15099
1752847458321 1.599098801612854 15149
1752847467236 1.4140912294387817 15199
1752847476158 1.3905614614486694 15249
1752847485048 1.5215859413146973 15299
1752847511193 1.5784581899642944 15349
1752847520068 1.4681320190429688 15399
1752847528961 1.517472267150879 15449
1752847537854 1.4832813739776611 15499
1752847546750 1.369248390197754 15549
1752847555659 1.368751049041748 15599
1752847564559 1.3534189462661743 15649
1752847573467 1.5490283966064453 15699
1752847582356 1.395895004272461 15749
1752847591230 1.3167779445648193 15799
1752847618005 1.4833369255065918 15849
1752847626868 1.4537779092788696 15899
1752847635754 1.5655208826065063 15949
1752847644644 1.4771122932434082 15999
1752847653528 1.5954022407531738 16049
1752847662428 1.504079818725586 16099
1752847671328 1.379997968673706 16149
1752847680221 1.5784380435943604 16199
1752847689110 1.5299828052520752 16249
1752847697996 1.5116363763809204 16299
1752847724948 1.5353326797485352 16349
1752847733837 1.5136395692825317 16399
1752847742702 1.4356083869934082 16449
1752847751577 1.5029670000076294 16499
1752847760456 1.390952706336975 16549
1752847769336 1.5217541456222534 16599
1752847778216 1.492349624633789 16649
1752847787105 1.4220831394195557 16699
1752847796001 1.6206865310668945 16749
1752847804906 1.4875054359436035 16799
1752847831007 1.4575376510620117 16849
1752847839901 1.3553926944732666 16899
1752847848775 1.2916460037231445 16949
1752847857659 1.3895604610443115 16999
1752847866564 1.653465747833252 17049
1752847875457 1.4956424236297607 17099
1752847884331 1.5913774967193604 17149
1752847893207 1.649399757385254 17199
1752847902102 1.37956702709198 17249
1752847911142 1.3277788162231445 17299
1752847937233 1.588134527206421 17349
1752847946144 1.46072256565094 17399
1752847955026 1.3016154766082764 17449
1752847963917 1.5546212196350098 17499
1752847972811 1.5295705795288086 17549
1752847981708 1.6302142143249512 17599
1752847990608 1.7106817960739136 17649
1752847999499 1.4640507698059082 17699
1752848008391 1.4139877557754517 17749
1752848017274 1.4182056188583374 17799
1752848044142 1.4453433752059937 17849
1752848053006 1.496964454650879 17899
1752848061892 1.5692130327224731 17949
1752848070808 1.41648530960083 17999
1752848079716 1.5184900760650635 18049
1752848088617 1.49099862575531 18099
1752848097523 1.366410255432129 18149
1752848106445 1.4996519088745117 18199
1752848115330 1.513213872909546 18249
1752848124229 1.4322283267974854 18299
1752848149951 1.3055593967437744 18349
1752848158844 1.4435844421386719 18399
1752848167728 1.690260410308838 18449
1752848176616 1.4976823329925537 18499
1752848185527 1.3169065713882446 18549
1752848194444 1.349522590637207 18599
1752848203336 1.5927237272262573 18649
1752848212239 1.5166656970977783 18699
1752848221142 1.5368778705596924 18749
1752848230033 1.4875236749649048 18799
1752848256860 1.360465168952942 18849
1752848265744 1.3526053428649902 18899
1752848274632 1.4953722953796387 18949
1752848283536 1.431748867034912 18999
1752848292437 1.5074529647827148 19049
1752848301329 1.4581093788146973 19099
1752848310217 1.5016367435455322 19149
1752848319094 1.4560887813568115 19199
1752848327983 1.437782883644104 19249
1752848336884 1.4592585563659668 19299
1752848362829 1.433349370956421 19349
1752848371723 1.4426276683807373 19399
1752848380615 1.398956060409546 19449
1752848389510 1.4800424575805664 19499
1752848398404 1.5171208381652832 19549
1752848407294 1.7855727672576904 19599
1752848416171 1.364455223083496 19649
1752848425072 1.5573499202728271 19699
1752848433958 1.721483588218689 19749
1752848442850 1.6653151512145996 19799
1752848469809 1.478857159614563 19849
1752848478689 1.5358208417892456 19899
1752848487581 1.6461565494537354 19949
1752848496490 1.4806625843048096 19999
1752848505390 1.4716156721115112 20049
1752848514277 1.4953536987304688 20099
1752848523169 1.5884826183319092 20149
1752848532078 1.3807563781738281 20199
1752848540974 1.5166844129562378 20249
1752848566767 1.50870943069458 20299
1752848575659 1.571263313293457 20349
1752848584553 1.7819371223449707 20399
1752848593461 1.6069211959838867 20449
1752848602361 1.6773759126663208 20499
1752848611262 1.582021713256836 20549
1752848620157 1.5131205320358276 20599
1752848629058 1.4710153341293335 20649
1752848637954 1.5874388217926025 20699
1752848646855 1.338622808456421 20749
1752848673643 1.4134032726287842 20799
1752848682528 1.6840481758117676 20849
1752848691394 1.439199447631836 20899
1752848700280 1.518916368484497 20949
1752848709184 1.48004150390625 20999
1752848718079 1.766271710395813 21049
1752848726972 1.4355233907699585 21099
1752848735875 1.6417397260665894 21149
1752848744768 1.6488524675369263 21199
1752848753658 1.4051129817962646 21249
1752848779711 1.5769156217575073 21299
1752848788593 1.5186946392059326 21349
1752848797475 1.7300572395324707 21399
1752848806371 1.4906375408172607 21449
1752848815264 1.518263816833496 21499
1752848824157 1.8936057090759277 21549
1752848833058 1.5416868925094604 21599
1752848841950 1.6524615287780762 21649
1752848850839 1.573129415512085 21699
1752848859744 1.7210527658462524 21749
1752848885801 1.5242714881896973 21799
1752848894690 1.4639803171157837 21849
1752848903570 1.3129265308380127 21899
1752848912482 1.5157909393310547 21949
1752848921371 1.5039561986923218 21999
1752848930266 1.5904364585876465 22049
1752848939145 1.3970463275909424 22099
1752848948020 1.6420702934265137 22149
1752848956934 1.5870413780212402 22199
1752848965830 1.6755621433258057 22249
1752848991690 1.5362207889556885 22299
1752849000579 1.4319531917572021 22349
1752849009457 1.453003168106079 22399
1752849018361 1.5963410139083862 22449
1752849027271 1.5065147876739502 22499
1752849036170 1.775350570678711 22549
1752849045082 1.4516735076904297 22599
1752849053996 1.5752298831939697 22649
1752849062884 1.5907715559005737 22699
1752849071776 1.4975444078445435 22749
1752849097903 1.2925945520401 22799
1752849106782 1.4093663692474365 22849
1752849115673 1.5094116926193237 22899
1752849124561 1.6944353580474854 22949
1752849133459 1.5242855548858643 22999
1752849142332 1.7065365314483643 23049
1752849151224 1.6103473901748657 23099
1752849160103 1.633908748626709 23149
1752849168994 1.577483892440796 23199
1752849177906 1.5093448162078857 23249
1752849204075 1.6228129863739014 23299
1752849212964 1.8026702404022217 23349
1752849221859 1.4655768871307373 23399
1752849230755 1.5693100690841675 23449
1752849239670 1.6057151556015015 23499
1752849248577 1.558678150177002 23549
1752849257468 1.7223515510559082 23599
1752849266362 1.6392831802368164 23649
1752849275262 1.4908239841461182 23699
1752849284142 1.6683251857757568 23749
1752849310146 1.4945898056030273 23799
1752849319030 1.7294044494628906 23849
1752849327911 1.758253812789917 23899
1752849336791 1.5511568784713745 23949
1752849345685 1.7686760425567627 23999
1752849354572 1.519582986831665 24049
1752849363463 1.5303442478179932 24099
1752849372349 1.5238820314407349 24149
1752849381248 1.4773006439208984 24199
1752849390156 1.509535551071167 24249
1752849416141 1.5794507265090942 24299
1752849425031 1.6135799884796143 24349
1752849433907 1.654780626296997 24399
1752849442802 1.4852917194366455 24449
1752849451692 1.4636791944503784 24499
1752849460574 1.4002978801727295 24549
1752849469469 1.4825142621994019 24599
1752849478366 1.551450252532959 24649
1752849487266 1.5295000076293945 24699
1752849496149 1.4993770122528076 24749
1752849523491 1.68831205368042 24799
1752849532382 1.4390201568603516 24849
1752849541273 1.4671375751495361 24899
1752849550174 1.4042307138442993 24949
1752849559068 1.5961897373199463 24999
1752849567964 1.408564805984497 25049
1752849576850 1.5988041162490845 25099
1752849585747 1.6365554332733154 25149
1752849594640 1.7123193740844727 25199
1752849621623 1.6224769353866577 25249
1752849630503 1.6157238483428955 25299
1752849639380 1.4758657217025757 25349
1752849648278 1.6169383525848389 25399
1752849657187 1.4860882759094238 25449
1752849666101 1.5838567018508911 25499
1752849674986 1.4367024898529053 25549
1752849683867 1.4674088954925537 25599
1752849692760 1.6462465524673462 25649
1752849701655 1.4608910083770752 25699
1752849727634 1.3891823291778564 25749
1752849736535 1.558936357498169 25799
1752849745429 1.3473376035690308 25849
1752849754326 1.5699677467346191 25899
1752849763232 1.4524776935577393 25949
1752849772150 1.565086007118225 25999
1752849781068 1.594598412513733 26049
1752849789963 1.4110970497131348 26099
1752849798854 1.448615550994873 26149
1752849807740 1.5753118991851807 26199
1752849833762 1.32177734375 26249
1752849842653 1.4695465564727783 26299
1752849851553 1.5649268627166748 26349
1752849860451 1.68205988407135 26399
1752849869333 1.4948713779449463 26449
1752849878221 1.7321408987045288 26499
1752849887123 1.5844101905822754 26549
1752849896041 1.4139758348464966 26599
1752849904946 1.473780870437622 26649
1752849913834 1.454409122467041 26699
1752849939846 1.5694072246551514 26749
1752849948745 1.4809603691101074 26799
1752849957644 1.695995807647705 26849
1752849966536 1.4833186864852905 26899
1752849975434 1.6532833576202393 26949
1752849984331 1.563904881477356 26999
1752849993219 1.5251386165618896 27049
1752850002114 1.5794150829315186 27099
1752850011002 1.5899207592010498 27149
1752850019889 1.6881662607192993 27199
1752850045808 1.5495437383651733 27249
1752850054711 1.538259506225586 27299
1752850063596 1.6860146522521973 27349
1752850072500 1.588134527206421 27399
1752850081402 1.3819890022277832 27449
1752850090295 1.5938936471939087 27499
1752850099194 1.5415165424346924 27549
1752850108099 1.6359195709228516 27599
1752850116998 1.4833548069000244 27649
1752850125878 1.5265047550201416 27699
1752850152045 1.6784512996673584 27749
1752850160934 1.5378252267837524 27799
1752850169813 1.7113553285598755 27849
1752850178693 1.6583129167556763 27899
1752850187585 1.498257040977478 27949
1752850196482 1.7209382057189941 27999
1752850205370 1.4695751667022705 28049
1752850214256 1.7902486324310303 28099
1752850223151 1.5478851795196533 28149
1752850232050 1.7554367780685425 28199
1752850258096 1.4895788431167603 28249
1752850266970 1.4068915843963623 28299
1752850275872 1.7178664207458496 28349
1752850284767 1.5178523063659668 28399
1752850293648 1.598469614982605 28449
1752850302543 1.50332510471344 28499
1752850311445 1.4694485664367676 28549
1752850320329 1.5209459066390991 28599
1752850329207 1.5228930711746216 28649
1752850338088 1.76802396774292 28699
1752850363902 1.489588737487793 28749
1752850372793 1.5855975151062012 28799
1752850381661 1.5725175142288208 28849
1752850390533 1.642634391784668 28899
1752850399422 1.6289417743682861 28949
1752850408312 1.5734202861785889 28999
1752850417222 1.554253339767456 29049
1752850426252 1.6636974811553955 29099
1752850435134 1.601547360420227 29149
1752850444024 1.636070728302002 29199
1752850470051 1.4044864177703857 29249
1752850478939 1.5650031566619873 29299
1752850487826 1.3900221586227417 29349
1752850496709 1.4699581861495972 29399
1752850505630 1.4711873531341553 29449
1752850514539 1.5758118629455566 29499
1752850523459 1.6709785461425781 29549
1752850532363 1.525580644607544 29599
1752850541263 1.2974853515625 29649
1752850550163 1.521209478378296 29699
1752850576141 1.4430469274520874 29749
1752850585039 1.466044306755066 29799
1752850593931 1.6578426361083984 29849
1752850602823 1.6024861335754395 29899
1752850611690 1.5937433242797852 29949
1752850620573 1.4953553676605225 29999
1752850629475 1.6204819679260254 30049
1752850638376 1.5524100065231323 30099
1752850647279 1.5772991180419922 30149
1752850673272 1.6253719329833984 30199
1752850682124 1.6938551664352417 30249
1752850690993 1.6642003059387207 30299
1752850699872 1.6651887893676758 30349
1752850708755 1.6066956520080566 30399
1752850717671 1.7716400623321533 30449
1752850726576 1.528185486793518 30499
1752850735464 1.637789249420166 30549
1752850744346 1.608172059059143 30599
1752850753235 1.7137928009033203 30649
1752850780265 1.5222468376159668 30699
1752850789136 1.7230019569396973 30749
1752850798020 1.505761742591858 30799
1752850806894 1.5711629390716553 30849
1752850815791 1.430760383605957 30899
1752850824689 1.591752052307129 30949
1752850833593 1.511614441871643 30999
1752850842486 1.5492347478866577 31049
1752850851364 1.7129250764846802 31099
1752850860254 1.5057909488677979 31149
1752850886493 1.4679287672042847 31199
1752850895378 1.6696794033050537 31249
1752850904265 1.6187081336975098 31299
1752850913156 1.6252607107162476 31349
1752850922061 1.6759939193725586 31399
1752850930957 1.5225021839141846 31449
1752850939860 1.5598629713058472 31499
1752850948776 1.6889495849609375 31549
1752850957682 1.5715112686157227 31599
1752850966570 1.6700544357299805 31649
1752850993229 1.733277678489685 31699
1752851002114 1.698439121246338 31749
1752851010999 1.6834630966186523 31799
1752851019892 1.575971007347107 31849
1752851028795 1.4436194896697998 31899
1752851037691 1.520578384399414 31949
1752851046589 1.6047685146331787 31999
1752851055482 1.6155200004577637 32049
1752851064370 1.6122876405715942 32099
1752851073281 1.623955488204956 32149
1752851099348 1.5505554676055908 32199
1752851108222 1.5442873239517212 32249
1752851117090 1.7067726850509644 32299
1752851125986 1.5679064989089966 32349
1752851134907 1.6647140979766846 32399
1752851143807 1.670968770980835 32449
1752851152699 1.7952406406402588 32499
1752851161590 1.7494566440582275 32549
1752851170481 1.8309123516082764 32599
1752851179382 1.7380207777023315 32649
1752851206404 1.4912800788879395 32699
1752851215294 1.5732167959213257 32749
1752851224177 1.5071649551391602 32799
1752851233067 1.7578836679458618 32849
1752851241963 1.5294277667999268 32899
1752851250843 1.7136167287826538 32949
1752851259723 1.5848603248596191 32999
1752851268611 1.6040253639221191 33049
1752851277487 1.728337287902832 33099
1752851286364 1.466266393661499 33149
1752851312335 1.5080499649047852 33199
1752851321222 1.586719274520874 33249
1752851330097 1.7017838954925537 33299
1752851338995 1.6731817722320557 33349
1752851347891 1.5798730850219727 33399
1752851356802 1.5677958726882935 33449
1752851365682 1.6859076023101807 33499
1752851374577 1.584185242652893 33549
1752851383478 1.5320841073989868 33599
1752851392360 1.5343952178955078 33649
1752851418402 1.4474369287490845 33699
1752851427291 1.753481388092041 33749
1752851436183 1.6306430101394653 33799
1752851445091 1.5620214939117432 33849
1752851453976 1.7122845649719238 33899
1752851462863 1.7075424194335938 33949
1752851471757 1.7389923334121704 33999
1752851480655 1.6667451858520508 34049
1752851489547 1.6795456409454346 34099
1752851498435 1.7847144603729248 34149
1752851525309 1.6242072582244873 34199
1752851534178 1.807916522026062 34249
1752851543059 1.7946107387542725 34299
1752851551937 1.675004482269287 34349
1752851560818 1.6084623336791992 34399
1752851569685 1.3917207717895508 34449
1752851578558 1.6092314720153809 34499
1752851587426 1.7553091049194336 34549
1752851596306 1.627204179763794 34599
1752851605183 1.6741766929626465 34649
1752851632447 1.6781938076019287 34699
1752851641349 1.754430890083313 34749
1752851650260 1.6599276065826416 34799
1752851659173 1.7167487144470215 34849
1752851668058 1.674821376800537 34899
1752851676957 1.5953035354614258 34949
1752851685861 1.5853382349014282 34999
1752851694746 1.826244831085205 35049
1752851703656 1.7772879600524902 35099
1752851729635 1.5346564054489136 35149
1752851738512 1.6027886867523193 35199
1752851747414 1.6785271167755127 35249
1752851756328 1.7665894031524658 35299
1752851765246 1.7792996168136597 35349
1752851774150 1.612555980682373 35399
1752851783069 1.7040107250213623 35449
1752851791980 1.9088046550750732 35499
1752851800887 1.9078404903411865 35549
1752851809803 1.8132578134536743 35599
1752851835815 1.710996150970459 35649
1752851844694 1.714046597480774 35699
1752851853595 1.6601879596710205 35749
1752851862495 1.7197654247283936 35799
1752851871393 1.8076107501983643 35849
1752851880293 1.486624002456665 35899
1752851889187 1.5872845649719238 35949
1752851898075 1.7426893711090088 35999
1752851906959 1.6723036766052246 36049
1752851915845 1.7040225267410278 36099
1752851941768 1.6706225872039795 36149
1752851950664 1.6210012435913086 36199
1752851959563 1.5203601121902466 36249
1752851968468 1.830528974533081 36299
1752851977371 1.7679104804992676 36349
1752851986288 1.545503854751587 36399
1752851995208 1.6138489246368408 36449
1752852004115 1.773425579071045 36499
1752852013008 1.646892786026001 36549
1752852021922 1.6891250610351562 36599
1752852047739 2.068232536315918 36649
1752852056629 1.6784052848815918 36699
1752852065532 1.685840129852295 36749
1752852074432 1.7086548805236816 36799
1752852083346 1.745864748954773 36849
1752852092244 1.7346758842468262 36899
1752852101148 1.5626322031021118 36949
1752852110061 1.6179580688476562 36999
1752852118961 1.7748019695281982 37049
1752852127853 1.670133352279663 37099
1752852154813 1.616285800933838 37149
1752852163694 1.8423922061920166 37199
1752852172569 1.8664132356643677 37249
1752852181467 1.7057433128356934 37299
1752852190349 1.8424278497695923 37349
1752852199225 1.7110517024993896 37399
1752852208099 1.760157823562622 37449
1752852216978 1.7633768320083618 37499
1752852225880 1.6721084117889404 37549
1752852234781 1.8178457021713257 37599
1752852260713 1.7975590229034424 37649
1752852269593 1.6335563659667969 37699
1752852278472 1.6437268257141113 37749
1752852287384 1.6576402187347412 37799
1752852296276 1.6070345640182495 37849
1752852305186 1.6132805347442627 37899
1752852314096 1.7377947568893433 37949
1752852322986 1.7383373975753784 37999
1752852331868 1.6949331760406494 38049
1752852340756 1.6928386688232422 38099
1752852366738 1.867506742477417 38149
1752852375609 1.7577511072158813 38199
1752852384505 1.8060967922210693 38249
1752852393408 1.8793964385986328 38299
1752852402324 1.7070889472961426 38349
1752852411201 1.752331018447876 38399
1752852420102 1.842160701751709 38449
1752852428980 1.596130609512329 38499
1752852437877 1.6298301219940186 38549
1752852446765 1.6750998497009277 38599
1752852472684 1.6810187101364136 38649
1752852481584 1.8527576923370361 38699
1752852490481 1.6766972541809082 38749
1752852499377 1.8978145122528076 38799
1752852508254 1.8545010089874268 38849
1752852517153 1.439440131187439 38899
1752852526042 1.7386709451675415 38949
1752852534932 1.7404958009719849 38999
1752852543837 1.7263202667236328 39049
1752852552735 1.758616328239441 39099
1752852578662 1.9392356872558594 39149
1752852587558 1.7088958024978638 39199
1752852596466 1.5258753299713135 39249
1752852605367 1.6197326183319092 39299
1752852614272 1.6131720542907715 39349
1752852623187 1.7811532020568848 39399
1752852632096 1.7828717231750488 39449
1752852640989 1.7698729038238525 39499
1752852649901 1.616858720779419 39549
1752852658793 1.7952966690063477 39599
1752852684706 1.8529634475708008 39649
1752852693610 1.7105274200439453 39699
1752852702516 1.8320626020431519 39749
1752852711414 1.7726757526397705 39799
1752852720307 1.712218999862671 39849
1752852729230 1.8170599937438965 39899
1752852738127 1.7534428834915161 39949
1752852747033 1.8058503866195679 39999
1752852755937 1.8705511093139648 40049
1752852782160 1.8622418642044067 40099
1752852791044 1.8316760063171387 40149
1752852799958 1.7911912202835083 40199
1752852808867 1.799795389175415 40249
1752852817782 1.7470710277557373 40299
1752852826713 1.7763409614562988 40349
1752852835621 1.7644271850585938 40399
1752852844518 1.6969678401947021 40449
1752852853424 1.5530674457550049 40499
1752852862328 1.7245655059814453 40549
1752852888257 1.6919336318969727 40599
1752852897125 1.762549877166748 40649
1752852906015 1.9212942123413086 40699
1752852914908 1.7519817352294922 40749
1752852923808 1.7375009059906006 40799
1752852932721 1.7159353494644165 40849
1752852941753 1.6881518363952637 40899
1752852950648 1.679253101348877 40949
1752852959545 1.9263050556182861 40999
1752852968458 1.925936222076416 41049
1752852995258 1.7750828266143799 41099
1752853004145 1.5461903810501099 41149
1752853013018 1.7610998153686523 41199
1752853021918 1.72227942943573 41249
1752853030832 1.6691014766693115 41299
1752853039744 1.6638802289962769 41349
1752853048653 1.870856761932373 41399
1752853057561 1.8185431957244873 41449
1752853066451 1.8855900764465332 41499
1752853075350 1.6664080619812012 41549
1752853102271 1.6171903610229492 41599
1752853111150 1.9504995346069336 41649
1752853120046 2.0161056518554688 41699
1752853128937 1.7570253610610962 41749
1752853137836 1.8736859560012817 41799
1752853146727 1.6250965595245361 41849
1752853155621 1.745121955871582 41899
1752853164533 1.6363625526428223 41949
1752853173420 1.6117819547653198 41999
1752853182311 1.839080572128296 42049
1752853208298 1.660813570022583 42099
1752853217195 1.867459774017334 42149
1752853226078 1.679229497909546 42199
1752853234966 1.5996060371398926 42249
1752853243869 1.7203872203826904 42299
1752853252758 1.8034543991088867 42349
1752853261640 1.8273978233337402 42399
1752853270525 1.7316620349884033 42449
1752853279431 1.8153014183044434 42499
1752853288328 1.9577572345733643 42549
1752853314376 1.940803050994873 42599
1752853323262 1.6938815116882324 42649
1752853332158 1.4909422397613525 42699
1752853341060 1.7039122581481934 42749
1752853349971 1.7189290523529053 42799
1752853358871 1.8896198272705078 42849
1752853367772 1.8634731769561768 42899
1752853376659 1.8328375816345215 42949
1752853385571 1.8623393774032593 42999
1752853394476 1.643871784210205 43049
1752853421402 1.778365135192871 43099
1752853430289 1.6547893285751343 43149
1752853439178 1.8595995903015137 43199
1752853448080 1.9068647623062134 43249
1752853456985 1.9087756872177124 43299
1752853465895 1.709568977355957 43349
1752853474792 1.6382005214691162 43399
1752853483685 1.6337627172470093 43449
1752853492576 1.8661532402038574 43499
1752853501470 1.607163906097412 43549
1752853527593 1.8550760746002197 43599
1752853536465 1.708783507347107 43649
1752853545352 1.8316291570663452 43699
1752853554252 1.5740597248077393 43749
1752853563150 1.9580622911453247 43799
1752853572035 1.7928705215454102 43849
1752853580941 1.8769783973693848 43899
1752853589847 1.9254114627838135 43949
1752853598738 1.818027377128601 43999
1752853607643 1.8367844820022583 44049
1752853633605 1.8611233234405518 44099
1752853642490 1.7387120723724365 44149
1752853651383 1.890047550201416 44199
1752853660290 1.8944060802459717 44249
1752853669171 1.6365480422973633 44299
1752853678074 1.919194221496582 44349
1752853686985 2.0137064456939697 44399
1752853695882 1.9048655033111572 44449
1752853704774 1.8567496538162231 44499
1752853713709 2.0623879432678223 44549
1752853739644 1.804266333580017 44599
1752853748551 1.6464312076568604 44649
1752853757447 1.7123823165893555 44699
1752853766344 1.7422893047332764 44749
1752853775245 1.865388035774231 44799
1752853784140 1.7722145318984985 44849
1752853793023 1.9172158241271973 44899
1752853801909 1.8855276107788086 44949
1752853810823 1.8051692247390747 44999
1752853836740 1.804560661315918 45049
1752853845624 1.779179573059082 45099
1752853854536 1.7708035707473755 45149
1752853863439 1.5841002464294434 45199
1752853872349 1.7126586437225342 45249
1752853881260 1.8449199199676514 45299
1752853890152 1.9846491813659668 45349
1752853899079 1.8001902103424072 45399
1752853908002 1.7446084022521973 45449
1752853916915 1.7294585704803467 45499
1752853942793 1.762434959411621 45549
1752853951666 1.899515151977539 45599
1752853960560 1.934548020362854 45649
1752853969590 1.8450995683670044 45699
1752853978489 1.7791900634765625 45749
1752853987376 1.8536372184753418 45799
1752853996252 1.7699782848358154 45849
1752854005153 1.9865543842315674 45899
1752854014043 1.812298059463501 45949
1752854022940 1.7257611751556396 45999
1752854049191 1.8360085487365723 46049
1752854058089 1.8229198455810547 46099
1752854066997 1.8601250648498535 46149
1752854075898 1.9286398887634277 46199
1752854084804 1.8938829898834229 46249
1752854093724 1.9043241739273071 46299
1752854102637 1.9483201503753662 46349
1752854111539 1.8627480268478394 46399
1752854120451 1.8632031679153442 46449
1752854129371 1.8008694648742676 46499
1752854156294 1.7876893281936646 46549
1752854165186 1.8569577932357788 46599
1752854174083 1.8173601627349854 46649
1752854182966 1.717475175857544 46699
1752854191860 1.967276930809021 46749
1752854200773 1.6764116287231445 46799
1752854209676 1.7867742776870728 46849
1752854218576 1.7479252815246582 46899
1752854227496 1.6811763048171997 46949
1752854236408 1.9870564937591553 46999
1752854262649 1.8249043226242065 47049
1752854271532 2.030851364135742 47099
1752854280420 1.7024486064910889 47149
1752854289311 1.7593693733215332 47199
1752854298202 1.9320173263549805 47249
1752854307094 1.822059154510498 47299
1752854315992 1.8420665264129639 47349
1752854324891 1.6736342906951904 47399
1752854333796 2.037158489227295 47449
1752854342693 2.0550472736358643 47499
1752854368678 1.879128336906433 47549
1752854377584 1.8149296045303345 47599
1752854386473 1.804670810699463 47649
1752854395368 1.9370301961898804 47699
1752854404246 1.9156146049499512 47749
1752854413146 1.979245901107788 47799
1752854422035 1.9231479167938232 47849
1752854430943 1.9031720161437988 47899
1752854439862 2.0208425521850586 47949
1752854448776 1.8499284982681274 47999
1752854475063 1.8412091732025146 48049
1752854483962 1.859281301498413 48099
1752854492854 1.8629916906356812 48149
1752854501754 1.9263994693756104 48199
1752854510667 1.8254437446594238 48249
1752854519574 1.9575999975204468 48299
1752854528470 1.8832895755767822 48349
1752854537394 1.9976589679718018 48399
1752854546298 1.8917609453201294 48449
1752854555197 1.7704918384552002 48499
1752854581187 1.8404107093811035 48549
1752854590078 1.9840542078018188 48599
1752854598966 1.9775686264038086 48649
1752854607875 1.7800345420837402 48699
1752854616767 1.8792459964752197 48749
1752854625674 1.8661034107208252 48799
1752854634569 2.026850700378418 48849
1752854643463 1.8489689826965332 48899
1752854652371 2.071383476257324 48949
1752854661282 1.8746919631958008 48999
1752854687259 1.8491051197052002 49049
1752854696162 1.7330242395401 49099
1752854705043 1.9701812267303467 49149
1752854713949 1.9462884664535522 49199
1752854722867 1.8056955337524414 49249
1752854731778 1.8295925855636597 49299
1752854740689 1.9558601379394531 49349
1752854749585 1.9340943098068237 49399
1752854758475 1.8488473892211914 49449
1752854767381 1.8533395528793335 49499
