1752844340525 2.8448076248168945 494
1752844446451 2.287343740463257 989
1752844552383 1.437475562095642 1484
1752844658277 1.1255360841751099 1979
1752844762977 0.8370417356491089 2474
1752844868854 0.6823878884315491 2969
1752844974893 0.6102408766746521 3464
1752845080689 0.5464323163032532 3959
1752845186613 0.5017098188400269 4454
1752845292442 0.4921380877494812 4949
1752845397525 0.485500693321228 5444
1752845503657 0.4806677997112274 5939
1752845609656 0.4675128161907196 6434
1752845715730 0.45643237233161926 6929
1752845820560 0.44640427827835083 7424
1752845925639 0.4415573477745056 7919
1752846031550 0.43595805764198303 8414
1752846137450 0.4379505217075348 8909
1752846243428 0.4315809905529022 9404
1752846348696 0.4385233521461487 9899
1752846453850 0.4277215600013733 10394
1752846559843 0.42038071155548096 10889
1752846665142 0.4317646920681 11384
1752846771441 0.41489896178245544 11879
1752846876591 0.4324553310871124 12374
1752846981671 0.40987417101860046 12869
1752847087821 0.40604710578918457 13364
1752847193745 0.4099052846431732 13859
1752847298921 0.41374388337135315 14354
1752847404073 0.4170020818710327 14849
1752847509420 0.40211111307144165 15344
1752847615432 0.4058988392353058 15839
1752847721426 0.40487730503082275 16334
1752847826676 0.3946092426776886 16829
1752847931976 0.3905813694000244 17324
1752848037962 0.4024820327758789 17819
1752848142926 0.3951798677444458 18314
1752848248923 0.38688838481903076 18809
1752848354014 0.38719409704208374 19304
1752848460071 0.38980016112327576 19799
1752848565072 0.38504713773727417 20294
1752848671036 0.3786003887653351 20789
1752848776251 0.3909202814102173 21284
1752848881372 0.3837485611438751 21779
1752848986385 0.3685772716999054 22274
1752849091693 0.3803026080131531 22769
1752849196756 0.3815124034881592 23264
1752849302225 0.37966933846473694 23759
1752849407304 0.3885849416255951 24254
1752849513792 0.3833681046962738 24749
1752849619936 0.37204140424728394 25244
1752849724993 0.37884607911109924 25739
1752849830273 0.37895628809928894 26234
1752849935463 0.36149805784225464 26729
1752850040504 0.37007784843444824 27224
1752850145925 0.37333351373672485 27719
1752850251001 0.3618772327899933 28214
1752850355987 0.3621097505092621 28709
1752850461249 0.3775571882724762 29204
1752850566423 0.3643483519554138 29699
1752850671498 0.3750971853733063 30194
1752850777650 0.3525336980819702 30689
1752850882956 0.3670220673084259 31184
1752850988900 0.37207260727882385 31679
1752851094049 0.35499414801597595 32174
1752851200219 0.36315837502479553 32669
1752851305280 0.3644260764122009 33164
1752851410431 0.3593369126319885 33659
1752851516479 0.3462952673435211 34154
1752851622783 0.36079832911491394 34649
1752851727887 0.35542166233062744 35144
1752851833180 0.36070671677589417 35639
1752851938281 0.34731143712997437 36134
1752852043395 0.3595019578933716 36629
1752852149477 0.3536968529224396 37124
1752852254592 0.3735634982585907 37619
1752852359702 0.3526585102081299 38114
1752852464740 0.3558728098869324 38609
1752852569845 0.3492277264595032 39104
1752852674954 0.360889732837677 39599
1752852780369 0.3456488847732544 40094
1752852885627 0.3395320177078247 40589
1752852991770 0.3466438949108124 41084
1752853097911 0.361233115196228 41579
1752853203008 0.3456699550151825 42074
1752853308180 0.354719877243042 42569
1752853414365 0.3568991422653198 43064
1752853519711 0.3428080677986145 43559
1752853624774 0.33631783723831177 44054
1752853729917 0.3474600911140442 44549
1752853835001 0.33613038063049316 45044
1752853940148 0.35363197326660156 45539
1752854045686 0.3590218722820282 46034
1752854151934 0.35281938314437866 46529
1752854257327 0.3548387885093689 47024
1752854362461 0.3494811952114105 47519
1752854467992 0.35424405336380005 48014
1752854573276 0.3316161632537842 48509
1752854678467 0.3461298644542694 49004
1752854783639 0.3477405607700348 49499
