1752844244849 263.84722900390625 49
1752844253633 261.1422119140625 99
1752844262433 259.823486328125 149
1752844271217 257.65411376953125 199
1752844280058 254.94009399414062 249
1752844288932 252.61355590820312 299
1752844297778 250.97503662109375 349
1752844306642 248.68441772460938 399
1752844315495 245.8766326904297 449
1752844342322 244.09779357910156 499
1752844351147 242.40480041503906 549
1752844359979 240.83290100097656 599
1752844368846 237.04331970214844 649
1752844377703 234.39414978027344 699
1752844386562 232.67909240722656 749
1752844395433 230.54978942871094 799
1752844404296 229.14938354492188 849
1752844413175 225.78216552734375 899
1752844422041 223.2130584716797 949
1752844449107 222.29830932617188 999
1752844457962 219.6493377685547 1049
1752844466807 217.63160705566406 1099
1752844475648 214.63607788085938 1149
1752844484484 212.7301025390625 1199
1752844493342 210.47900390625 1249
1752844502224 208.47384643554688 1299
1752844511101 205.48269653320312 1349
1752844519985 203.9899444580078 1399
1752844528849 201.1865997314453 1449
1752844555902 199.5645294189453 1499
1752844564758 196.6616668701172 1549
1752844573615 194.88583374023438 1599
1752844582456 192.55746459960938 1649
1752844591303 190.77955627441406 1699
1752844600150 188.49627685546875 1749
1752844609016 186.46856689453125 1799
1752844617902 183.828369140625 1849
1752844626776 182.0083770751953 1899
1752844635759 179.83375549316406 1949
1752844662596 178.46324157714844 1999
1752844671450 175.53280639648438 2049
1752844680269 173.3755645751953 2099
1752844689136 171.3622283935547 2149
1752844698012 169.422607421875 2199
1752844706889 166.60836791992188 2249
1752844715742 164.64906311035156 2299
1752844724627 162.9759979248047 2349
1752844733503 160.81243896484375 2399
1752844742370 158.8957061767578 2449
1752844768238 157.0521697998047 2499
1752844777095 154.9269256591797 2549
1752844785950 152.1790771484375 2599
1752844794826 150.91067504882812 2649
1752844803705 148.04690551757812 2699
1752844812587 146.56373596191406 2749
1752844821462 144.54335021972656 2799
1752844830340 142.43182373046875 2849
1752844839220 140.5922088623047 2899
1752844848098 138.64244079589844 2949
1752844875085 136.7268524169922 2999
1752844883944 135.31307983398438 3049
1752844892799 132.4883270263672 3099
1752844901688 131.22462463378906 3149
1752844910576 129.6551513671875 3199
1752844919452 127.76789855957031 3249
1752844928329 125.40345764160156 3299
1752844937241 123.89518737792969 3349
1752844946128 121.96934509277344 3399
1752844955014 120.19889831542969 3449
1752844981943 118.08098602294922 3499
1752844990795 117.07392883300781 3549
1752844999679 114.19810485839844 3599
1752845008566 112.64588165283203 3649
1752845017455 111.3104248046875 3699
1752845026332 109.7912368774414 3749
1752845035218 108.29371643066406 3799
1752845044124 105.94054412841797 3849
1752845053022 104.74887084960938 3899
1752845061939 102.52986907958984 3949
1752845088649 101.13726043701172 3999
1752845097509 100.60293579101562 4049
1752845106403 98.04866027832031 4099
1752845115278 97.55252075195312 4149
1752845124182 95.28504180908203 4199
1752845133052 94.09793090820312 4249
1752845141928 92.35669708251953 4299
1752845150815 91.42997741699219 4349
1752845159717 89.59634399414062 4399
1752845168609 88.29554748535156 4449
1752845195414 86.91580200195312 4499
1752845204279 85.43555450439453 4549
1752845213162 84.40695190429688 4599
1752845222065 83.42607879638672 4649
1752845230933 81.81962585449219 4699
1752845239808 81.29896545410156 4749
1752845248690 79.71692657470703 4799
1752845257558 78.14530181884766 4849
1752845266435 77.09161376953125 4899
1752845275312 76.43926239013672 4949
1752845302130 74.59526824951172 4999
1752845311012 74.18775939941406 5049
1752845319881 72.610595703125 5099
1752845328777 71.38230895996094 5149
1752845337686 70.5985336303711 5199
1752845346568 69.72657012939453 5249
1752845355469 68.76512908935547 5299
1752845364365 67.8138656616211 5349
1752845373246 66.46205139160156 5399
1752845399262 65.24774932861328 5449
1752845408113 64.77296447753906 5499
1752845417002 63.398468017578125 5549
1752845425872 63.160980224609375 5599
1752845434771 61.80284118652344 5649
1752845443664 60.5002326965332 5699
1752845452586 60.26750183105469 5749
1752845461489 58.646026611328125 5799
1752845470384 58.009246826171875 5849
1752845479289 57.759952545166016 5899
1752845506272 56.631221771240234 5949
1752845515129 55.59162139892578 5999
1752845523997 54.95576477050781 6049
1752845532873 54.29972457885742 6099
1752845541754 53.413421630859375 6149
1752845550644 52.524505615234375 6199
1752845559538 52.10152816772461 6249
1752845568434 51.48100280761719 6299
1752845577317 50.45644760131836 6349
1752845586197 49.721527099609375 6399
1752845613118 49.27903747558594 6449
1752845622003 47.86244201660156 6499
1752845630889 48.15464782714844 6549
1752845639762 47.44320297241211 6599
1752845648637 45.87078094482422 6649
1752845657520 46.07628631591797 6699
1752845666403 45.184722900390625 6749
1752845675289 44.40841293334961 6799
1752845684190 43.7296028137207 6849
1752845693097 43.54654312133789 6899
1752845720066 42.649330139160156 6949
1752845728935 42.17258834838867 6999
1752845737807 41.182884216308594 7049
1752845746701 41.36724090576172 7099
1752845755569 40.52571487426758 7149
1752845764451 39.677791595458984 7199
1752845773331 39.360107421875 7249
1752845782213 39.20677185058594 7299
1752845791123 38.44371032714844 7349
1752845800028 37.89766311645508 7399
1752845825862 37.462284088134766 7449
1752845834722 36.960845947265625 7499
1752845843598 35.899208068847656 7549
1752845852476 35.88158416748047 7599
1752845861375 35.36308670043945 7649
1752845870232 35.229042053222656 7699
1752845879119 34.25071716308594 7749
1752845888020 34.07963180541992 7799
1752845896934 33.9256706237793 7849
1752845905828 33.262413024902344 7899
1752845931828 32.50762939453125 7949
1752845940703 32.99090576171875 7999
1752845949599 32.21452713012695 8049
1752845958494 31.901779174804688 8099
1752845967395 32.2014274597168 8149
1752845976279 31.03223419189453 8199
1752845985172 30.65937614440918 8249
1752845994060 30.67681121826172 8299
1752846002963 30.073013305664062 8349
1752846011832 29.727542877197266 8399
1752846038624 29.615312576293945 8449
1752846047492 29.6356143951416 8499
1752846056377 28.827678680419922 8549
1752846065287 28.545455932617188 8599
1752846074178 28.34380340576172 8649
1752846083060 28.203359603881836 8699
1752846091947 28.186588287353516 8749
1752846100842 27.838224411010742 8799
1752846109735 27.338987350463867 8849
1752846118633 27.392688751220703 8899
1752846145362 26.903099060058594 8949
1752846154221 27.095317840576172 8999
1752846163112 26.494577407836914 9049
1752846171992 26.601181030273438 9099
1752846180885 26.377727508544922 9149
1752846189772 26.197437286376953 9199
1752846198668 25.957218170166016 9249
1752846207555 25.793373107910156 9299
1752846216449 25.55011558532715 9349
1752846225347 25.51986312866211 9399
1752846252221 25.23126983642578 9449
1752846261102 25.507280349731445 9499
1752846269991 25.47705078125 9549
1752846278876 24.981014251708984 9599
1752846287776 24.78799819946289 9649
1752846296669 24.747373580932617 9699
1752846305585 24.78711700439453 9749
1752846314463 24.493202209472656 9799
1752846323348 24.478626251220703 9849
1752846332235 24.277263641357422 9899
1752846358436 24.244232177734375 9949
1752846367342 24.094520568847656 9999
1752846376221 24.275789260864258 10049
1752846385107 23.79549789428711 10099
1752846394000 23.891681671142578 10149
1752846402895 24.181093215942383 10199
1752846411794 24.094650268554688 10249
1752846420658 23.746337890625 10299
1752846429542 23.74174690246582 10349
1752846455610 23.87942886352539 10399
1752846464464 23.62755584716797 10449
1752846473348 23.051902770996094 10499
1752846482228 23.575637817382812 10549
1752846491106 23.082992553710938 10599
1752846499989 23.635377883911133 10649
1752846508885 23.366069793701172 10699
1752846517753 23.28537368774414 10749
1752846526628 23.376144409179688 10799
1752846535525 22.982925415039062 10849
1752846562435 23.145401000976562 10899
1752846571306 23.11642837524414 10949
1752846580190 23.009546279907227 10999
1752846589115 23.250425338745117 11049
1752846598010 23.00065040588379 11099
1752846606908 22.765033721923828 11149
1752846615805 22.800397872924805 11199
1752846624697 22.96072769165039 11249
1752846633585 22.870756149291992 11299
1752846642491 22.80084228515625 11349
1752846668665 22.672544479370117 11399
1752846677535 22.88065528869629 11449
1752846686420 22.58324432373047 11499
1752846695301 22.634859085083008 11549
1752846704173 22.53019142150879 11599
1752846713082 22.500579833984375 11649
1752846722000 22.338651657104492 11699
1752846730920 22.42990493774414 11749
1752846739826 22.87254524230957 11799
1752846748733 22.565631866455078 11849
1752846775794 22.079483032226562 11899
1752846784680 22.674015045166016 11949
1752846793572 22.261655807495117 11999
1752846802483 22.907482147216797 12049
1752846811391 22.227079391479492 12099
1752846820288 22.236120223999023 12149
1752846829182 22.61136245727539 12199
1752846838078 22.202526092529297 12249
1752846847003 22.4581356048584 12299
1752846855898 22.381160736083984 12349
1752846881839 22.3900089263916 12399
1752846890686 22.204090118408203 12449
1752846899557 22.37638282775879 12499
1752846908452 22.337890625 12549
1752846917340 22.341445922851562 12599
1752846926236 22.282958984375 12649
1752846935147 22.18328094482422 12699
1752846944031 22.082584381103516 12749
1752846952918 22.43133544921875 12799
1752846961818 21.995216369628906 12849
1752846987828 22.100725173950195 12899
1752846996678 21.89739227294922 12949
1752847005551 22.298877716064453 12999
1752847014439 22.139389038085938 13049
1752847023329 22.0114688873291 13099
1752847032220 22.51409149169922 13149
1752847041130 21.791091918945312 13199
1752847050047 22.438465118408203 13249
1752847058951 22.06281852722168 13299
1752847067844 22.243066787719727 13349
1752847094815 21.950759887695312 13399
1752847103696 21.948020935058594 13449
1752847112589 22.097492218017578 13499
1752847121499 21.84917449951172 13549
1752847130382 22.23746681213379 13599
1752847139285 21.914594650268555 13649
1752847148208 22.059886932373047 13699
1752847157120 21.73299217224121 13749
1752847166025 22.034374237060547 13799
1752847174932 21.68292808532715 13849
1752847201691 21.728052139282227 13899
1752847210579 21.91629409790039 13949
1752847219459 21.98543930053711 13999
1752847228330 21.84380340576172 14049
1752847237202 21.457210540771484 14099
1752847246096 21.961410522460938 14149
1752847254996 21.30323600769043 14199
1752847263907 21.668590545654297 14249
1752847272807 21.53179359436035 14299
1752847281702 22.038131713867188 14349
1752847307735 21.82186508178711 14399
1752847316621 21.73810386657715 14449
1752847325525 21.665878295898438 14499
1752847334424 21.72883415222168 14549
1752847343343 21.650882720947266 14599
1752847352243 21.86852264404297 14649
1752847361152 21.577617645263672 14699
1752847370059 21.596912384033203 14749
1752847378966 21.628517150878906 14799
1752847387871 21.5191650390625 14849
1752847413820 21.457054138183594 14899
1752847422718 21.458585739135742 14949
1752847431606 21.294452667236328 14999
1752847440507 21.54781723022461 15049
1752847449426 21.54334259033203 15099
1752847458321 21.392587661743164 15149
1752847467236 21.471715927124023 15199
1752847476158 21.536693572998047 15249
1752847485048 21.559907913208008 15299
1752847511193 21.418251037597656 15349
1752847520068 21.705581665039062 15399
1752847528961 21.412744522094727 15449
1752847537854 21.601072311401367 15499
1752847546750 21.776538848876953 15549
1752847555659 21.334089279174805 15599
1752847564559 21.62749481201172 15649
1752847573467 21.44085693359375 15699
1752847582356 21.29239845275879 15749
1752847591230 21.638229370117188 15799
1752847618005 21.74758529663086 15849
1752847626868 21.47221565246582 15899
1752847635754 21.465383529663086 15949
1752847644644 21.23406219482422 15999
1752847653528 21.269012451171875 16049
1752847662428 21.522964477539062 16099
1752847671328 21.209325790405273 16149
1752847680221 21.20568084716797 16199
1752847689110 21.190876007080078 16249
1752847697996 21.337905883789062 16299
1752847724948 21.19631576538086 16349
1752847733837 21.117942810058594 16399
1752847742702 21.3905029296875 16449
1752847751577 21.272789001464844 16499
1752847760456 21.5041446685791 16549
1752847769336 21.05860137939453 16599
1752847778216 21.218048095703125 16649
1752847787105 21.191926956176758 16699
1752847796001 21.229736328125 16749
1752847804906 21.40358543395996 16799
1752847831007 21.138832092285156 16849
1752847839901 21.19522476196289 16899
1752847848775 21.464595794677734 16949
1752847857659 21.372819900512695 16999
1752847866564 21.188831329345703 17049
1752847875457 21.041667938232422 17099
1752847884331 20.962543487548828 17149
1752847893207 20.98735809326172 17199
1752847902102 21.34311294555664 17249
1752847911142 21.41015625 17299
1752847937233 21.313074111938477 17349
1752847946144 21.01700210571289 17399
1752847955026 21.5760498046875 17449
1752847963917 20.881206512451172 17499
1752847972811 21.19902801513672 17549
1752847981708 21.03055191040039 17599
1752847990608 20.9081974029541 17649
1752847999499 21.303836822509766 17699
1752848008391 21.121259689331055 17749
1752848017274 21.09043312072754 17799
1752848044142 20.911174774169922 17849
1752848053006 20.966835021972656 17899
1752848061892 20.9200439453125 17949
1752848070808 21.08986473083496 17999
1752848079716 20.936717987060547 18049
1752848088617 20.957475662231445 18099
1752848097523 21.00455093383789 18149
1752848106445 21.084508895874023 18199
1752848115330 21.00090789794922 18249
1752848124229 21.084810256958008 18299
1752848149951 21.38663101196289 18349
1752848158844 20.925870895385742 18399
1752848167728 20.958078384399414 18449
1752848176616 21.10169792175293 18499
1752848185527 21.073043823242188 18549
1752848194444 21.1207218170166 18599
1752848203336 20.874011993408203 18649
1752848212239 21.154499053955078 18699
1752848221142 20.770551681518555 18749
1752848230033 21.121009826660156 18799
1752848256860 21.406530380249023 18849
1752848265744 21.00934600830078 18899
1752848274632 20.8876895904541 18949
1752848283536 21.050922393798828 18999
1752848292437 20.778911590576172 19049
1752848301329 20.96648406982422 19099
1752848310217 20.931604385375977 19149
1752848319094 21.05306625366211 19199
1752848327983 21.220666885375977 19249
1752848336884 21.035484313964844 19299
1752848362829 20.924015045166016 19349
1752848371723 20.842613220214844 19399
1752848380615 20.833162307739258 19449
1752848389510 20.881179809570312 19499
1752848398404 20.810211181640625 19549
1752848407294 20.48832130432129 19599
1752848416171 21.07509422302246 19649
1752848425072 20.891817092895508 19699
1752848433958 20.702117919921875 19749
1752848442850 20.41227149963379 19799
1752848469809 21.05345916748047 19849
1752848478689 20.759384155273438 19899
1752848487581 20.54098129272461 19949
1752848496490 20.679460525512695 19999
1752848505390 21.07773208618164 20049
1752848514277 20.92971420288086 20099
1752848523169 20.75674057006836 20149
1752848532078 21.061738967895508 20199
1752848540974 20.595258712768555 20249
1752848566767 20.439910888671875 20299
1752848575659 20.78253936767578 20349
1752848584553 20.657615661621094 20399
1752848593461 20.63449478149414 20449
1752848602361 20.685653686523438 20499
1752848611262 20.825183868408203 20549
1752848620157 20.780662536621094 20599
1752848629058 20.556800842285156 20649
1752848637954 20.745563507080078 20699
1752848646855 20.78420639038086 20749
1752848673643 21.013229370117188 20799
1752848682528 20.65901756286621 20849
1752848691394 21.045578002929688 20899
1752848700280 20.821626663208008 20949
1752848709184 20.80354881286621 20999
1752848718079 20.46371078491211 21049
1752848726972 20.786691665649414 21099
1752848735875 20.895313262939453 21149
1752848744768 20.446392059326172 21199
1752848753658 20.987045288085938 21249
1752848779711 20.813749313354492 21299
1752848788593 20.574466705322266 21349
1752848797475 20.668907165527344 21399
1752848806371 20.6348876953125 21449
1752848815264 20.650348663330078 21499
1752848824157 20.227542877197266 21549
1752848833058 20.781644821166992 21599
1752848841950 20.861879348754883 21649
1752848850839 20.659326553344727 21699
1752848859744 20.343273162841797 21749
1752848885801 20.635107040405273 21799
1752848894690 20.586755752563477 21849
1752848903570 21.091163635253906 21899
1752848912482 20.509599685668945 21949
1752848921371 20.857784271240234 21999
1752848930266 20.707496643066406 22049
1752848939145 20.73135757446289 22099
1752848948020 20.692794799804688 22149
1752848956934 20.45641326904297 22199
1752848965830 20.288658142089844 22249
1752848991690 20.446977615356445 22299
1752849000579 20.87470054626465 22349
1752849009457 20.57188606262207 22399
1752849018361 20.700420379638672 22449
1752849027271 20.37359046936035 22499
1752849036170 20.635025024414062 22549
1752849045082 20.607341766357422 22599
1752849053996 20.28292465209961 22649
1752849062884 20.66490936279297 22699
1752849071776 20.621658325195312 22749
1752849097903 20.858444213867188 22799
1752849106782 20.853378295898438 22849
1752849115673 20.65089225769043 22899
1752849124561 20.418865203857422 22949
1752849133459 20.608776092529297 22999
1752849142332 20.557418823242188 23049
1752849151224 20.395309448242188 23099
1752849160103 20.458948135375977 23149
1752849168994 20.70363426208496 23199
1752849177906 20.48497200012207 23249
1752849204075 20.599151611328125 23299
1752849212964 20.179786682128906 23349
1752849221859 20.463314056396484 23399
1752849230755 20.69615364074707 23449
1752849239670 20.73532485961914 23499
1752849248577 20.269838333129883 23549
1752849257468 20.25233268737793 23599
1752849266362 20.522329330444336 23649
1752849275262 20.74428939819336 23699
1752849284142 20.607284545898438 23749
1752849310146 20.62663459777832 23799
1752849319030 20.132278442382812 23849
1752849327911 20.54709815979004 23899
1752849336791 20.3281192779541 23949
1752849345685 20.332168579101562 23999
1752849354572 20.82199478149414 24049
1752849363463 20.588146209716797 24099
1752849372349 20.895862579345703 24149
1752849381248 20.504802703857422 24199
1752849390156 20.746192932128906 24249
1752849416141 20.529104232788086 24299
1752849425031 20.374202728271484 24349
1752849433907 20.07099151611328 24399
1752849442802 20.636497497558594 24449
1752849451692 20.506324768066406 24499
1752849460574 20.78559112548828 24549
1752849469469 20.557523727416992 24599
1752849478366 20.696556091308594 24649
1752849487266 20.463096618652344 24699
1752849496149 20.39440155029297 24749
1752849523491 20.345434188842773 24799
1752849532382 20.654903411865234 24849
1752849541273 20.621784210205078 24899
1752849550174 20.914867401123047 24949
1752849559068 20.03102684020996 24999
1752849567964 20.548627853393555 25049
1752849576850 20.2166748046875 25099
1752849585747 20.706466674804688 25149
1752849594640 20.63435935974121 25199
1752849621623 20.331626892089844 25249
1752849630503 20.710485458374023 25299
1752849639380 20.303451538085938 25349
1752849648278 20.368162155151367 25399
1752849657187 20.49185562133789 25449
1752849666101 20.47974395751953 25499
1752849674986 20.599876403808594 25549
1752849683867 20.69685935974121 25599
1752849692760 20.429676055908203 25649
1752849701655 20.80752182006836 25699
1752849727634 20.63994789123535 25749
1752849736535 20.373916625976562 25799
1752849745429 20.69192886352539 25849
1752849754326 20.5365047454834 25899
1752849763232 20.84823989868164 25949
1752849772150 20.53780746459961 25999
1752849781068 20.634063720703125 26049
1752849789963 20.83635902404785 26099
1752849798854 20.767597198486328 26149
1752849807740 20.46063232421875 26199
1752849833762 20.521718978881836 26249
1752849842653 20.81114959716797 26299
1752849851553 20.46574592590332 26349
1752849860451 20.480388641357422 26399
1752849869333 20.51033592224121 26449
1752849878221 20.364791870117188 26499
1752849887123 20.252735137939453 26549
1752849896041 20.683378219604492 26599
1752849904946 20.775814056396484 26649
1752849913834 20.520063400268555 26699
1752849939846 20.680105209350586 26749
1752849948745 20.41558837890625 26799
1752849957644 20.520906448364258 26849
1752849966536 20.630630493164062 26899
1752849975434 20.50874900817871 26949
1752849984331 20.223161697387695 26999
1752849993219 20.133703231811523 27049
1752850002114 20.20521354675293 27099
1752850011002 20.29071617126465 27149
1752850019889 20.12564468383789 27199
1752850045808 20.347332000732422 27249
1752850054711 20.54694938659668 27299
1752850063596 20.399404525756836 27349
1752850072500 20.551490783691406 27399
1752850081402 20.553203582763672 27449
1752850090295 20.332124710083008 27499
1752850099194 20.421682357788086 27549
1752850108099 20.465633392333984 27599
1752850116998 20.315471649169922 27649
1752850125878 20.5518741607666 27699
1752850152045 20.18174171447754 27749
1752850160934 20.250558853149414 27799
1752850169813 20.111000061035156 27849
1752850178693 20.217681884765625 27899
1752850187585 20.54206085205078 27949
1752850196482 20.354413986206055 27999
1752850205370 20.768430709838867 28049
1752850214256 20.297887802124023 28099
1752850223151 20.510555267333984 28149
1752850232050 20.149404525756836 28199
1752850258096 20.454408645629883 28249
1752850266970 20.6751651763916 28299
1752850275872 20.259315490722656 28349
1752850284767 20.60242462158203 28399
1752850293648 20.395217895507812 28449
1752850302543 20.562746047973633 28499
1752850311445 20.691587448120117 28549
1752850320329 20.21555519104004 28599
1752850329207 20.432497024536133 28649
1752850338088 20.3974609375 28699
1752850363902 20.450658798217773 28749
1752850372793 20.656484603881836 28799
1752850381661 20.428363800048828 28849
1752850390533 20.322662353515625 28899
1752850399422 20.350391387939453 28949
1752850408312 20.439075469970703 28999
1752850417222 20.24610137939453 29049
1752850426252 20.443599700927734 29099
1752850435134 20.678512573242188 29149
1752850444024 20.473323822021484 29199
1752850470051 20.484737396240234 29249
1752850478939 20.10948944091797 29299
1752850487826 20.998699188232422 29349
1752850496709 20.5899600982666 29399
1752850505630 20.614004135131836 29449
1752850514539 20.613393783569336 29499
1752850523459 20.217132568359375 29549
1752850532363 20.379030227661133 29599
1752850541263 20.728357315063477 29649
1752850550163 20.406055450439453 29699
1752850576141 20.667892456054688 29749
1752850585039 20.66849708557129 29799
1752850593931 20.154224395751953 29849
1752850602823 20.156492233276367 29899
1752850611690 20.483638763427734 29949
1752850620573 20.42070960998535 29999
1752850629475 20.191558837890625 30049
1752850638376 20.52588653564453 30099
1752850647279 20.20989990234375 30149
1752850673272 20.091596603393555 30199
1752850682124 20.315610885620117 30249
1752850690993 20.17827606201172 30299
1752850699872 20.114849090576172 30349
1752850708755 20.299707412719727 30399
1752850717671 20.10681915283203 30449
1752850726576 20.418718338012695 30499
1752850735464 20.112491607666016 30549
1752850744346 20.454221725463867 30599
1752850753235 20.261178970336914 30649
1752850780265 20.435884475708008 30699
1752850789136 20.401018142700195 30749
1752850798020 20.454992294311523 30799
1752850806894 20.433732986450195 30849
1752850815791 20.69188690185547 30899
1752850824689 20.387393951416016 30949
1752850833593 20.65281867980957 30999
1752850842486 20.619054794311523 31049
1752850851364 20.108245849609375 31099
1752850860254 20.455322265625 31149
1752850886493 20.449840545654297 31199
1752850895378 20.001495361328125 31249
1752850904265 20.043832778930664 31299
1752850913156 20.26740074157715 31349
1752850922061 20.25282096862793 31399
1752850930957 20.504329681396484 31449
1752850939860 20.431957244873047 31499
1752850948776 20.157201766967773 31549
1752850957682 20.315155029296875 31599
1752850966570 20.164079666137695 31649
1752850993229 20.19321060180664 31699
1752851002114 20.2271671295166 31749
1752851010999 20.195091247558594 31799
1752851019892 20.31707763671875 31849
1752851028795 20.556907653808594 31899
1752851037691 20.388696670532227 31949
1752851046589 20.303646087646484 31999
1752851055482 20.097187042236328 32049
1752851064370 20.278663635253906 32099
1752851073281 20.40857696533203 32149
1752851099348 20.579219818115234 32199
1752851108222 20.151832580566406 32249
1752851117090 20.143245697021484 32299
1752851125986 20.320846557617188 32349
1752851134907 20.131271362304688 32399
1752851143807 20.32193374633789 32449
1752851152699 20.12018394470215 32499
1752851161590 20.111976623535156 32549
1752851170481 19.93663215637207 32599
1752851179382 20.123634338378906 32649
1752851206404 20.337602615356445 32699
1752851215294 20.381977081298828 32749
1752851224177 20.31699562072754 32799
1752851233067 19.718183517456055 32849
1752851241963 20.397876739501953 32899
1752851250843 20.25499725341797 32949
1752851259723 20.0645694732666 32999
1752851268611 20.32710838317871 33049
1752851277487 20.22612762451172 33099
1752851286364 20.48308753967285 33149
1752851312335 20.302082061767578 33199
1752851321222 20.381479263305664 33249
1752851330097 20.119598388671875 33299
1752851338995 20.1779727935791 33349
1752851347891 20.366668701171875 33399
1752851356802 20.54975128173828 33449
1752851365682 20.1279296875 33499
1752851374577 20.36609649658203 33549
1752851383478 20.186599731445312 33599
1752851392360 20.209514617919922 33649
1752851418402 20.32666015625 33699
1752851427291 20.379003524780273 33749
1752851436183 20.101449966430664 33799
1752851445091 20.278295516967773 33849
1752851453976 20.435802459716797 33899
1752851462863 19.921592712402344 33949
1752851471757 19.96584701538086 33999
1752851480655 19.99123191833496 34049
1752851489547 20.261444091796875 34099
1752851498435 19.76137924194336 34149
1752851525309 20.346500396728516 34199
1752851534178 20.149639129638672 34249
1752851543059 19.839141845703125 34299
1752851551937 19.87157440185547 34349
1752851560818 20.000476837158203 34399
1752851569685 20.69000244140625 34449
1752851578558 20.32399559020996 34499
1752851587426 20.12230682373047 34549
1752851596306 20.070173263549805 34599
1752851605183 20.199317932128906 34649
1752851632447 20.19675636291504 34699
1752851641349 20.056028366088867 34749
1752851650260 19.97747039794922 34799
1752851659173 20.165523529052734 34849
1752851668058 20.284690856933594 34899
1752851676957 20.274051666259766 34949
1752851685861 20.281768798828125 34999
1752851694746 19.790042877197266 35049
1752851703656 20.350914001464844 35099
1752851729635 20.663585662841797 35149
1752851738512 20.224760055541992 35199
1752851747414 19.892040252685547 35249
1752851756328 19.794221878051758 35299
1752851765246 20.046316146850586 35349
1752851774150 19.932621002197266 35399
1752851783069 20.2963924407959 35449
1752851791980 19.819843292236328 35499
1752851800887 19.91497039794922 35549
1752851809803 20.05998992919922 35599
1752851835815 20.295671463012695 35649
1752851844694 19.70467758178711 35699
1752851853595 19.926769256591797 35749
1752851862495 20.04242706298828 35799
1752851871393 19.657285690307617 35849
1752851880293 20.347667694091797 35899
1752851889187 20.473867416381836 35949
1752851898075 19.780750274658203 35999
1752851906959 19.618976593017578 36049
1752851915845 19.95681381225586 36099
1752851941768 20.022268295288086 36149
1752851950664 20.111343383789062 36199
1752851959563 20.220096588134766 36249
1752851968468 20.232463836669922 36299
1752851977371 19.924318313598633 36349
1752851986288 20.272817611694336 36399
1752851995208 19.874710083007812 36449
1752852004115 20.03278923034668 36499
1752852013008 20.038888931274414 36549
1752852021922 20.132797241210938 36599
1752852047739 19.54039192199707 36649
1752852056629 20.1828556060791 36699
1752852065532 19.95543098449707 36749
1752852074432 20.027109146118164 36799
1752852083346 20.068647384643555 36849
1752852092244 19.92289161682129 36899
1752852101148 19.799327850341797 36949
1752852110061 20.3354434967041 36999
1752852118961 19.913726806640625 37049
1752852127853 19.995893478393555 37099
1752852154813 20.400177001953125 37149
1752852163694 20.10666275024414 37199
1752852172569 19.910198211669922 37249
1752852181467 19.935436248779297 37299
1752852190349 20.194490432739258 37349
1752852199225 20.1706485748291 37399
1752852208099 19.88062286376953 37449
1752852216978 19.958520889282227 37499
1752852225880 20.055950164794922 37549
1752852234781 20.015127182006836 37599
1752852260713 20.158893585205078 37649
1752852269593 20.114925384521484 37699
1752852278472 20.126319885253906 37749
1752852287384 20.215621948242188 37799
1752852296276 20.222421646118164 37849
1752852305186 20.337112426757812 37899
1752852314096 20.009178161621094 37949
1752852322986 20.348255157470703 37999
1752852331868 20.23106575012207 38049
1752852340756 19.734006881713867 38099
1752852366738 19.642677307128906 38149
1752852375609 20.111791610717773 38199
1752852384505 19.904796600341797 38249
1752852393408 19.82623291015625 38299
1752852402324 19.796419143676758 38349
1752852411201 20.087366104125977 38399
1752852420102 19.952852249145508 38449
1752852428980 20.20090103149414 38499
1752852437877 19.91827392578125 38549
1752852446765 20.003116607666016 38599
1752852472684 19.973264694213867 38649
1752852481584 19.692127227783203 38699
1752852490481 20.300111770629883 38749
1752852499377 20.08831214904785 38799
1752852508254 19.7695369720459 38849
1752852517153 20.623491287231445 38899
1752852526042 19.787273406982422 38949
1752852534932 19.96079444885254 38999
1752852543837 20.427852630615234 39049
1752852552735 20.40011215209961 39099
1752852578662 19.85817527770996 39149
1752852587558 19.80976676940918 39199
1752852596466 20.20948028564453 39249
1752852605367 20.155866622924805 39299
1752852614272 20.246234893798828 39349
1752852623187 20.00908660888672 39399
1752852632096 19.89263916015625 39449
1752852640989 19.599571228027344 39499
1752852649901 20.13722038269043 39549
1752852658793 19.866621017456055 39599
1752852684706 19.756832122802734 39649
1752852693610 19.922801971435547 39699
1752852702516 19.936508178710938 39749
1752852711414 19.91339683532715 39799
1752852720307 20.148412704467773 39849
1752852729230 19.493247985839844 39899
1752852738127 19.832876205444336 39949
1752852747033 19.952518463134766 39999
1752852755937 19.84209442138672 40049
1752852782160 19.652790069580078 40099
1752852791044 19.631425857543945 40149
1752852799958 19.63022232055664 40199
1752852808867 19.969419479370117 40249
1752852817782 20.02529525756836 40299
1752852826713 19.938013076782227 40349
1752852835621 19.886497497558594 40399
1752852844518 20.116310119628906 40449
1752852853424 20.144309997558594 40499
1752852862328 19.863384246826172 40549
1752852888257 20.15859603881836 40599
1752852897125 20.11054801940918 40649
1752852906015 20.096294403076172 40699
1752852914908 19.71534538269043 40749
1752852923808 19.911197662353516 40799
1752852932721 19.890121459960938 40849
1752852941753 19.74874496459961 40899
1752852950648 20.193601608276367 40949
1752852959545 19.97248649597168 40999
1752852968458 19.466434478759766 41049
1752852995258 20.08946990966797 41099
1752853004145 19.962791442871094 41149
1752853013018 19.936677932739258 41199
1752853021918 20.094202041625977 41249
1752853030832 20.354516983032227 41299
1752853039744 19.98529815673828 41349
1752853048653 19.706729888916016 41399
1752853057561 19.610692977905273 41449
1752853066451 19.324953079223633 41499
1752853075350 19.825496673583984 41549
1752853102271 20.376502990722656 41599
1752853111150 19.663904190063477 41649
1752853120046 19.543807983398438 41699
1752853128937 20.322153091430664 41749
1752853137836 19.756837844848633 41799
1752853146727 20.234045028686523 41849
1752853155621 19.872146606445312 41899
1752853164533 20.057201385498047 41949
1752853173420 20.126869201660156 41999
1752853182311 19.809249877929688 42049
1752853208298 19.927988052368164 42099
1752853217195 19.787628173828125 42149
1752853226078 20.288909912109375 42199
1752853234966 20.0803279876709 42249
1752853243869 20.085399627685547 42299
1752853252758 19.756223678588867 42349
1752853261640 19.92313575744629 42399
1752853270525 20.056316375732422 42449
1752853279431 19.441139221191406 42499
1752853288328 19.336671829223633 42549
1752853314376 19.590078353881836 42599
1752853323262 20.09919548034668 42649
1752853332158 20.602149963378906 42699
1752853341060 20.0242919921875 42749
1752853349971 19.84845733642578 42799
1752853358871 19.566699981689453 42849
1752853367772 19.574573516845703 42899
1752853376659 19.96110725402832 42949
1752853385571 19.98595428466797 42999
1752853394476 19.90742301940918 43049
1752853421402 19.89055633544922 43099
1752853430289 19.94527244567871 43149
1752853439178 19.895774841308594 43199
1752853448080 19.6442928314209 43249
1752853456985 19.772119522094727 43299
1752853465895 19.91375160217285 43349
1752853474792 20.07495880126953 43399
1752853483685 19.911357879638672 43449
1752853492576 19.719959259033203 43499
1752853501470 19.937646865844727 43549
1752853527593 19.751014709472656 43599
1752853536465 20.1029052734375 43649
1752853545352 19.72635269165039 43699
1752853554252 20.1893310546875 43749
1752853563150 19.457782745361328 43799
1752853572035 19.9704532623291 43849
1752853580941 19.973196029663086 43899
1752853589847 19.529054641723633 43949
1752853598738 19.696849822998047 43999
1752853607643 19.57649040222168 44049
1752853633605 19.914703369140625 44099
1752853642490 19.672138214111328 44149
1752853651383 19.576684951782227 44199
1752853660290 19.597309112548828 44249
1752853669171 20.15163803100586 44299
1752853678074 19.89208221435547 44349
1752853686985 19.646774291992188 44399
1752853695882 19.780460357666016 44449
1752853704774 19.650283813476562 44499
1752853713709 19.16689682006836 44549
1752853739644 19.824317932128906 44599
1752853748551 19.61603546142578 44649
1752853757447 20.153940200805664 44699
1752853766344 19.94540023803711 44749
1752853775245 19.78901481628418 44799
1752853784140 19.674116134643555 44849
1752853793023 19.375211715698242 44899
1752853801909 19.532623291015625 44949
1752853810823 19.982324600219727 44999
1752853836740 19.96356964111328 45049
1752853845624 19.9466495513916 45099
1752853854536 19.595102310180664 45149
1752853863439 20.16282844543457 45199
1752853872349 19.848709106445312 45249
1752853881260 19.544300079345703 45299
1752853890152 19.595874786376953 45349
1752853899079 19.837142944335938 45399
1752853908002 19.764497756958008 45449
1752853916915 20.000843048095703 45499
1752853942793 19.988250732421875 45549
1752853951666 19.55513572692871 45599
1752853960560 19.8322811126709 45649
1752853969590 19.652252197265625 45699
1752853978489 19.972253799438477 45749
1752853987376 19.8999080657959 45799
1752853996252 19.842803955078125 45849
1752854005153 19.751556396484375 45899
1752854014043 19.53094482421875 45949
1752854022940 20.046369552612305 45999
1752854049191 19.87564468383789 46049
1752854058089 19.777570724487305 46099
1752854066997 19.604633331298828 46149
1752854075898 19.446989059448242 46199
1752854084804 19.510391235351562 46249
1752854093724 19.416179656982422 46299
1752854102637 19.31620216369629 46349
1752854111539 19.617488861083984 46399
1752854120451 19.577180862426758 46449
1752854129371 19.75638198852539 46499
1752854156294 19.869844436645508 46549
1752854165186 19.708833694458008 46599
1752854174083 19.96435546875 46649
1752854182966 19.85595703125 46699
1752854191860 19.629098892211914 46749
1752854200773 19.965660095214844 46799
1752854209676 19.91895866394043 46849
1752854218576 19.841840744018555 46899
1752854227496 19.788265228271484 46949
1752854236408 19.34972381591797 46999
1752854262649 19.768692016601562 47049
1752854271532 19.479995727539062 47099
1752854280420 19.782024383544922 47149
1752854289311 19.640789031982422 47199
1752854298202 19.673368453979492 47249
1752854307094 19.6080379486084 47299
1752854315992 19.88155174255371 47349
1752854324891 20.029003143310547 47399
1752854333796 19.432889938354492 47449
1752854342693 19.335962295532227 47499
1752854368678 19.746767044067383 47549
1752854377584 19.535552978515625 47599
1752854386473 19.813194274902344 47649
1752854395368 19.50942039489746 47699
1752854404246 19.38835906982422 47749
1752854413146 19.101268768310547 47799
1752854422035 19.649826049804688 47849
1752854430943 19.69751739501953 47899
1752854439862 19.42580795288086 47949
1752854448776 19.741413116455078 47999
1752854475063 19.70479965209961 48049
1752854483962 20.06726837158203 48099
1752854492854 19.48581314086914 48149
1752854501754 19.62550163269043 48199
1752854510667 19.73733901977539 48249
1752854519574 19.43423080444336 48299
1752854528470 19.68525505065918 48349
1752854537394 19.62038803100586 48399
1752854546298 19.675743103027344 48449
1752854555197 19.763721466064453 48499
1752854581187 19.52948760986328 48549
1752854590078 19.6561279296875 48599
1752854598966 19.22556495666504 48649
1752854607875 19.87283706665039 48699
1752854616767 19.177492141723633 48749
1752854625674 19.760196685791016 48799
1752854634569 19.331947326660156 48849
1752854643463 19.602195739746094 48899
1752854652371 19.33619499206543 48949
1752854661282 19.60245704650879 48999
1752854687259 19.95960235595703 49049
1752854696162 19.785680770874023 49099
1752854705043 19.4609432220459 49149
1752854713949 19.725671768188477 49199
1752854722867 19.776859283447266 49249
1752854731778 19.845691680908203 49299
1752854740689 19.410451889038086 49349
1752854749585 19.316408157348633 49399
1752854758475 19.88104248046875 49449
1752854767381 19.565736770629883 49499
