1752844340525 0.03884952515363693 494
1752844446451 0.02819117158651352 989
1752844552383 0.026175113394856453 1484
1752844658277 0.024471798911690712 1979
1752844762977 0.02274225279688835 2474
1752844868854 0.022060349583625793 2969
1752844974893 0.020999327301979065 3464
1752845080689 0.021725235506892204 3959
1752845186613 0.020061703398823738 4454
1752845292442 0.019497031345963478 4949
1752845397525 0.019146431237459183 5444
1752845503657 0.019033566117286682 5939
1752845609656 0.01916244998574257 6434
1752845715730 0.01842442713677883 6929
1752845820560 0.018357720226049423 7424
1752845925639 0.017710676416754723 7919
1752846031550 0.017610089853405952 8414
1752846137450 0.017367800697684288 8909
1752846243428 0.017067106440663338 9404
1752846348696 0.01744724065065384 9899
1752846453850 0.016810720786452293 10394
1752846559843 0.016824152320623398 10889
1752846665142 0.016435859724879265 11384
1752846771441 0.01643715426325798 11879
1752846876591 0.016231143847107887 12374
1752846981671 0.016254950314760208 12869
1752847087821 0.016139008104801178 13364
1752847193745 0.01586139388382435 13859
1752847298921 0.01573454588651657 14354
1752847404073 0.015644609928131104 14849
1752847509420 0.01564820110797882 15344
1752847615432 0.015520672313869 15839
1752847721426 0.015205029398202896 16334
1752847826676 0.01538038719445467 16829
1752847931976 0.015121073462069035 17324
1752848037962 0.015005230903625488 17819
1752848142926 0.01503314170986414 18314
1752848248923 0.01506343949586153 18809
1752848354014 0.014798847027122974 19304
1752848460071 0.015013539232313633 19799
1752848565072 0.014553142711520195 20294
1752848671036 0.014326252043247223 20789
1752848776251 0.014466501772403717 21284
1752848881372 0.014527969993650913 21779
1752848986385 0.014454277232289314 22274
1752849091693 0.014471385627985 22769
1752849196756 0.01443383190780878 23264
1752849302225 0.014296801760792732 23759
1752849407304 0.01439785584807396 24254
1752849513792 0.014253251254558563 24749
1752849619936 0.014181246049702168 25244
1752849724993 0.014173434115946293 25739
1752849830273 0.01408154983073473 26234
1752849935463 0.013963739387691021 26729
1752850040504 0.014169330708682537 27224
1752850145925 0.014065970666706562 27719
1752850251001 0.013934444636106491 28214
1752850355987 0.013747019693255424 28709
1752850461249 0.013923545368015766 29204
1752850566423 0.013714108616113663 29699
1752850671498 0.01348271407186985 30194
1752850777650 0.013491686433553696 30689
1752850882956 0.013643921352922916 31184
1752850988900 0.01382437814027071 31679
1752851094049 0.0134944599121809 32174
1752851200219 0.013465833850204945 32669
1752851305280 0.013460393063724041 33164
1752851410431 0.013645952567458153 33659
1752851516479 0.013203075155615807 34154
1752851622783 0.01363522931933403 34649
1752851727887 0.013394932262599468 35144
1752851833180 0.013535086996853352 35639
1752851938281 0.013315875083208084 36134
1752852043395 0.013395456597208977 36629
1752852149477 0.013428290374577045 37124
1752852254592 0.013310461305081844 37619
1752852359702 0.01322969701141119 38114
1752852464740 0.013281267136335373 38609
1752852569845 0.013235299848020077 39104
1752852674954 0.013250807300209999 39599
1752852780369 0.013101061806082726 40094
1752852885627 0.013144106604158878 40589
1752852991770 0.012993156909942627 41084
1752853097911 0.013038530014455318 41579
1752853203008 0.013037345372140408 42074
1752853308180 0.013082731515169144 42569
1752853414365 0.013155307620763779 43064
1752853519711 0.012814811430871487 43559
1752853624774 0.012722363695502281 44054
1752853729917 0.013061707839369774 44549
1752853835001 0.012842191383242607 45044
1752853940148 0.012888762168586254 45539
1752854045686 0.012942801229655743 46034
1752854151934 0.012938618659973145 46529
1752854257327 0.012930994853377342 47024
1752854362461 0.012583115138113499 47519
1752854467992 0.012865383177995682 48014
1752854573276 0.012742828577756882 48509
1752854678467 0.012618377804756165 49004
1752854783639 0.012677834369242191 49499
