1752844340525 8.634672164916992 494
1752844446451 4.266438961029053 989
1752844552383 3.6483120918273926 1484
1752844658277 3.4349279403686523 1979
1752844762977 3.2133970260620117 2474
1752844868854 3.077863931655884 2969
1752844974893 2.9552159309387207 3464
1752845080689 2.921510934829712 3959
1752845186613 2.821854829788208 4454
1752845292442 2.830366849899292 4949
1752845397525 2.785156488418579 5444
1752845503657 2.816929340362549 5939
1752845609656 2.8212034702301025 6434
1752845715730 2.7816860675811768 6929
1752845820560 2.765536069869995 7424
1752845925639 2.7186763286590576 7919
1752846031550 2.700164318084717 8414
1752846137450 2.6715219020843506 8909
1752846243428 2.6462061405181885 9404
1752846348696 2.6602444648742676 9899
1752846453850 2.618849992752075 10394
1752846559843 2.643738031387329 10889
1752846665142 2.5699994564056396 11384
1752846771441 2.59712553024292 11879
1752846876591 2.6375350952148438 12374
1752846981671 2.5650265216827393 12869
1752847087821 2.582624912261963 13364
1752847193745 2.5956919193267822 13859
1752847298921 2.603015422821045 14354
1752847404073 2.5676586627960205 14849
1752847509420 2.5536975860595703 15344
1752847615432 2.565192699432373 15839
1752847721426 2.586073875427246 16334
1752847826676 2.5386319160461426 16829
1752847931976 2.5389273166656494 17324
1752848037962 2.5072250366210938 17819
1752848142926 2.556788206100464 18314
1752848248923 2.5553293228149414 18809
1752848354014 2.5006120204925537 19304
1752848460071 2.484590530395508 19799
1752848565072 2.508115530014038 20294
1752848671036 2.456637382507324 20789
1752848776251 2.4486703872680664 21284
1752848881372 2.4621057510375977 21779
1752848986385 2.4614875316619873 22274
1752849091693 2.4928476810455322 22769
1752849196756 2.4643194675445557 23264
1752849302225 2.453956365585327 23759
1752849407304 2.4431686401367188 24254
1752849513792 2.43595552444458 24749
1752849619936 2.39688777923584 25244
1752849724993 2.389575719833374 25739
1752849830273 2.407337188720703 26234
1752849935463 2.361818313598633 26729
1752850040504 2.3800690174102783 27224
1752850145925 2.3730201721191406 27719
1752850251001 2.3630881309509277 28214
1752850355987 2.3775997161865234 28709
1752850461249 2.3583269119262695 29204
1752850566423 2.343613386154175 29699
1752850671498 2.3026018142700195 30194
1752850777650 2.329366683959961 30689
1752850882956 2.3091700077056885 31184
1752850988900 2.314361810684204 31679
1752851094049 2.2754621505737305 32174
1752851200219 2.309725284576416 32669
1752851305280 2.3039345741271973 33164
1752851410431 2.292019844055176 33659
1752851516479 2.2415411472320557 34154
1752851622783 2.2643826007843018 34649
1752851727887 2.256718397140503 35144
1752851833180 2.248135566711426 35639
1752851938281 2.25891375541687 36134
1752852043395 2.2388062477111816 36629
1752852149477 2.2452473640441895 37124
1752852254592 2.206078052520752 37619
1752852359702 2.188786268234253 38114
1752852464740 2.2042951583862305 38609
1752852569845 2.191488265991211 39104
1752852674954 2.192169666290283 39599
1752852780369 2.1961894035339355 40094
1752852885627 2.201883316040039 40589
1752852991770 2.184065580368042 41084
1752853097911 2.1772375106811523 41579
1752853203008 2.1685333251953125 42074
1752853308180 2.1900315284729004 42569
1752853414365 2.1627414226531982 43064
1752853519711 2.1482789516448975 43559
1752853624774 2.1173958778381348 44054
1752853729917 2.143280029296875 44549
1752853835001 2.1073830127716064 45044
1752853940148 2.102219343185425 45539
1752854045686 2.1296937465667725 46034
1752854151934 2.1239871978759766 46529
1752854257327 2.133725166320801 47024
1752854362461 2.103269338607788 47519
1752854467992 2.111948251724243 48014
1752854573276 2.08402419090271 48509
1752854678467 2.06072735786438 49004
1752854783639 2.084481954574585 49499
