1752844244849 3.49576735496521 49
1752844253633 2.81888747215271 99
1752844262433 2.8117499351501465 149
1752844271217 2.286658763885498 199
1752844280058 2.46836519241333 249
1752844288932 2.7718665599823 299
1752844297778 2.760420799255371 349
1752844306642 3.2511539459228516 399
1752844315495 3.5093321800231934 449
1752844342322 3.2325539588928223 499
1752844351147 2.3980555534362793 549
1752844359979 2.4496161937713623 599
1752844368846 2.8388595581054688 649
1752844377703 3.028563976287842 699
1752844386562 2.412108898162842 749
1752844395433 2.326145887374878 799
1752844404296 1.1729533672332764 849
1752844413175 1.5728802680969238 899
1752844422041 2.161162853240967 949
1752844449107 1.776460886001587 999
1752844457962 1.4221959114074707 1049
1752844466807 1.2041740417480469 1099
1752844475648 1.1524953842163086 1149
1752844484484 1.6865941286087036 1199
1752844493342 1.6698895692825317 1249
1752844502224 1.7273646593093872 1299
1752844511101 0.8416010737419128 1349
1752844519985 0.7661505937576294 1399
1752844528849 1.457693099975586 1449
1752844555902 1.31243896484375 1499
1752844564758 1.771815299987793 1549
1752844573615 0.9051483869552612 1599
1752844582456 1.1722193956375122 1649
1752844591303 1.2661139965057373 1699
1752844600150 1.037327527999878 1749
1752844609016 0.8819678425788879 1799
1752844617902 0.8934629559516907 1849
1752844626776 0.9373761415481567 1899
1752844635759 1.4085332155227661 1949
1752844662596 1.0231208801269531 1999
1752844671450 0.8331816792488098 2049
1752844680269 0.42011669278144836 2099
1752844689136 0.6586159467697144 2149
1752844698012 0.700851559638977 2199
1752844706889 0.7166719436645508 2249
1752844715742 0.5764672160148621 2299
1752844724627 0.5824936628341675 2349
1752844733503 0.7364523410797119 2399
1752844742370 1.411514163017273 2449
1752844768238 0.8757418394088745 2499
1752844777095 0.7296015024185181 2549
1752844785950 0.5194718837738037 2599
1752844794826 0.5569095611572266 2649
1752844803705 0.8174730539321899 2699
1752844812587 0.7455861568450928 2749
1752844821462 0.5488389730453491 2799
1752844830340 0.6448590755462646 2849
1752844839220 1.0613888502120972 2899
1752844848098 0.6977617740631104 2949
1752844875085 0.7677426338195801 2999
1752844883944 0.4324684739112854 3049
1752844892799 0.4769759774208069 3099
1752844901688 0.5057225823402405 3149
1752844910576 0.7753934264183044 3199
1752844919452 0.8419567942619324 3249
1752844928329 0.5156265497207642 3299
1752844937241 0.464622437953949 3349
1752844946128 0.5292520523071289 3399
1752844955014 1.147721529006958 3449
1752844981943 0.5265306234359741 3499
1752844990795 0.5295447111129761 3549
1752844999679 0.6093207001686096 3599
1752845008566 0.5819828510284424 3649
1752845017455 0.5706605911254883 3699
1752845026332 0.6404908895492554 3749
1752845035218 0.6336276531219482 3799
1752845044124 0.510968804359436 3849
1752845053022 0.39097127318382263 3899
1752845061939 0.683759331703186 3949
1752845088649 0.5227265357971191 3999
1752845097509 0.520902156829834 4049
1752845106403 0.24643848836421967 4099
1752845115278 0.3058643937110901 4149
1752845124182 0.3371359705924988 4199
1752845133052 0.30063992738723755 4249
1752845141928 0.4911208152770996 4299
1752845150815 0.4717572331428528 4349
1752845159717 0.32001227140426636 4399
1752845168609 0.6035628914833069 4449
1752845195414 0.5896731615066528 4499
1752845204279 0.6807115077972412 4549
1752845213162 0.35204946994781494 4599
1752845222065 0.46504953503608704 4649
1752845230933 0.7797150015830994 4699
1752845239808 0.6125342845916748 4749
1752845248690 0.2851846516132355 4799
1752845257558 0.4507700204849243 4849
1752845266435 0.4476034641265869 4899
1752845275312 0.38356950879096985 4949
1752845302130 0.5258750319480896 4999
1752845311012 0.47997066378593445 5049
1752845319881 0.3477214574813843 5099
1752845328777 0.31051963567733765 5149
1752845337686 0.7928236722946167 5199
1752845346568 0.42433178424835205 5249
1752845355469 0.351346880197525 5299
1752845364365 0.6599248051643372 5349
1752845373246 0.6022764444351196 5399
1752845399262 0.5010263323783875 5449
1752845408113 0.5058194398880005 5499
1752845417002 0.3000795841217041 5549
1752845425872 0.3145391345024109 5599
1752845434771 0.4122160077095032 5649
1752845443664 0.28786537051200867 5699
1752845452586 0.3702530264854431 5749
1752845461489 0.5255410671234131 5799
1752845470384 0.95570969581604 5849
1752845479289 0.3770686388015747 5899
1752845506272 0.42822811007499695 5949
1752845515129 0.5028666853904724 5999
1752845523997 0.6594973802566528 6049
1752845532873 0.7890621423721313 6099
1752845541754 0.65632164478302 6149
1752845550644 0.4426972270011902 6199
1752845559538 0.3279872238636017 6249
1752845568434 0.31608855724334717 6299
1752845577317 0.46401357650756836 6349
1752845586197 0.6133671402931213 6399
1752845613118 0.5111626386642456 6449
1752845622003 0.5246421098709106 6499
1752845630889 0.2585822641849518 6549
1752845639762 0.4891573190689087 6599
1752845648637 0.43145519495010376 6649
1752845657520 0.4299788177013397 6699
1752845666403 0.4648646414279938 6749
1752845675289 0.26087936758995056 6799
1752845684190 0.5382615327835083 6849
1752845693097 0.3503779470920563 6899
1752845720066 0.48826587200164795 6949
1752845728935 0.3941706418991089 6999
1752845737807 0.40435951948165894 7049
1752845746701 0.42365241050720215 7099
1752845755569 0.3384856879711151 7149
1752845764451 0.2558826208114624 7199
1752845773331 0.624394416809082 7249
1752845782213 0.404005765914917 7299
1752845791123 0.5959092378616333 7349
1752845800028 0.44060301780700684 7399
1752845825862 0.5822374224662781 7449
1752845834722 0.403388649225235 7499
1752845843598 0.45297589898109436 7549
1752845852476 0.6416060328483582 7599
1752845861375 0.5309934616088867 7649
1752845870232 0.49842458963394165 7699
1752845879119 0.4320588707923889 7749
1752845888020 0.4796418249607086 7799
1752845896934 0.42647555470466614 7849
1752845905828 0.448547899723053 7899
1752845931828 0.3342735171318054 7949
1752845940703 0.7793081402778625 7999
1752845949599 0.5608255863189697 8049
1752845958494 0.4566536247730255 8099
1752845967395 0.34259700775146484 8149
1752845976279 0.2683337926864624 8199
1752845985172 0.3877692222595215 8249
1752845994060 0.4905393123626709 8299
1752846002963 0.27615222334861755 8349
1752846011832 0.1721581220626831 8399
1752846038624 0.4670473337173462 8449
1752846047492 0.43547505140304565 8499
1752846056377 0.5022327303886414 8549
1752846065287 0.32857078313827515 8599
1752846074178 0.23993241786956787 8649
1752846083060 0.513754665851593 8699
1752846091947 0.5383732318878174 8749
1752846100842 0.5154938697814941 8799
1752846109735 0.4678378701210022 8849
1752846118633 0.4187838137149811 8899
1752846145362 0.26884615421295166 8949
1752846154221 0.3447464406490326 8999
1752846163112 0.3989676237106323 9049
1752846171992 0.39993634819984436 9099
1752846180885 0.4843411445617676 9149
1752846189772 0.6340177059173584 9199
1752846198668 0.4661850929260254 9249
1752846207555 0.49043142795562744 9299
1752846216449 0.1886635720729828 9349
1752846225347 0.6720378398895264 9399
1752846252221 0.46134841442108154 9449
1752846261102 0.418087899684906 9499
1752846269991 0.6775278449058533 9549
1752846278876 0.17643088102340698 9599
1752846287776 0.30374833941459656 9649
1752846296669 0.27959364652633667 9699
1752846305585 0.5014490485191345 9749
1752846314463 0.8522723317146301 9799
1752846323348 0.905693769454956 9849
1752846332235 0.4658520221710205 9899
1752846358436 0.4621732831001282 9949
1752846367342 0.40268659591674805 9999
1752846376221 0.26305004954338074 10049
1752846385107 0.32653552293777466 10099
1752846394000 0.37435075640678406 10149
1752846402895 0.43498507142066956 10199
1752846411794 0.4443766474723816 10249
1752846420658 0.302277147769928 10299
1752846429542 0.6311545968055725 10349
1752846455610 0.40918976068496704 10399
1752846464464 0.3980608284473419 10449
1752846473348 0.48208338022232056 10499
1752846482228 0.2950228154659271 10549
1752846491106 0.3439357578754425 10599
1752846499989 0.45461583137512207 10649
1752846508885 0.43387478590011597 10699
1752846517753 0.415682852268219 10749
1752846526628 0.21355712413787842 10799
1752846535525 0.39267203211784363 10849
1752846562435 0.18308374285697937 10899
1752846571306 0.1532270908355713 10949
1752846580190 0.4879349172115326 10999
1752846589115 0.5354220271110535 11049
1752846598010 0.3673331141471863 11099
1752846606908 0.3428868353366852 11149
1752846615805 0.4010254144668579 11199
1752846624697 0.3451246917247772 11249
1752846633585 0.28510767221450806 11299
1752846642491 0.3692232370376587 11349
1752846668665 0.1430460810661316 11399
1752846677535 0.3588344156742096 11449
1752846686420 0.5445915460586548 11499
1752846695301 0.3273434042930603 11549
1752846704173 0.16318275034427643 11599
1752846713082 0.202428936958313 11649
1752846722000 0.39370715618133545 11699
1752846730920 0.48907172679901123 11749
1752846739826 0.28016436100006104 11799
1752846748733 0.43799662590026855 11849
1752846775794 0.2528829574584961 11899
1752846784680 0.6096455454826355 11949
1752846793572 0.34734755754470825 11999
1752846802483 0.3811280429363251 12049
1752846811391 0.2964053750038147 12099
1752846820288 0.5017370581626892 12149
1752846829182 0.4323626458644867 12199
1752846838078 0.751510739326477 12249
1752846847003 0.3490147590637207 12299
1752846855898 0.47579696774482727 12349
1752846881839 0.2853938639163971 12399
1752846890686 0.6969722509384155 12449
1752846899557 0.1684304177761078 12499
1752846908452 0.1064390167593956 12549
1752846917340 0.9205728769302368 12599
1752846926236 0.608538031578064 12649
1752846935147 0.5479555726051331 12699
1752846944031 0.6047248840332031 12749
1752846952918 0.29992806911468506 12799
1752846961818 0.753158450126648 12849
1752846987828 0.4855431318283081 12899
1752846996678 0.516759991645813 12949
1752847005551 0.4333617091178894 12999
1752847014439 0.5558634996414185 13049
1752847023329 0.45528560876846313 13099
1752847032220 0.43306708335876465 13149
1752847041130 0.6694604158401489 13199
1752847050047 0.5949044227600098 13249
1752847058951 0.3641807436943054 13299
1752847067844 0.5091112852096558 13349
1752847094815 0.17581602931022644 13399
1752847103696 0.23104682564735413 13449
1752847112589 0.21229276061058044 13499
1752847121499 0.38565874099731445 13549
1752847130382 0.551891028881073 13599
1752847139285 0.25704407691955566 13649
1752847148208 0.47702017426490784 13699
1752847157120 0.4336428642272949 13749
1752847166025 0.20818650722503662 13799
1752847174932 0.5692822337150574 13849
1752847201691 0.4108999967575073 13899
1752847210579 0.47442248463630676 13949
1752847219459 0.31234458088874817 13999
1752847228330 0.3374156355857849 14049
1752847237202 0.5980562567710876 14099
1752847246096 0.5236908197402954 14149
1752847254996 0.308034747838974 14199
1752847263907 0.3475413918495178 14249
1752847272807 0.5029770135879517 14299
1752847281702 0.7006083726882935 14349
1752847307735 0.17351508140563965 14399
1752847316621 0.5315816402435303 14449
1752847325525 0.5077903270721436 14499
1752847334424 0.4319790303707123 14549
1752847343343 0.2480452060699463 14599
1752847352243 0.3589932322502136 14649
1752847361152 0.8461728096008301 14699
1752847370059 0.5282110571861267 14749
1752847378966 0.320210337638855 14799
1752847387871 0.27508658170700073 14849
1752847413820 0.18564657866954803 14899
1752847422718 0.8176906108856201 14949
1752847431606 0.5060065984725952 14999
1752847440507 0.3955182135105133 15049
1752847449426 0.3268474340438843 15099
1752847458321 0.3623650372028351 15149
1752847467236 0.3187171518802643 15199
1752847476158 0.34210699796676636 15249
1752847485048 0.3556971549987793 15299
1752847511193 0.3735860586166382 15349
1752847520068 0.5191514492034912 15399
1752847528961 0.4450492262840271 15449
1752847537854 0.2511937618255615 15499
1752847546750 0.5377366542816162 15549
1752847555659 0.41700828075408936 15599
1752847564559 0.18515264987945557 15649
1752847573467 0.2891581058502197 15699
1752847582356 0.831710934638977 15749
1752847591230 0.6133002042770386 15799
1752847618005 0.540076732635498 15849
1752847626868 0.4230937957763672 15899
1752847635754 0.4172250032424927 15949
1752847644644 0.7402896881103516 15999
1752847653528 0.2518123388290405 16049
1752847662428 0.4389306604862213 16099
1752847671328 0.29774171113967896 16149
1752847680221 0.721316933631897 16199
1752847689110 0.42563894391059875 16249
1752847697996 0.22248966991901398 16299
1752847724948 0.33557260036468506 16349
1752847733837 0.47012537717819214 16399
1752847742702 0.34410494565963745 16449
1752847751577 0.269257515668869 16499
1752847760456 0.4233030378818512 16549
1752847769336 0.5162004828453064 16599
1752847778216 0.546331524848938 16649
1752847787105 0.20389772951602936 16699
1752847796001 0.46568459272384644 16749
1752847804906 0.40544065833091736 16799
1752847831007 0.7443350553512573 16849
1752847839901 0.5161318182945251 16899
1752847848775 0.523531436920166 16949
1752847857659 0.4936715364456177 16999
1752847866564 0.744957685470581 17049
1752847875457 0.3275728225708008 17099
1752847884331 0.4074433445930481 17149
1752847893207 0.15808233618736267 17199
1752847902102 0.4333842992782593 17249
1752847911142 0.28667744994163513 17299
1752847937233 0.6717588305473328 17349
1752847946144 0.1984976828098297 17399
1752847955026 0.47746631503105164 17449
1752847963917 0.31049856543540955 17499
1752847972811 0.3283458948135376 17549
1752847981708 0.5252361297607422 17599
1752847990608 0.4730280935764313 17649
1752847999499 0.4290705621242523 17699
1752848008391 0.3378991484642029 17749
1752848017274 0.5132065415382385 17799
1752848044142 0.2898012697696686 17849
1752848053006 0.19563353061676025 17899
1752848061892 0.26725730299949646 17949
1752848070808 0.5747579336166382 17999
1752848079716 0.18413980305194855 18049
1752848088617 0.3054329454898834 18099
1752848097523 0.326792448759079 18149
1752848106445 0.2590685784816742 18199
1752848115330 0.3707188665866852 18249
1752848124229 0.4235866963863373 18299
1752848149951 0.689224898815155 18349
1752848158844 0.15780049562454224 18399
1752848167728 0.19474174082279205 18449
1752848176616 0.6120620965957642 18499
1752848185527 0.2383485585451126 18549
1752848194444 0.2729950547218323 18599
1752848203336 0.5427366495132446 18649
1752848212239 0.28639867901802063 18699
1752848221142 0.4901424050331116 18749
1752848230033 0.8911885023117065 18799
1752848256860 0.34549203515052795 18849
1752848265744 0.27365928888320923 18899
1752848274632 0.26591452956199646 18949
1752848283536 0.3459298312664032 18999
1752848292437 0.37013882398605347 19049
1752848301329 0.5028981566429138 19099
1752848310217 0.1675586700439453 19149
1752848319094 0.29457032680511475 19199
1752848327983 0.3990151584148407 19249
1752848336884 0.4678241014480591 19299
1752848362829 0.361015647649765 19349
1752848371723 0.4651593565940857 19399
1752848380615 0.28126633167266846 19449
1752848389510 0.37973931431770325 19499
1752848398404 0.3324407935142517 19549
1752848407294 0.5535898208618164 19599
1752848416171 0.49934840202331543 19649
1752848425072 0.13160863518714905 19699
1752848433958 0.32235193252563477 19749
1752848442850 0.5800080299377441 19799
1752848469809 0.2743111252784729 19849
1752848478689 0.17513307929039001 19899
1752848487581 0.32562947273254395 19949
1752848496490 0.29484623670578003 19999
1752848505390 0.5292550325393677 20049
1752848514277 0.7310697436332703 20099
1752848523169 0.23299890756607056 20149
1752848532078 0.2467382699251175 20199
1752848540974 0.4743186831474304 20249
1752848566767 0.49301740527153015 20299
1752848575659 0.33873140811920166 20349
1752848584553 0.2835187017917633 20399
1752848593461 0.522354006767273 20449
1752848602361 0.15463241934776306 20499
1752848611262 0.2035938799381256 20549
1752848620157 0.20109716057777405 20599
1752848629058 0.179650217294693 20649
1752848637954 0.43049144744873047 20699
1752848646855 0.37569111585617065 20749
1752848673643 0.3574911952018738 20799
1752848682528 0.2692393362522125 20849
1752848691394 0.7262252569198608 20899
1752848700280 0.4355151653289795 20949
1752848709184 0.48438018560409546 20999
1752848718079 0.49311721324920654 21049
1752848726972 0.5595316886901855 21099
1752848735875 0.5084081888198853 21149
1752848744768 0.4106859862804413 21199
1752848753658 0.29415369033813477 21249
1752848779711 0.4305061995983124 21299
1752848788593 0.4168623089790344 21349
1752848797475 0.3487444519996643 21399
1752848806371 0.30718058347702026 21449
1752848815264 0.3115605413913727 21499
1752848824157 0.26695120334625244 21549
1752848833058 0.19907882809638977 21599
1752848841950 0.1699138879776001 21649
1752848850839 0.22128167748451233 21699
1752848859744 0.44702577590942383 21749
1752848885801 0.5554909110069275 21799
1752848894690 0.44923335313796997 21849
1752848903570 0.17352117598056793 21899
1752848912482 0.4299639165401459 21949
1752848921371 0.8003727793693542 21999
1752848930266 0.6974462270736694 22049
1752848939145 0.19427262246608734 22099
1752848948020 0.32102227210998535 22149
1752848956934 0.5183157920837402 22199
1752848965830 0.2240656018257141 22249
1752848991690 0.17065748572349548 22299
1752849000579 0.3514610826969147 22349
1752849009457 0.5472046136856079 22399
1752849018361 0.3012489676475525 22449
1752849027271 0.28673774003982544 22499
1752849036170 0.38978710770606995 22549
1752849045082 0.2394738495349884 22599
1752849053996 0.40613484382629395 22649
1752849062884 0.2856971025466919 22699
1752849071776 0.2962254285812378 22749
1752849097903 0.25481343269348145 22799
1752849106782 0.20564205944538116 22849
1752849115673 0.3193598985671997 22899
1752849124561 0.4407515525817871 22949
1752849133459 0.32561782002449036 22999
1752849142332 0.40049561858177185 23049
1752849151224 0.32861125469207764 23099
1752849160103 0.48124706745147705 23149
1752849168994 0.2533096671104431 23199
1752849177906 0.371762216091156 23249
1752849204075 0.1454877108335495 23299
1752849212964 0.4643312692642212 23349
1752849221859 0.45278191566467285 23399
1752849230755 0.21714501082897186 23449
1752849239670 0.2881988286972046 23499
1752849248577 0.3534652888774872 23549
1752849257468 0.3849433660507202 23599
1752849266362 0.32040902972221375 23649
1752849275262 0.3349602520465851 23699
1752849284142 0.5029834508895874 23749
1752849310146 0.16139110922813416 23799
1752849319030 0.4174654483795166 23849
1752849327911 0.2064174860715866 23899
1752849336791 0.2927827835083008 23949
1752849345685 0.6044375896453857 23999
1752849354572 0.3115094304084778 24049
1752849363463 0.22406242787837982 24099
1752849372349 0.2861602306365967 24149
1752849381248 0.18032878637313843 24199
1752849390156 0.43316543102264404 24249
1752849416141 0.3093825578689575 24299
1752849425031 0.36297181248664856 24349
1752849433907 0.48602378368377686 24399
1752849442802 0.4851454496383667 24449
1752849451692 0.3393907845020294 24499
1752849460574 0.3471987545490265 24549
1752849469469 0.5960979461669922 24599
1752849478366 0.23313479125499725 24649
1752849487266 0.36966100335121155 24699
1752849496149 0.1478724479675293 24749
1752849523491 0.27744629979133606 24799
1752849532382 0.226795494556427 24849
1752849541273 0.28118228912353516 24899
1752849550174 0.4547535181045532 24949
1752849559068 0.4044695794582367 24999
1752849567964 0.5907257795333862 25049
1752849576850 0.42538905143737793 25099
1752849585747 0.5780450105667114 25149
1752849594640 0.32281213998794556 25199
1752849621623 0.43259817361831665 25249
1752849630503 0.31136929988861084 25299
1752849639380 0.5728765726089478 25349
1752849648278 0.26467519998550415 25399
1752849657187 0.2741674780845642 25449
1752849666101 0.11196325719356537 25499
1752849674986 0.44540512561798096 25549
1752849683867 0.2833828926086426 25599
1752849692760 0.3505605459213257 25649
1752849701655 0.3241318464279175 25699
1752849727634 0.35193970799446106 25749
1752849736535 0.17358876764774323 25799
1752849745429 0.5750695466995239 25849
1752849754326 0.31049540638923645 25899
1752849763232 0.2537741959095001 25949
1752849772150 0.503242552280426 25999
1752849781068 0.21002539992332458 26049
1752849789963 0.4742247760295868 26099
1752849798854 0.17934772372245789 26149
1752849807740 0.5116691589355469 26199
1752849833762 0.29204249382019043 26249
1752849842653 0.393670916557312 26299
1752849851553 0.3342416286468506 26349
1752849860451 0.47241413593292236 26399
1752849869333 0.4882795810699463 26449
1752849878221 0.46679213643074036 26499
1752849887123 0.4377824664115906 26549
1752849896041 0.3020309805870056 26599
1752849904946 0.3632960021495819 26649
1752849913834 0.31006842851638794 26699
1752849939846 0.1981210559606552 26749
1752849948745 0.18022635579109192 26799
1752849957644 0.46911516785621643 26849
1752849966536 0.4658282697200775 26899
1752849975434 0.17860153317451477 26949
1752849984331 0.3525599241256714 26999
1752849993219 0.26250720024108887 27049
1752850002114 0.3393118381500244 27099
1752850011002 0.47678297758102417 27149
1752850019889 0.1555125117301941 27199
1752850045808 0.30201470851898193 27249
1752850054711 0.518266499042511 27299
1752850063596 0.5470964908599854 27349
1752850072500 0.7308259010314941 27399
1752850081402 0.7399488687515259 27449
1752850090295 0.2813872694969177 27499
1752850099194 0.28808099031448364 27549
1752850108099 0.6152426600456238 27599
1752850116998 0.39720913767814636 27649
1752850125878 0.14101627469062805 27699
1752850152045 0.4480349123477936 27749
1752850160934 0.22025887668132782 27799
1752850169813 0.45591437816619873 27849
1752850178693 0.2982903718948364 27899
1752850187585 0.2845662832260132 27949
1752850196482 0.2268962264060974 27999
1752850205370 0.2938447594642639 28049
1752850214256 0.24550119042396545 28099
1752850223151 0.40571409463882446 28149
1752850232050 0.46801939606666565 28199
1752850258096 0.6478022336959839 28249
1752850266970 0.45224887132644653 28299
1752850275872 0.1341032236814499 28349
1752850284767 0.38250336050987244 28399
1752850293648 0.3879859745502472 28449
1752850302543 0.2202436625957489 28499
1752850311445 0.4293290674686432 28549
1752850320329 0.1802389770746231 28599
1752850329207 0.38284674286842346 28649
1752850338088 0.3482724726200104 28699
1752850363902 0.339032381772995 28749
1752850372793 0.34505242109298706 28799
1752850381661 0.23309631645679474 28849
1752850390533 0.40361058712005615 28899
1752850399422 0.23696430027484894 28949
1752850408312 0.2103717029094696 28999
1752850417222 0.364677369594574 29049
1752850426252 0.41655316948890686 29099
1752850435134 0.16472336649894714 29149
1752850444024 0.24425064027309418 29199
1752850470051 0.2792162299156189 29249
1752850478939 0.31084582209587097 29299
1752850487826 0.4917628765106201 29349
1752850496709 0.3898797333240509 29399
1752850505630 0.6912941336631775 29449
1752850514539 0.3335644602775574 29499
1752850523459 0.2864934802055359 29549
1752850532363 0.14878882467746735 29599
1752850541263 0.41854584217071533 29649
1752850550163 0.31277206540107727 29699
1752850576141 0.4559767544269562 29749
1752850585039 0.4109458029270172 29799
1752850593931 0.4669373333454132 29849
1752850602823 0.4076283276081085 29899
1752850611690 0.20914319157600403 29949
1752850620573 0.6531729698181152 29999
1752850629475 0.3789477050304413 30049
1752850638376 0.21616169810295105 30099
1752850647279 0.48568758368492126 30149
1752850673272 0.5072273015975952 30199
1752850682124 0.37581396102905273 30249
1752850690993 0.16586735844612122 30299
1752850699872 0.5510018467903137 30349
1752850708755 0.2269805669784546 30399
1752850717671 0.46801263093948364 30449
1752850726576 0.2997623682022095 30499
1752850735464 0.5761252641677856 30549
1752850744346 0.26872503757476807 30599
1752850753235 0.3197033405303955 30649
1752850780265 0.2802991271018982 30699
1752850789136 0.3034157454967499 30749
1752850798020 0.1934887170791626 30799
1752850806894 0.5130545496940613 30849
1752850815791 0.5191900730133057 30899
1752850824689 0.36172622442245483 30949
1752850833593 0.5065301656723022 30999
1752850842486 0.38834238052368164 31049
1752850851364 0.3600466847419739 31099
1752850860254 0.5247896909713745 31149
1752850886493 0.2904264032840729 31199
1752850895378 0.35378238558769226 31249
1752850904265 0.4509693384170532 31299
1752850913156 0.13730108737945557 31349
1752850922061 0.3034366965293884 31399
1752850930957 0.16633041203022003 31449
1752850939860 0.5305846333503723 31499
1752850948776 0.4603424072265625 31549
1752850957682 0.31133177876472473 31599
1752850966570 0.3359260857105255 31649
1752850993229 0.2744022011756897 31699
1752851002114 0.2176392376422882 31749
1752851010999 0.28487223386764526 31799
1752851019892 0.2713834047317505 31849
1752851028795 0.4782826602458954 31899
1752851037691 0.38232657313346863 31949
1752851046589 0.27075621485710144 31999
1752851055482 0.26368898153305054 32049
1752851064370 0.14244267344474792 32099
1752851073281 0.15345656871795654 32149
1752851099348 0.5024980902671814 32199
1752851108222 0.4660892188549042 32249
1752851117090 0.34984326362609863 32299
1752851125986 0.4466395378112793 32349
1752851134907 0.36209574341773987 32399
1752851143807 0.4731103479862213 32449
1752851152699 0.49680712819099426 32499
1752851161590 0.2802172303199768 32549
1752851170481 0.4951173663139343 32599
1752851179382 0.12034054100513458 32649
1752851206404 0.23219400644302368 32699
1752851215294 0.328261137008667 32749
1752851224177 0.3979995548725128 32799
1752851233067 0.2765243649482727 32849
1752851241963 0.3910893499851227 32899
1752851250843 0.3773524761199951 32949
1752851259723 0.5353673100471497 32999
1752851268611 0.14786593616008759 33049
1752851277487 0.5282858610153198 33099
1752851286364 1.0177083015441895 33149
1752851312335 0.5771536827087402 33199
1752851321222 0.16396436095237732 33249
1752851330097 0.30201223492622375 33299
1752851338995 0.4457612633705139 33349
1752851347891 0.22606739401817322 33399
1752851356802 0.4880612790584564 33449
1752851365682 0.30632883310317993 33499
1752851374577 0.46459800004959106 33549
1752851383478 0.29567039012908936 33599
1752851392360 0.39625492691993713 33649
1752851418402 0.27372944355010986 33699
1752851427291 0.3170604705810547 33749
1752851436183 0.27324530482292175 33799
1752851445091 0.25392770767211914 33849
1752851453976 0.26402226090431213 33899
1752851462863 0.19646486639976501 33949
1752851471757 0.2757425904273987 33999
1752851480655 0.41643238067626953 34049
1752851489547 0.5189359188079834 34099
1752851498435 0.33489224314689636 34149
1752851525309 0.27449697256088257 34199
1752851534178 0.3618449866771698 34249
1752851543059 0.3392394185066223 34299
1752851551937 0.24610185623168945 34349
1752851560818 0.23810142278671265 34399
1752851569685 0.4548015296459198 34449
1752851578558 0.8480769991874695 34499
1752851587426 0.14153969287872314 34549
1752851596306 0.19963671267032623 34599
1752851605183 0.2835322320461273 34649
1752851632447 0.283691942691803 34699
1752851641349 0.22908717393875122 34749
1752851650260 0.34914666414260864 34799
1752851659173 0.2716761529445648 34849
1752851668058 0.4909036457538605 34899
1752851676957 0.250984251499176 34949
1752851685861 0.5361785888671875 34999
1752851694746 0.3442595601081848 35049
1752851703656 0.24319376051425934 35099
1752851729635 0.6015082597732544 35149
1752851738512 0.45484912395477295 35199
1752851747414 0.16800259053707123 35249
1752851756328 0.1354217380285263 35299
1752851765246 0.3960203528404236 35349
1752851774150 0.1341705620288849 35399
1752851783069 0.7300765514373779 35449
1752851791980 0.4674227833747864 35499
1752851800887 0.21068492531776428 35549
1752851809803 0.324856162071228 35599
1752851835815 0.21099305152893066 35649
1752851844694 0.21382154524326324 35699
1752851853595 0.2331637144088745 35749
1752851862495 0.2716969847679138 35799
1752851871393 0.36594560742378235 35849
1752851880293 0.3912264108657837 35899
1752851889187 0.39873355627059937 35949
1752851898075 0.5012104511260986 35999
1752851906959 0.2922942638397217 36049
1752851915845 0.2435011863708496 36099
1752851941768 0.30284446477890015 36149
1752851950664 0.5691115856170654 36199
1752851959563 0.5684119462966919 36249
1752851968468 0.14543455839157104 36299
1752851977371 0.32173436880111694 36349
1752851986288 0.21748356521129608 36399
1752851995208 0.2749033272266388 36449
1752852004115 0.28881001472473145 36499
1752852013008 0.26554468274116516 36549
1752852021922 0.20212212204933167 36599
1752852047739 0.4268317222595215 36649
1752852056629 0.31512701511383057 36699
1752852065532 0.4560357928276062 36749
1752852074432 0.280730277299881 36799
1752852083346 0.3425416648387909 36849
1752852092244 0.31398892402648926 36899
1752852101148 0.32181379199028015 36949
1752852110061 0.4440500736236572 36999
1752852118961 0.40796971321105957 37049
1752852127853 0.30046892166137695 37099
1752852154813 0.42376911640167236 37149
1752852163694 0.27130043506622314 37199
1752852172569 0.47974324226379395 37249
1752852181467 0.2196647822856903 37299
1752852190349 0.4170036315917969 37349
1752852199225 0.471932590007782 37399
1752852208099 0.40253984928131104 37449
1752852216978 0.3349214792251587 37499
1752852225880 0.5420641303062439 37549
1752852234781 0.4706282615661621 37599
1752852260713 0.6481220126152039 37649
1752852269593 0.22543753683567047 37699
1752852278472 0.2985926568508148 37749
1752852287384 0.3501054644584656 37799
1752852296276 0.43098509311676025 37849
1752852305186 0.2499869167804718 37899
1752852314096 0.5367627143859863 37949
1752852322986 0.45025569200515747 37999
1752852331868 0.508104681968689 38049
1752852340756 0.37734201550483704 38099
1752852366738 0.4750472605228424 38149
1752852375609 0.4124252200126648 38199
1752852384505 0.25846007466316223 38249
1752852393408 0.15374653041362762 38299
1752852402324 0.25990262627601624 38349
1752852411201 0.48716825246810913 38399
1752852420102 0.3704456388950348 38449
1752852428980 0.47896608710289 38499
1752852437877 0.34058961272239685 38549
1752852446765 0.26688438653945923 38599
1752852472684 0.35873210430145264 38649
1752852481584 0.6522436738014221 38699
1752852490481 0.6558088064193726 38749
1752852499377 0.244548037648201 38799
1752852508254 0.5282769203186035 38849
1752852517153 0.3857347369194031 38899
1752852526042 0.16204726696014404 38949
1752852534932 0.5306435227394104 38999
1752852543837 0.5331405401229858 39049
1752852552735 0.3645324110984802 39099
1752852578662 0.1498519778251648 39149
1752852587558 0.5070549249649048 39199
1752852596466 0.4828488826751709 39249
1752852605367 0.2683769166469574 39299
1752852614272 0.15981164574623108 39349
1752852623187 0.35404813289642334 39399
1752852632096 0.27887457609176636 39449
1752852640989 0.34441810846328735 39499
1752852649901 0.25058576464653015 39549
1752852658793 0.3615586757659912 39599
1752852684706 0.3382677733898163 39649
1752852693610 0.2330830693244934 39699
1752852702516 0.3904726505279541 39749
1752852711414 0.11508156359195709 39799
1752852720307 0.3559250235557556 39849
1752852729230 0.25963979959487915 39899
1752852738127 0.21159449219703674 39949
1752852747033 0.4086775779724121 39999
1752852755937 0.4123317003250122 40049
1752852782160 0.7774487733840942 40099
1752852791044 0.5598368644714355 40149
1752852799958 0.4474538564682007 40199
1752852808867 0.31841111183166504 40249
1752852817782 0.5016788244247437 40299
1752852826713 0.2126060128211975 40349
1752852835621 0.48245909810066223 40399
1752852844518 0.34509652853012085 40449
1752852853424 0.2489168345928192 40499
1752852862328 0.333491712808609 40549
1752852888257 0.22974923253059387 40599
1752852897125 0.12986642122268677 40649
1752852906015 0.13192005455493927 40699
1752852914908 0.24070249497890472 40749
1752852923808 0.11263823509216309 40799
1752852932721 0.1967981457710266 40849
1752852941753 0.2767006754875183 40899
1752852950648 0.2399052083492279 40949
1752852959545 0.08877237141132355 40999
1752852968458 0.32237058877944946 41049
1752852995258 0.3141675591468811 41099
1752853004145 0.3841082453727722 41149
1752853013018 0.2825680375099182 41199
1752853021918 0.2211693525314331 41249
1752853030832 0.31130874156951904 41299
1752853039744 0.1969892978668213 41349
1752853048653 0.6989460587501526 41399
1752853057561 0.2356715053319931 41449
1752853066451 0.40181708335876465 41499
1752853075350 0.4913674592971802 41549
1752853102271 0.2137412428855896 41599
1752853111150 0.3703945577144623 41649
1752853120046 0.1953490972518921 41699
1752853128937 0.2973007261753082 41749
1752853137836 0.28312161564826965 41799
1752853146727 0.3600120544433594 41849
1752853155621 0.21499064564704895 41899
1752853164533 0.41070687770843506 41949
1752853173420 0.38798636198043823 41999
1752853182311 0.2943646013736725 42049
1752853208298 0.14048445224761963 42099
1752853217195 0.5024189949035645 42149
1752853226078 0.30920493602752686 42199
1752853234966 0.4797028601169586 42249
1752853243869 0.36885470151901245 42299
1752853252758 0.5303615927696228 42349
1752853261640 0.3353364169597626 42399
1752853270525 0.31463003158569336 42449
1752853279431 0.5485683679580688 42499
1752853288328 0.3980341851711273 42549
1752853314376 0.478110134601593 42599
1752853323262 0.35575413703918457 42649
1752853332158 0.23671257495880127 42699
1752853341060 0.3475498557090759 42749
1752853349971 0.28037169575691223 42799
1752853358871 0.4718531370162964 42849
1752853367772 0.32244551181793213 42899
1752853376659 0.2652711868286133 42949
1752853385571 0.38104426860809326 42999
1752853394476 0.2665509283542633 43049
1752853421402 0.27274683117866516 43099
1752853430289 0.2952577471733093 43149
1752853439178 0.5385845899581909 43199
1752853448080 0.3695065975189209 43249
1752853456985 0.16352242231369019 43299
1752853465895 0.3443046808242798 43349
1752853474792 0.3303655982017517 43399
1752853483685 0.27427542209625244 43449
1752853492576 0.4900757074356079 43499
1752853501470 0.37343865633010864 43549
1752853527593 0.2902575731277466 43599
1752853536465 0.1772361546754837 43649
1752853545352 0.6207520365715027 43699
1752853554252 0.4538743197917938 43749
1752853563150 0.49518558382987976 43799
1752853572035 0.38805919885635376 43849
1752853580941 0.21527527272701263 43899
1752853589847 0.21869002282619476 43949
1752853598738 0.2334965169429779 43999
1752853607643 0.7433656454086304 44049
1752853633605 0.2078387439250946 44099
1752853642490 0.36979204416275024 44149
1752853651383 0.6183027625083923 44199
1752853660290 0.2784004211425781 44249
1752853669171 0.47749149799346924 44299
1752853678074 0.6048403382301331 44349
1752853686985 0.33674341440200806 44399
1752853695882 0.18603315949440002 44449
1752853704774 0.20681190490722656 44499
1752853713709 0.24699537456035614 44549
1752853739644 0.10871542990207672 44599
1752853748551 0.3925962746143341 44649
1752853757447 0.37401628494262695 44699
1752853766344 0.6920583248138428 44749
1752853775245 0.7363611459732056 44799
1752853784140 0.12585292756557465 44849
1752853793023 0.4019569158554077 44899
1752853801909 0.3875003457069397 44949
1752853810823 0.46794912219047546 44999
1752853836740 0.3091121315956116 45049
1752853845624 0.3548874258995056 45099
1752853854536 0.3020503520965576 45149
1752853863439 0.21100997924804688 45199
1752853872349 0.4455925226211548 45249
1752853881260 0.3924941122531891 45299
1752853890152 0.22489270567893982 45349
1752853899079 0.5869653224945068 45399
1752853908002 0.2711905837059021 45449
1752853916915 0.16043008863925934 45499
1752853942793 0.30504804849624634 45549
1752853951666 0.28732794523239136 45599
1752853960560 0.13729698956012726 45649
1752853969590 0.3112393915653229 45699
1752853978489 0.2141084522008896 45749
1752853987376 0.15948668122291565 45799
1752853996252 0.420659601688385 45849
1752854005153 0.44240322709083557 45899
1752854014043 0.3001755475997925 45949
1752854022940 0.22513708472251892 45999
1752854049191 0.3066761791706085 46049
1752854058089 0.32061517238616943 46099
1752854066997 0.4983398914337158 46149
1752854075898 0.5861643552780151 46199
1752854084804 0.43539634346961975 46249
1752854093724 0.26366719603538513 46299
1752854102637 0.40958911180496216 46349
1752854111539 0.238547220826149 46399
1752854120451 0.3480736017227173 46449
1752854129371 0.6473544836044312 46499
1752854156294 0.36342087388038635 46549
1752854165186 0.17758513987064362 46599
1752854174083 0.13285863399505615 46649
1752854182966 0.3469092845916748 46699
1752854191860 0.2455441951751709 46749
1752854200773 0.3724346160888672 46799
1752854209676 0.5679749846458435 46849
1752854218576 0.6292372345924377 46899
1752854227496 0.25347355008125305 46949
1752854236408 0.20766551792621613 46999
1752854262649 0.6490290760993958 47049
1752854271532 0.20734348893165588 47099
1752854280420 0.34610939025878906 47149
1752854289311 0.37863871455192566 47199
1752854298202 0.5155713558197021 47249
1752854307094 0.7643305659294128 47299
1752854315992 0.4622594118118286 47349
1752854324891 0.33001506328582764 47399
1752854333796 0.40998539328575134 47449
1752854342693 0.18059688806533813 47499
1752854368678 0.5589413046836853 47549
1752854377584 0.2748152017593384 47599
1752854386473 0.2760753929615021 47649
1752854395368 0.5031596422195435 47699
1752854404246 0.5528215765953064 47749
1752854413146 0.27309754490852356 47799
1752854422035 0.2205115705728531 47849
1752854430943 0.13256070017814636 47899
1752854439862 0.10689719021320343 47949
1752854448776 0.2071862518787384 47999
1752854475063 0.26973196864128113 48049
1752854483962 0.12354883551597595 48099
1752854492854 0.31522125005722046 48149
1752854501754 0.6041494011878967 48199
1752854510667 0.1427331417798996 48249
1752854519574 0.4648841321468353 48299
1752854528470 0.383181631565094 48349
1752854537394 0.1775112748146057 48399
1752854546298 0.28268903493881226 48449
1752854555197 0.3086206912994385 48499
1752854581187 0.3738793134689331 48549
1752854590078 0.35763201117515564 48599
1752854598966 0.2832190692424774 48649
1752854607875 0.2064494639635086 48699
1752854616767 0.27037712931632996 48749
1752854625674 0.35676270723342896 48799
1752854634569 0.18985803425312042 48849
1752854643463 0.33698391914367676 48899
1752854652371 0.23746345937252045 48949
1752854661282 0.29570868611335754 48999
1752854687259 0.21939019858837128 49049
1752854696162 0.5016013383865356 49099
1752854705043 0.17836391925811768 49149
1752854713949 0.330110639333725 49199
1752854722867 0.15691544115543365 49249
1752854731778 0.21282364428043365 49299
1752854740689 0.4306776225566864 49349
1752854749585 0.19672667980194092 49399
1752854758475 0.6488175392150879 49449
1752854767381 0.20159579813480377 49499
