1752844340525 2.6690051555633545 494
1752844446451 2.099437713623047 989
1752844552383 2.04682993888855 1484
1752844658277 1.9295940399169922 1979
1752844762977 1.8094556331634521 2474
1752844868854 1.77170729637146 2969
1752844974893 1.6861169338226318 3464
1752845080689 1.768446922302246 3959
1752845186613 1.618149995803833 4454
1752845292442 1.5632858276367188 4949
1752845397525 1.534254550933838 5444
1752845503657 1.5205451250076294 5939
1752845609656 1.5341570377349854 6434
1752845715730 1.466886043548584 6929
1752845820560 1.463777780532837 7424
1752845925639 1.404884696006775 7919
1752846031550 1.3962517976760864 8414
1752846137450 1.3757914304733276 8909
1752846243428 1.3498444557189941 9404
1752846348696 1.3845582008361816 9899
1752846453850 1.3274929523468018 10394
1752846559843 1.3276777267456055 10889
1752846665142 1.2945098876953125 11384
1752846771441 1.294419765472412 11879
1752846876591 1.2676841020584106 12374
1752846981671 1.2802132368087769 12869
1752847087821 1.2671607732772827 13364
1752847193745 1.238099217414856 13859
1752847298921 1.2236676216125488 14354
1752847404073 1.2180852890014648 14849
1752847509420 1.2236816883087158 15344
1752847615432 1.2087790966033936 15839
1752847721426 1.1745017766952515 16334
1752847826676 1.1984347105026245 16829
1752847931976 1.1730109453201294 17324
1752848037962 1.1632360219955444 17819
1752848142926 1.161932349205017 18314
1752848248923 1.1655374765396118 18809
1752848354014 1.14578378200531 19304
1752848460071 1.168396234512329 19799
1752848565072 1.1207702159881592 20294
1752848671036 1.103538155555725 20789
1752848776251 1.1162645816802979 21284
1752848881372 1.1228246688842773 21779
1752848986385 1.1168750524520874 22274
1752849091693 1.1152994632720947 22769
1752849196756 1.113673210144043 23264
1752849302225 1.1000181436538696 23759
1752849407304 1.1106661558151245 24254
1752849513792 1.097955346107483 24749
1752849619936 1.097487449645996 25244
1752849724993 1.0949516296386719 25739
1752849830273 1.0851536989212036 26234
1752849935463 1.0783042907714844 26729
1752850040504 1.0961180925369263 27224
1752850145925 1.0869604349136353 27719
1752850251001 1.0757558345794678 28214
1752850355987 1.0557433366775513 28709
1752850461249 1.0740079879760742 29204
1752850566423 1.0564311742782593 29699
1752850671498 1.0347740650177002 30194
1752850777650 1.0360016822814941 30689
1752850882956 1.050386667251587 31184
1752850988900 1.06842839717865 31679
1752851094049 1.0417118072509766 32174
1752851200219 1.033151626586914 32669
1752851305280 1.0341136455535889 33164
1752851410431 1.0545419454574585 33659
1752851516479 1.0169470310211182 34154
1752851622783 1.0560435056686401 34649
1752851727887 1.0323256254196167 35144
1752851833180 1.0486005544662476 35639
1752851938281 1.0254542827606201 36134
1752852043395 1.0336251258850098 36629
1752852149477 1.0373748540878296 37124
1752852254592 1.0281167030334473 37619
1752852359702 1.0242913961410522 38114
1752852464740 1.0270838737487793 38609
1752852569845 1.0250356197357178 39104
1752852674954 1.0245957374572754 39599
1752852780369 1.0108959674835205 40094
1752852885627 1.0158647298812866 40589
1752852991770 1.0018157958984375 41084
1752853097911 1.0044840574264526 41579
1752853203008 1.0082932710647583 42074
1752853308180 1.0088508129119873 42569
1752853414365 1.0179884433746338 43064
1752853519711 0.9872605800628662 43559
1752853624774 0.9823430776596069 44054
1752853729917 1.012161374092102 44549
1752853835001 0.9948443174362183 45044
1752853940148 0.9989586472511292 45539
1752854045686 1.001088261604309 46034
1752854151934 1.0016554594039917 46529
1752854257327 0.9987420439720154 47024
1752854362461 0.9672892093658447 47519
1752854467992 0.994683027267456 48014
1752854573276 0.9884158372879028 48509
1752854678467 0.9767374396324158 49004
1752854783639 0.9800775051116943 49499
