1752808900741 0.0 49
1752808909665 0.0 99
1752808918582 0.0 149
1752808927542 0.0 199
1752808936458 0.0 249
1752808956013 0.0 273
1752808957863 0.0 273
1752808963436 1.0 299
1752808972384 1.0 349
1752808981331 1.0 399
1752808990285 1.0 449
1752808999243 1.0 499
1752809023489 1.0 547
1752809025234 1.0 547
1752809026534 2.0 549
1752809035498 2.0 599
1752809044462 2.0 649
1752809053455 2.0 699
1752809062437 2.0 749
1752809071420 2.0 799
1752809090475 2.0 821
1752809092286 2.0 821
1752809098245 3.0 849
1752809107223 3.0 899
1752809116214 3.0 949
1752809125169 3.0 999
1752809134134 3.0 1049
1752809157646 3.0 1095
1752809159395 3.0 1095
1752809161059 4.0 1099
1752809170021 4.0 1149
1752809178999 4.0 1199
1752809187965 4.0 1249
1752809196952 4.0 1299
1752809205913 4.0 1349
1752809224817 4.0 1369
1752809226934 4.0 1369
1752809233246 5.0 1399
1752809242236 5.0 1449
1752809251199 5.0 1499
1752809260175 5.0 1549
1752809269163 5.0 1599
1752809292337 5.0 1643
1752809294231 5.0 1643
1752809296258 6.0 1649
1752809305219 6.0 1699
1752809314187 6.0 1749
1752809323155 6.0 1799
1752809332144 6.0 1849
1752809341133 6.0 1899
1752809359637 6.0 1917
1752809360494 6.0 1917
1752809367174 7.0 1949
1752809376159 7.0 1999
1752809385134 7.0 2049
1752809394126 7.0 2099
1752809403111 7.0 2149
1752809425952 7.0 2191
1752809427884 7.0 2191
1752809430250 8.0 2199
1752809439239 8.0 2249
1752809448226 8.0 2299
1752809457215 8.0 2349
1752809466206 8.0 2399
1752809475197 8.0 2449
1752809493377 8.0 2465
1752809494416 8.0 2465
1752809501489 9.0 2499
1752809510490 9.0 2549
1752809519441 9.0 2599
1752809528404 9.0 2649
1752809537391 9.0 2699
1752809559892 9.0 2739
1752809561752 9.0 2739
1752809564529 10.0 2749
1752809573489 10.0 2799
1752809582497 10.0 2849
1752809591476 10.0 2899
1752809600444 10.0 2949
1752809609449 10.0 2999
1752809627445 10.0 3013
1752809629332 10.0 3013
1752809636729 11.0 3049
1752809645724 11.0 3099
1752809654700 11.0 3149
1752809663684 11.0 3199
1752809672671 11.0 3249
1752809694859 11.0 3287
1752809696700 11.0 3287
1752809699852 12.0 3299
1752809708815 12.0 3349
1752809717783 12.0 3399
1752809726786 12.0 3449
1752809735781 12.0 3499
1752809744791 12.0 3549
1752809762195 12.0 3561
1752809762994 12.0 3561
1752809770777 13.0 3599
1752809779735 13.0 3649
1752809788712 13.0 3699
1752809797727 13.0 3749
1752809806717 13.0 3799
1752809828386 13.0 3835
1752809829340 13.0 3835
1752809832782 14.0 3849
1752809841745 14.0 3899
1752809850726 14.0 3949
1752809859728 14.0 3999
1752809868716 14.0 4049
1752809877708 14.0 4099
1752809894717 14.0 4109
1752809895566 14.0 4109
1752809903655 15.0 4149
1752809912651 15.0 4199
1752809921660 15.0 4249
1752809930643 15.0 4299
1752809939620 15.0 4349
1752809961027 15.0 4383
1752809962093 15.0 4383
1752809965902 16.0 4399
1752809974890 16.0 4449
1752809983875 16.0 4499
1752809992901 16.0 4549
1752810001903 16.0 4599
1752810010888 16.0 4649
1752810027692 16.0 4657
1752810028571 16.0 4657
1752810037021 17.0 4699
1752810046003 17.0 4749
1752810055003 17.0 4799
1752810063950 17.0 4849
1752810072930 17.0 4899
1752810093805 17.0 4931
1752810095593 17.0 4931
1752810099783 18.0 4949
1752810108783 18.0 4999
1752810117761 18.0 5049
1752810126729 18.0 5099
1752810135722 18.0 5149
1752810144715 18.0 5199
1752810161334 18.0 5205
1752810163358 18.0 5205
1752810172136 19.0 5249
1752810181139 19.0 5299
1752810190162 19.0 5349
1752810199159 19.0 5399
1752810208164 19.0 5449
1752810228900 19.0 5479
1752810230785 19.0 5479
1752810235315 20.0 5499
1752810244294 20.0 5549
1752810253296 20.0 5599
1752810262292 20.0 5649
1752810271260 20.0 5699
1752810280220 20.0 5749
1752810296205 20.0 5753
1752810298056 20.0 5753
1752810307268 21.0 5799
1752810316228 21.0 5849
1752810325232 21.0 5899
1752810334233 21.0 5949
1752810343247 21.0 5999
1752810363426 21.0 6027
1752810364473 21.0 6027
1752810369410 22.0 6049
1752810378421 22.0 6099
1752810387379 22.0 6149
1752810396384 22.0 6199
1752810405366 22.0 6249
1752810414307 22.0 6299
1752810429939 22.0 6301
1752810430670 22.0 6301
1752810440220 23.0 6349
1752810449199 23.0 6399
1752810458180 23.0 6449
1752810467188 23.0 6499
1752810476169 23.0 6549
1752810495994 23.0 6575
1752810497634 23.0 6575
1752810502885 24.0 6599
1752810511868 24.0 6649
1752810520843 24.0 6699
1752810529812 24.0 6749
1752810538777 24.0 6799
1752810547696 24.0 6849
1752810563366 24.0 6849
1752810564213 24.0 6849
1752810574151 25.0 6899
1752810583132 25.0 6949
1752810592103 25.0 6999
1752810601103 25.0 7049
1752810610107 25.0 7099
1752810629689 25.0 7123
1752810630738 25.0 7123
1752810636316 26.0 7149
1752810645315 26.0 7199
1752810654299 26.0 7249
1752810663287 26.0 7299
1752810672276 26.0 7349
1752810696155 26.0 7397
1752810696903 26.0 7397
1752810698186 27.0 7399
1752810707203 27.0 7449
1752810716186 27.0 7499
1752810725214 27.0 7549
1752810734223 27.0 7599
1752810743218 27.0 7649
1752810762310 27.0 7671
1752810764034 27.0 7671
1752810770018 28.0 7699
1752810779019 28.0 7749
1752810787992 28.0 7799
1752810796988 28.0 7849
1752810805984 28.0 7899
1752810829515 28.0 7945
1752810831386 28.0 7945
1752810833081 29.0 7949
1752810842076 29.0 7999
1752810851065 29.0 8049
1752810860068 29.0 8099
1752810869058 29.0 8149
1752810878005 29.0 8199
1752810896715 29.0 8219
1752810897563 29.0 8219
1752810903894 30.0 8249
1752810912887 30.0 8299
1752810921867 30.0 8349
1752810930839 30.0 8399
1752810939827 30.0 8449
1752810962933 30.0 8493
1752810964832 30.0 8493
1752810966895 31.0 8499
1752810975901 31.0 8549
1752810984882 31.0 8599
1752810993842 31.0 8649
1752811002842 31.0 8699
1752811011825 31.0 8749
1752811030182 31.0 8767
1752811031041 31.0 8767
1752811037713 32.0 8799
1752811046701 32.0 8849
1752811055695 32.0 8899
1752811064673 32.0 8949
1752811073665 32.0 8999
1752811096357 32.0 9041
1752811097385 32.0 9041
1752811099739 33.0 9049
1752811108727 33.0 9099
1752811117709 33.0 9149
1752811126722 33.0 9199
1752811135739 33.0 9249
1752811144732 33.0 9299
1752811162626 33.0 9315
1752811163357 33.0 9315
1752811170534 34.0 9349
1752811179515 34.0 9399
1752811188493 34.0 9449
1752811197492 34.0 9499
1752811206469 34.0 9549
1752811228908 34.0 9589
1752811230071 34.0 9589
1752811232815 35.0 9599
1752811241779 35.0 9649
1752811250743 35.0 9699
1752811259886 35.0 9749
1752811268943 35.0 9799
1752811277935 35.0 9849
1752811295905 35.0 9863
1752811296863 35.0 9863
1752811304232 36.0 9899
1752811313236 36.0 9949
1752811322225 36.0 9999
1752811331220 36.0 10049
1752811340191 36.0 10099
1752811362354 36.0 10137
1752811363222 36.0 10137
1752811366325 37.0 10149
1752811375302 37.0 10199
1752811384279 37.0 10249
1752811393307 37.0 10299
1752811402296 37.0 10349
1752811411298 37.0 10399
1752811428686 37.0 10411
1752811430708 37.0 10411
1752811438469 38.0 10449
1752811447446 38.0 10499
1752811456476 38.0 10549
1752811465477 38.0 10599
1752811474488 38.0 10649
1752811496247 38.0 10685
1752811498288 38.0 10685
1752811501719 39.0 10699
1752811510683 39.0 10749
1752811519689 39.0 10799
1752811528688 39.0 10849
1752811537686 39.0 10899
1752811546664 39.0 10949
1752811563691 39.0 10959
1752811564542 39.0 10959
1752811572657 40.0 10999
1752811581664 40.0 11049
1752811590648 40.0 11099
1752811599652 40.0 11149
1752811608676 40.0 11199
1752811630027 40.0 11233
1752811630972 40.0 11233
1752811634754 41.0 11249
1752811643775 41.0 11299
1752811652757 41.0 11349
1752811661762 41.0 11399
1752811670751 41.0 11449
1752811679742 41.0 11499
1752811696326 41.0 11507
1752811697183 41.0 11507
1752811705644 42.0 11549
1752811714662 42.0 11599
1752811723651 42.0 11649
1752811732638 42.0 11699
1752811741631 42.0 11749
1752811762635 42.0 11781
1752811763694 42.0 11781
1752811767863 43.0 11799
1752811776840 43.0 11849
1752811785826 43.0 11899
1752811794844 43.0 11949
1752811803817 43.0 11999
1752811812765 43.0 12049
1752811829132 43.0 12055
1752811831054 43.0 12055
1752811839895 44.0 12099
1752811848895 44.0 12149
1752811857903 44.0 12199
1752811866903 44.0 12249
1752811875893 44.0 12299
1752811896593 44.0 12329
1752811897639 44.0 12329
1752811902192 45.0 12349
1752811911180 45.0 12399
1752811920147 45.0 12449
1752811929160 45.0 12499
1752811938171 45.0 12549
1752811947130 45.0 12599
1752811963088 45.0 12603
1752811963937 45.0 12603
1752811973116 46.0 12649
1752811982100 46.0 12699
1752811991093 46.0 12749
1752812000091 46.0 12799
1752812009092 46.0 12849
1752812029302 46.0 12877
1752812030407 46.0 12877
1752812035294 47.0 12899
1752812044276 47.0 12949
1752812053265 47.0 12999
1752812062251 47.0 13049
1752812071228 47.0 13099
1752812080184 47.0 13149
1752812095837 47.0 13151
1752812096791 47.0 13151
1752812106370 48.0 13199
1752812115376 48.0 13249
1752812124396 48.0 13299
1752812133393 48.0 13349
1752812142386 48.0 13399
1752812162116 48.0 13425
1752812162957 48.0 13425
1752812168263 49.0 13449
1752812177262 49.0 13499
1752812186269 49.0 13549
1752812195270 49.0 13599
1752812204264 49.0 13649
1752812213215 49.0 13699
1752812229126 49.0 13699
1752812231014 49.0 13699
1752812240899 50.0 13749
1752812249889 50.0 13799
1752812258887 50.0 13849
1752812267870 50.0 13899
1752812276880 50.0 13949
1752812296289 50.0 13973
1752812298440 50.0 13973
1752812304080 51.0 13999
1752812313068 51.0 14049
1752812322055 51.0 14099
1752812331062 51.0 14149
1752812340061 51.0 14199
1752812363908 51.0 14247
1752812365747 51.0 14247
1752812367029 52.0 14249
1752812376036 52.0 14299
1752812385016 52.0 14349
1752812394030 52.0 14399
1752812403045 52.0 14449
1752812412044 52.0 14499
1752812431224 52.0 14521
1752812432045 52.0 14521
1752812438035 53.0 14549
1752812447026 53.0 14599
1752812456023 53.0 14649
1752812465032 53.0 14699
1752812474039 53.0 14749
1752812497568 53.0 14795
1752812498710 53.0 14795
1752812500321 54.0 14799
1752812509328 54.0 14849
1752812518312 54.0 14899
1752812527308 54.0 14949
1752812536304 54.0 14999
1752812545309 54.0 15049
1752812564582 54.0 15069
1752812565525 54.0 15069
1752812571819 55.0 15099
1752812580837 55.0 15149
1752812589825 55.0 15199
1752812598847 55.0 15249
1752812607843 55.0 15299
1752812631019 55.0 15343
1752812631765 55.0 15343
1752812633817 56.0 15349
1752812642809 56.0 15399
1752812651801 56.0 15449
1752812660804 56.0 15499
1752812669790 56.0 15549
1752812678795 56.0 15599
1752812697304 56.0 15617
1752812699197 56.0 15617
1752812705887 57.0 15649
1752812714887 57.0 15699
1752812723908 57.0 15749
1752812732913 57.0 15799
1752812741923 57.0 15849
1752812764653 57.0 15891
1752812765665 57.0 15891
1752812768075 58.0 15899
1752812777046 58.0 15949
1752812786038 58.0 15999
1752812795040 58.0 16049
1752812804026 58.0 16099
1752812813033 58.0 16149
1752812831190 58.0 16165
1752812832042 58.0 16165
1752812839101 59.0 16199
1752812848084 59.0 16249
1752812857059 59.0 16299
1752812866072 59.0 16349
1752812875071 59.0 16399
1752812897538 59.0 16439
1752812898399 59.0 16439
1752812901168 60.0 16449
1752812910163 60.0 16499
1752812919148 60.0 16549
1752812928146 60.0 16599
1752812937134 60.0 16649
1752812946127 60.0 16699
1752812963819 60.0 16713
1752812964743 60.0 16713
1752812972192 61.0 16749
1752812981185 61.0 16799
1752812990206 61.0 16849
1752812999191 61.0 16899
1752813008211 61.0 16949
1752813030706 61.0 16987
1752813031554 61.0 16987
1752813034680 62.0 16999
1752813043638 62.0 17049
1752813052638 62.0 17099
1752813061645 62.0 17149
1752813070641 62.0 17199
1752813079624 62.0 17249
1752813097070 62.0 17261
1752813097937 62.0 17261
1752813105710 63.0 17299
1752813114697 63.0 17349
1752813123680 63.0 17399
1752813132680 63.0 17449
1752813141687 63.0 17499
1752813163408 63.0 17535
1752813164321 63.0 17535
1752813167776 64.0 17549
1752813176780 64.0 17599
1752813185776 64.0 17649
1752813194777 64.0 17699
1752813203786 64.0 17749
1752813212799 64.0 17799
1752813229870 64.0 17809
1752813230723 64.0 17809
1752813238847 65.0 17849
1752813247848 65.0 17899
1752813256832 65.0 17949
1752813265839 65.0 17999
1752813274823 65.0 18049
1752813296091 65.0 18083
1752813297042 65.0 18083
1752813300869 66.0 18099
1752813309866 66.0 18149
1752813318843 66.0 18199
1752813327832 66.0 18249
1752813336832 66.0 18299
1752813345878 66.0 18349
1752813362546 66.0 18357
1752813364423 66.0 18357
1752813372938 67.0 18399
1752813381936 67.0 18449
1752813390958 67.0 18499
1752813399957 67.0 18549
1752813408955 67.0 18599
1752813429827 67.0 18631
1752813431737 67.0 18631
1752813435932 68.0 18649
1752813444909 68.0 18699
1752813453924 68.0 18749
1752813462906 68.0 18799
1752813471907 68.0 18849
1752813480871 68.0 18899
1752813497205 68.0 18905
1752813498251 68.0 18905
1752813507139 69.0 18949
1752813516120 69.0 18999
1752813525086 69.0 19049
1752813534071 69.0 19099
1752813543086 69.0 19149
1752813563749 69.0 19179
1752813564619 69.0 19179
1752813569098 70.0 19199
1752813578094 70.0 19249
1752813587092 70.0 19299
1752813596070 70.0 19349
1752813605067 70.0 19399
1752813614050 70.0 19449
1752813630076 70.0 19453
1752813630917 70.0 19453
1752813640123 71.0 19499
1752813649129 71.0 19549
1752813658136 71.0 19599
1752813667122 71.0 19649
1752813676141 71.0 19699
1752813696458 71.0 19727
1752813697321 71.0 19727
1752813702197 72.0 19749
1752813711194 72.0 19799
1752813720184 72.0 19849
1752813729175 72.0 19899
1752813738187 72.0 19949
1752813747159 72.0 19999
1752813762836 72.0 20001
1752813763687 72.0 20001
1752813773259 73.0 20049
1752813782307 73.0 20099
1752813791326 73.0 20149
1752813800317 73.0 20199
1752813809325 73.0 20249
1752813829095 73.0 20275
1752813830029 73.0 20275
1752813835300 74.0 20299
1752813844309 74.0 20349
1752813853302 74.0 20399
1752813862302 74.0 20449
1752813871305 74.0 20499
1752813880232 74.0 20549
1752813895575 74.0 20549
1752813896395 74.0 20549
1752813906298 75.0 20599
1752813915300 75.0 20649
1752813924266 75.0 20699
1752813933256 75.0 20749
1752813942276 75.0 20799
1752813961796 75.0 20823
1752813962647 75.0 20823
1752813968224 76.0 20849
1752813977232 76.0 20899
1752813986215 76.0 20949
1752813995205 76.0 20999
1752814004182 76.0 21049
1752814028320 76.0 21097
1752814029298 76.0 21097
1752814030622 77.0 21099
1752814039607 77.0 21149
1752814048637 77.0 21199
1752814057636 77.0 21249
1752814066622 77.0 21299
1752814075615 77.0 21349
1752814094831 77.0 21371
1752814096586 77.0 21371
1752814102572 78.0 21399
1752814111540 78.0 21449
1752814120534 78.0 21499
1752814129498 78.0 21549
1752814138498 78.0 21599
1752814162049 78.0 21645
1752814163930 78.0 21645
1752814165572 79.0 21649
1752814174564 79.0 21699
1752814183544 79.0 21749
1752814192537 79.0 21799
1752814201546 79.0 21849
1752814210532 79.0 21899
1752814229709 79.0 21919
1752814230692 79.0 21919
1752814237085 80.0 21949
1752814246091 80.0 21999
1752814255080 80.0 22049
1752814264038 80.0 22099
1752814273005 80.0 22149
1752814296179 80.0 22193
1752814297037 80.0 22193
1752814299063 81.0 22199
1752814308048 81.0 22249
1752814317039 81.0 22299
1752814326047 81.0 22349
1752814335060 81.0 22399
1752814344046 81.0 22449
1752814362503 81.0 22467
1752814364369 81.0 22467
1752814371068 82.0 22499
1752814380056 82.0 22549
1752814389040 82.0 22599
1752814398033 82.0 22649
1752814407017 82.0 22699
1752814429763 82.0 22741
1752814431556 82.0 22741
1752814433932 83.0 22749
1752814442932 83.0 22799
1752814451897 83.0 22849
1752814460920 83.0 22899
1752814469910 83.0 22949
1752814478939 83.0 22999
1752814496988 83.0 23015
1752814497972 83.0 23015
1752814505006 84.0 23049
1752814513992 84.0 23099
1752814522999 84.0 23149
1752814531983 84.0 23199
1752814540986 84.0 23249
1752814563268 84.0 23289
1752814565137 84.0 23289
1752814567883 85.0 23299
1752814576844 85.0 23349
1752814585846 85.0 23399
1752814594833 85.0 23449
1752814603835 85.0 23499
1752814612851 85.0 23549
1752814630579 85.0 23563
1752814631442 85.0 23563
1752814638818 86.0 23599
1752814647816 86.0 23649
1752814656815 86.0 23699
1752814665813 86.0 23749
1752814674828 86.0 23799
1752814696792 86.0 23837
1752814697771 86.0 23837
1752814700837 87.0 23849
1752814709811 87.0 23899
1752814718802 87.0 23949
1752814727746 87.0 23999
1752814736749 87.0 24049
1752814745753 87.0 24099
1752814763032 87.0 24111
1752814764868 87.0 24111
1752814772667 88.0 24149
1752814781655 88.0 24199
1752814790624 88.0 24249
1752814799653 88.0 24299
1752814808661 88.0 24349
1752814830263 88.0 24385
1752814831123 88.0 24385
1752814834576 89.0 24399
1752814843592 89.0 24449
1752814852591 89.0 24499
1752814861567 89.0 24549
1752814870577 89.0 24599
1752814879586 89.0 24649
1752814896584 89.0 24659
1752814897340 89.0 24659
1752814905417 90.0 24699
1752814914417 90.0 24749
1752814923417 90.0 24799
1752814932427 90.0 24849
1752814941469 90.0 24899
1752814963293 90.0 24933
1752814964260 90.0 24933
1752814968071 91.0 24949
1752814977060 91.0 24999
1752814986072 91.0 25049
1752814995077 91.0 25099
1752815004067 91.0 25149
1752815013053 91.0 25199
1752815029615 91.0 25207
1752815031470 91.0 25207
1752815039949 92.0 25249
1752815048929 92.0 25299
1752815057929 92.0 25349
1752815066910 92.0 25399
1752815075871 92.0 25449
1752815096835 92.0 25481
1752815097617 92.0 25481
1752815101863 93.0 25499
1752815110837 93.0 25549
1752815119805 93.0 25599
1752815128771 93.0 25649
1752815137762 93.0 25699
1752815146751 93.0 25749
1752815163214 93.0 25755
1752815164079 93.0 25755
1752815172904 94.0 25799
1752815181897 94.0 25849
1752815190908 94.0 25899
1752815199900 94.0 25949
1752815208887 94.0 25999
1752815229909 94.0 26029
1752815230875 94.0 26029
1752815235380 95.0 26049
1752815244388 95.0 26099
1752815253394 95.0 26149
1752815262385 95.0 26199
1752815271379 95.0 26249
1752815280341 95.0 26299
1752815296299 95.0 26303
1752815297149 95.0 26303
1752815306394 96.0 26349
1752815315402 96.0 26399
1752815324389 96.0 26449
1752815333388 96.0 26499
1752815342363 96.0 26549
1752815363106 96.0 26577
1752815364159 96.0 26577
1752815369014 97.0 26599
1752815378025 97.0 26649
1752815387007 97.0 26699
1752815395983 97.0 26749
1752815404978 97.0 26799
1752815413925 97.0 26849
1752815430076 97.0 26851
1752815430974 97.0 26851
1752815440544 98.0 26899
1752815449525 98.0 26949
1752815458503 98.0 26999
1752815467491 98.0 27049
1752815476497 98.0 27099
1752815496549 98.0 27125
1752815497402 98.0 27125
1752815502686 99.0 27149
1752815511690 99.0 27199
1752815520691 99.0 27249
1752815529707 99.0 27299
1752815538725 99.0 27349
1752815547660 99.0 27399
1752815562849 99.0 27399
1752815563834 99.0 27399
