1752808957863 7.357218265533447 273
1752809025234 5.297152519226074 547
1752809092286 5.101376056671143 821
1752809159395 4.516152858734131 1095
1752809226934 4.477509021759033 1369
1752809294231 4.152557373046875 1643
1752809360494 4.006875514984131 1917
1752809427884 4.074713706970215 2191
1752809494416 3.877203941345215 2465
1752809561752 3.9093449115753174 2739
1752809629332 3.8483338356018066 3013
1752809696700 3.719722032546997 3287
1752809762994 3.588300943374634 3561
1752809829340 3.649662733078003 3835
1752809895566 3.7337396144866943 4109
1752809962093 3.5288679599761963 4383
1752810028571 3.572739839553833 4657
1752810095593 3.498375654220581 4931
1752810163358 3.460167169570923 5205
1752810230785 3.3825900554656982 5479
1752810298056 3.3803582191467285 5753
1752810364473 3.368114948272705 6027
1752810430670 3.446561098098755 6301
1752810497634 3.2702324390411377 6575
1752810564213 3.181008815765381 6849
1752810630738 3.2743752002716064 7123
1752810696903 3.293348550796509 7397
1752810764034 3.1342155933380127 7671
1752810831386 3.1545863151550293 7945
1752810897563 3.14479398727417 8219
1752810964832 3.2602455615997314 8493
1752811031041 3.1463723182678223 8767
1752811097385 3.1226816177368164 9041
1752811163357 3.240091562271118 9315
1752811230071 3.0842208862304688 9589
1752811296863 3.012188673019409 9863
1752811363222 3.108375072479248 10137
1752811430708 2.966385841369629 10411
1752811498288 2.935572385787964 10685
1752811564542 3.0050930976867676 10959
1752811630972 2.9138102531433105 11233
1752811697183 2.994962692260742 11507
1752811763694 2.8400704860687256 11781
1752811831054 2.9100141525268555 12055
1752811897639 2.91127872467041 12329
1752811963937 2.8781814575195312 12603
1752812030407 2.7593495845794678 12877
1752812096791 2.9914324283599854 13151
1752812162957 2.83076810836792 13425
1752812231014 2.8284401893615723 13699
1752812298440 2.7220263481140137 13973
1752812365747 2.854635000228882 14247
1752812432045 2.7854671478271484 14521
1752812498710 2.8190224170684814 14795
1752812565525 2.7731475830078125 15069
1752812631765 2.7149200439453125 15343
1752812699197 2.69342303276062 15617
1752812765665 2.7832703590393066 15891
1752812832042 2.740699529647827 16165
1752812898399 2.7222740650177 16439
1752812964743 2.7824578285217285 16713
1752813031554 2.7121334075927734 16987
1752813097937 2.7160818576812744 17261
1752813164321 2.7407751083374023 17535
1752813230723 2.687547206878662 17809
1752813297042 2.675793409347534 18083
1752813364423 2.665755033493042 18357
1752813431737 2.6861791610717773 18631
1752813498251 2.664443254470825 18905
1752813564619 2.676417350769043 19179
1752813630917 2.694605588912964 19453
1752813697321 2.6191039085388184 19727
1752813763687 2.6137261390686035 20001
1752813830029 2.668665885925293 20275
1752813896395 2.5154597759246826 20549
1752813962647 2.5836331844329834 20823
1752814029298 2.5826938152313232 21097
1752814096586 2.59633731842041 21371
1752814163930 2.6297078132629395 21645
1752814230692 2.6421775817871094 21919
1752814297037 2.5754573345184326 22193
1752814364369 2.6382896900177 22467
1752814431556 2.6128745079040527 22741
1752814497972 2.566391706466675 23015
1752814565137 2.5656237602233887 23289
1752814631442 2.545628786087036 23563
1752814697771 2.4882822036743164 23837
1752814764868 2.5131382942199707 24111
1752814831123 2.493333339691162 24385
1752814897340 2.5041000843048096 24659
1752814964260 2.510263204574585 24933
1752815031470 2.6177148818969727 25207
1752815097617 2.516685724258423 25481
1752815164079 2.5657742023468018 25755
1752815230875 2.520564079284668 26029
1752815297149 2.552130699157715 26303
1752815364159 2.475745439529419 26577
1752815430974 2.4873480796813965 26851
1752815497402 2.5257740020751953 27125
1752815563834 2.529609441757202 27399
