1752808957863 20.508150100708008 273
1752809025234 19.932918548583984 547
1752809092286 19.113142013549805 821
1752809159395 18.14153289794922 1095
1752809226934 17.04242706298828 1369
1752809294231 15.892481803894043 1643
1752809360494 14.736424446105957 1917
1752809427884 13.520895004272461 2191
1752809494416 12.341238021850586 2465
1752809561752 11.164230346679688 2739
1752809629332 10.093611717224121 3013
1752809696700 9.03648853302002 3287
1752809762994 8.056723594665527 3561
1752809829340 7.138251781463623 3835
1752809895566 6.330625057220459 4109
1752809962093 5.555295944213867 4383
1752810028571 4.84193754196167 4657
1752810095593 4.224532604217529 4931
1752810163358 3.710773468017578 5205
1752810230785 3.2688515186309814 5479
1752810298056 2.8817851543426514 5753
1752810364473 2.5706348419189453 6027
1752810430670 2.3112030029296875 6301
1752810497634 2.0999841690063477 6575
1752810564213 1.9364851713180542 6849
1752810630738 1.8237972259521484 7123
1752810696903 1.714652419090271 7397
1752810764034 1.6535710096359253 7671
1752810831386 1.604674220085144 7945
1752810897563 1.5702478885650635 8219
1752810964832 1.5381007194519043 8493
1752811031041 1.5162988901138306 8767
1752811097385 1.3259044885635376 9041
1752811163357 1.3192845582962036 9315
1752811230071 1.3144973516464233 9589
1752811296863 1.317334771156311 9863
1752811363222 1.326572060585022 10137
1752811430708 1.3192999362945557 10411
1752811498288 1.3385835886001587 10685
1752811564542 1.335715651512146 10959
1752811630972 1.339322805404663 11233
1752811697183 1.3607912063598633 11507
1752811763694 1.3625469207763672 11781
1752811831054 1.3630268573760986 12055
1752811897639 1.3708916902542114 12329
1752811963937 1.3671858310699463 12603
1752812030407 1.3742581605911255 12877
1752812096791 1.375372052192688 13151
1752812162957 1.3914278745651245 13425
1752812231014 1.3968852758407593 13699
1752812298440 1.396265983581543 13973
1752812365747 1.4003217220306396 14247
1752812432045 1.4086120128631592 14521
1752812498710 1.4105839729309082 14795
1752812565525 1.4112744331359863 15069
1752812631765 1.4190222024917603 15343
1752812699197 1.415219783782959 15617
1752812765665 1.424233078956604 15891
1752812832042 1.4350463151931763 16165
1752812898399 1.4228079319000244 16439
1752812964743 1.4410126209259033 16713
1752813031554 1.4426391124725342 16987
1752813097937 1.445041537284851 17261
1752813164321 1.4548721313476562 17535
1752813230723 1.4467780590057373 17809
1752813297042 1.4601480960845947 18083
1752813364423 1.4618679285049438 18357
1752813431737 1.442494511604309 18631
1752813498251 1.4638320207595825 18905
1752813564619 1.4760327339172363 19179
1752813630917 1.4637302160263062 19453
1752813697321 1.469655156135559 19727
1752813763687 1.477705955505371 20001
1752813830029 1.4939912557601929 20275
1752813896395 1.4813942909240723 20549
1752813962647 1.4891489744186401 20823
1752814029298 1.5002669095993042 21097
1752814096586 1.4954757690429688 21371
1752814163930 1.5126910209655762 21645
1752814230692 1.511823296546936 21919
1752814297037 1.4998438358306885 22193
1752814364369 1.4939539432525635 22467
1752814431556 1.5159378051757812 22741
1752814497972 1.5152286291122437 23015
1752814565137 1.523639440536499 23289
1752814631442 1.5190260410308838 23563
1752814697771 1.5097728967666626 23837
1752814764868 1.5181360244750977 24111
1752814831123 1.522194266319275 24385
1752814897340 1.5320515632629395 24659
1752814964260 1.5317529439926147 24933
1752815031470 1.5333423614501953 25207
1752815097617 1.5374689102172852 25481
1752815164079 1.5448048114776611 25755
1752815230875 1.5446518659591675 26029
1752815297149 1.5458530187606812 26303
1752815364159 1.5481597185134888 26577
1752815430974 1.550423502922058 26851
1752815497402 1.5588982105255127 27125
1752815563834 1.5616331100463867 27399
