1752808957863 3.05816912651062 273
1752809025234 2.2011032104492188 547
1752809092286 2.1470000743865967 821
1752809159395 2.0744361877441406 1095
1752809226934 2.0749101638793945 1369
1752809294231 1.9600892066955566 1643
1752809360494 1.889145016670227 1917
1752809427884 1.9518065452575684 2191
1752809494416 1.87323796749115 2465
1752809561752 1.8669627904891968 2739
1752809629332 1.8153021335601807 3013
1752809696700 1.7983462810516357 3287
1752809762994 1.784178376197815 3561
1752809829340 1.8104000091552734 3835
1752809895566 1.7927284240722656 4109
1752809962093 1.747947096824646 4383
1752810028571 1.7503515481948853 4657
1752810095593 1.700256586074829 4931
1752810163358 1.6869831085205078 5205
1752810230785 1.6524039506912231 5479
1752810298056 1.6393167972564697 5753
1752810364473 1.643799066543579 6027
1752810430670 1.6162402629852295 6301
1752810497634 1.60407292842865 6575
1752810564213 1.5784783363342285 6849
1752810630738 1.5619593858718872 7123
1752810696903 1.5574111938476562 7397
1752810764034 1.5174938440322876 7671
1752810831386 1.542003870010376 7945
1752810897563 1.5146783590316772 8219
1752810964832 1.5092411041259766 8493
1752811031041 1.4937273263931274 8767
1752811097385 1.4493976831436157 9041
1752811163357 1.4340603351593018 9315
1752811230071 1.4245455265045166 9589
1752811296863 1.4148348569869995 9863
1752811363222 1.3990936279296875 10137
1752811430708 1.3823235034942627 10411
1752811498288 1.3737609386444092 10685
1752811564542 1.3687429428100586 10959
1752811630972 1.347322702407837 11233
1752811697183 1.3380897045135498 11507
1752811763694 1.317603349685669 11781
1752811831054 1.3124542236328125 12055
1752811897639 1.310490369796753 12329
1752811963937 1.2913800477981567 12603
1752812030407 1.2750853300094604 12877
1752812096791 1.302707552909851 13151
1752812162957 1.288003921508789 13425
1752812231014 1.2593928575515747 13699
1752812298440 1.2515428066253662 13973
1752812365747 1.2601226568222046 14247
1752812432045 1.2407230138778687 14521
1752812498710 1.224077582359314 14795
1752812565525 1.2264615297317505 15069
1752812631765 1.2115588188171387 15343
1752812699197 1.2150332927703857 15617
1752812765665 1.212165355682373 15891
1752812832042 1.2150144577026367 16165
1752812898399 1.1824743747711182 16439
1752812964743 1.1926511526107788 16713
1752813031554 1.2195466756820679 16987
1752813097937 1.1916357278823853 17261
1752813164321 1.1876684427261353 17535
1752813230723 1.1838053464889526 17809
1752813297042 1.1619980335235596 18083
1752813364423 1.1718871593475342 18357
1752813431737 1.1907739639282227 18631
1752813498251 1.154761791229248 18905
1752813564619 1.1645724773406982 19179
1752813630917 1.1817303895950317 19453
1752813697321 1.1504875421524048 19727
1752813763687 1.1671675443649292 20001
1752813830029 1.152874231338501 20275
1752813896395 1.1463027000427246 20549
1752813962647 1.1481157541275024 20823
1752814029298 1.1603790521621704 21097
1752814096586 1.1648516654968262 21371
1752814163930 1.1553895473480225 21645
1752814230692 1.1415119171142578 21919
1752814297037 1.1485705375671387 22193
1752814364369 1.1475045680999756 22467
1752814431556 1.1372591257095337 22741
1752814497972 1.1261440515518188 23015
1752814565137 1.1155513525009155 23289
1752814631442 1.1016932725906372 23563
1752814697771 1.1371638774871826 23837
1752814764868 1.10132896900177 24111
1752814831123 1.1213266849517822 24385
1752814897340 1.1295140981674194 24659
1752814964260 1.1001322269439697 24933
1752815031470 1.1191065311431885 25207
1752815097617 1.1036180257797241 25481
1752815164079 1.1367515325546265 25755
1752815230875 1.1040078401565552 26029
1752815297149 1.1147027015686035 26303
1752815364159 1.1010202169418335 26577
1752815430974 1.092745304107666 26851
1752815497402 1.0892844200134277 27125
1752815563834 1.0983268022537231 27399
