1752808957863 0.0941568985581398 273
1752809025234 0.06174398586153984 547
1752809092286 0.05919041484594345 821
1752809159395 0.05252692848443985 1095
1752809226934 0.05162716656923294 1369
1752809294231 0.04804302752017975 1643
1752809360494 0.04616466537117958 1917
1752809427884 0.04655894264578819 2191
1752809494416 0.04427144303917885 2465
1752809561752 0.044434551149606705 2739
1752809629332 0.0436210073530674 3013
1752809696700 0.042196668684482574 3287
1752809762994 0.04078153148293495 3561
1752809829340 0.04136822745203972 3835
1752809895566 0.04211492836475372 4109
1752809962093 0.04002133384346962 4383
1752810028571 0.04041878134012222 4657
1752810095593 0.039602022618055344 4931
1752810163358 0.03913966566324234 5205
1752810230785 0.03828968107700348 5479
1752810298056 0.03822670131921768 5753
1752810364473 0.03808402270078659 6027
1752810430670 0.0387912392616272 6301
1752810497634 0.036999210715293884 6575
1752810564213 0.036042191088199615 6849
1752810630738 0.036941055208444595 7123
1752810696903 0.03713879734277725 7397
1752810764034 0.03549927473068237 7671
1752810831386 0.03565791994333267 7945
1752810897563 0.0355616919696331 8219
1752810964832 0.0366809144616127 8493
1752811031041 0.03553388640284538 8767
1752811097385 0.03527422621846199 9041
1752811163357 0.03642769530415535 9315
1752811230071 0.034850165247917175 9589
1752811296863 0.034083422273397446 9863
1752811363222 0.035052746534347534 10137
1752811430708 0.03359687700867653 10411
1752811498288 0.03326820954680443 10685
1752811564542 0.03397862985730171 10959
1752811630972 0.03302975744009018 11233
1752811697183 0.033852770924568176 11507
1752811763694 0.03226042911410332 11781
1752811831054 0.0329369492828846 12055
1752811897639 0.0329967699944973 12329
1752811963937 0.032632939517498016 12603
1752812030407 0.03139288350939751 12877
1752812096791 0.03378840908408165 13151
1752812162957 0.032144103199243546 13425
1752812231014 0.03208812326192856 13699
1752812298440 0.030976392328739166 13973
1752812365747 0.03235475718975067 14247
1752812432045 0.03164120018482208 14521
1752812498710 0.03193304315209389 14795
1752812565525 0.03150217607617378 15069
1752812631765 0.03083554096519947 15343
1752812699197 0.030648376792669296 15617
1752812765665 0.03153787925839424 15891
1752812832042 0.031098254024982452 16165
1752812898399 0.030908208340406418 16439
1752812964743 0.03148612007498741 16713
1752813031554 0.03080938570201397 16987
1752813097937 0.030835116282105446 17261
1752813164321 0.031054357066750526 17535
1752813230723 0.030534880235791206 17809
1752813297042 0.030395042151212692 18083
1752813364423 0.03030073270201683 18357
1752813431737 0.03053971379995346 18631
1752813498251 0.0302423182874918 18905
1752813564619 0.030373750254511833 19179
1752813630917 0.030585212633013725 19453
1752813697321 0.029793670400977135 19727
1752813763687 0.0297646876424551 20001
1752813830029 0.030302565544843674 20275
1752813896395 0.028702370822429657 20549
1752813962647 0.029406731948256493 20823
1752814029298 0.029385128989815712 21097
1752814096586 0.029522061347961426 21371
1752814163930 0.029842602089047432 21645
1752814230692 0.02993849292397499 21919
1752814297037 0.029298705980181694 22193
1752814364369 0.029932495206594467 22467
1752814431556 0.029672883450984955 22741
1752814497972 0.029165536165237427 23015
1752814565137 0.029150662943720818 23289
1752814631442 0.028922531753778458 23563
1752814697771 0.02836471050977707 23837
1752814764868 0.028595706447958946 24111
1752814831123 0.02840815670788288 24385
1752814897340 0.02850702591240406 24659
1752814964260 0.02857009507715702 24933
1752815031470 0.029673652723431587 25207
1752815097617 0.028604581952095032 25481
1752815164079 0.029124166816473007 25755
1752815230875 0.028666043654084206 26029
1752815297149 0.028997495770454407 26303
1752815364159 0.028161458671092987 26577
1752815430974 0.028285082429647446 26851
1752815497402 0.028657902032136917 27125
1752815563834 0.02872181311249733 27399
