1752808957863 223.09878540039062 273
1752809025234 211.3423614501953 547
1752809092286 200.19830322265625 821
1752809159395 188.84744262695312 1095
1752809226934 176.9432373046875 1369
1752809294231 164.6793670654297 1643
1752809360494 152.5596160888672 1917
1752809427884 140.75534057617188 2191
1752809494416 129.2307586669922 2465
1752809561752 118.08304595947266 2739
1752809629332 107.40388488769531 3013
1752809696700 97.3766860961914 3287
1752809762994 87.9770278930664 3561
1752809829340 79.34392547607422 3835
1752809895566 71.33527374267578 4109
1752809962093 63.70570373535156 4383
1752810028571 56.84770965576172 4657
1752810095593 50.88490676879883 4931
1752810163358 45.77840805053711 5205
1752810230785 41.458927154541016 5479
1752810298056 37.93529510498047 5753
1752810364473 35.021217346191406 6027
1752810430670 32.65126419067383 6301
1752810497634 30.751571655273438 6575
1752810564213 29.1800537109375 6849
1752810630738 27.91769027709961 7123
1752810696903 26.958599090576172 7397
1752810764034 26.195398330688477 7671
1752810831386 25.559843063354492 7945
1752810897563 25.095911026000977 8219
1752810964832 24.681781768798828 8493
1752811031041 24.360240936279297 8767
1752811097385 24.1925048828125 9041
1752811163357 23.951557159423828 9315
1752811230071 23.738340377807617 9589
1752811296863 23.54718780517578 9863
1752811363222 23.3597354888916 10137
1752811430708 23.21504783630371 10411
1752811498288 23.044036865234375 10685
1752811564542 22.90161895751953 10959
1752811630972 22.77777099609375 11233
1752811697183 22.651569366455078 11507
1752811763694 22.533916473388672 11781
1752811831054 22.43102264404297 12055
1752811897639 22.344890594482422 12329
1752811963937 22.264657974243164 12603
1752812030407 22.1694278717041 12877
1752812096791 22.093975067138672 13151
1752812162957 22.002758026123047 13425
1752812231014 21.928794860839844 13699
1752812298440 21.88743782043457 13973
1752812365747 21.818754196166992 14247
1752812432045 21.76016616821289 14521
1752812498710 21.695932388305664 14795
1752812565525 21.655189514160156 15069
1752812631765 21.598398208618164 15343
1752812699197 21.548355102539062 15617
1752812765665 21.505706787109375 15891
1752812832042 21.451190948486328 16165
1752812898399 21.433452606201172 16439
1752812964743 21.364587783813477 16713
1752813031554 21.3291072845459 16987
1752813097937 21.287261962890625 17261
1752813164321 21.283645629882812 17535
1752813230723 21.247329711914062 17809
1752813297042 21.20168685913086 18083
1752813364423 21.180387496948242 18357
1752813431737 21.191991806030273 18631
1752813498251 21.13401985168457 18905
1752813564619 21.104734420776367 19179
1752813630917 21.09575080871582 19453
1752813697321 21.08148193359375 19727
1752813763687 21.042078018188477 20001
1752813830029 21.015169143676758 20275
1752813896395 21.01946449279785 20549
1752813962647 20.974523544311523 20823
1752814029298 20.948205947875977 21097
1752814096586 20.94533348083496 21371
1752814163930 20.913467407226562 21645
1752814230692 20.905181884765625 21919
1752814297037 20.8968505859375 22193
1752814364369 20.906951904296875 22467
1752814431556 20.851886749267578 22741
1752814497972 20.861194610595703 23015
1752814565137 20.8236026763916 23289
1752814631442 20.82154655456543 23563
1752814697771 20.83513641357422 23837
1752814764868 20.804641723632812 24111
1752814831123 20.804040908813477 24385
1752814897340 20.758495330810547 24659
1752814964260 20.765718460083008 24933
1752815031470 20.75381088256836 25207
1752815097617 20.73990821838379 25481
1752815164079 20.716787338256836 25755
1752815230875 20.717954635620117 26029
1752815297149 20.692869186401367 26303
1752815364159 20.70430564880371 26577
1752815430974 20.680776596069336 26851
1752815497402 20.673904418945312 27125
1752815563834 20.656652450561523 27399
