1752808900741 2.145353317260742 49
1752808909665 1.963215947151184 99
1752808918582 2.3117966651916504 149
1752808927542 2.6292710304260254 199
1752808936458 1.8483037948608398 249
1752808963436 2.6671345233917236 299
1752808972384 2.5501670837402344 349
1752808981331 2.1244258880615234 399
1752808990285 1.9107654094696045 449
1752808999243 1.7631933689117432 499
1752809026534 2.1636035442352295 549
1752809035498 2.094684362411499 599
1752809044462 2.407766342163086 649
1752809053455 2.3375208377838135 699
1752809062437 2.154520034790039 749
1752809071420 2.2369384765625 799
1752809098245 2.3083462715148926 849
1752809107223 2.0906248092651367 899
1752809116214 1.9561846256256104 949
1752809125169 2.014878273010254 999
1752809134134 2.168341875076294 1049
1752809161059 1.7412645816802979 1099
1752809170021 1.8413569927215576 1149
1752809178999 1.7070399522781372 1199
1752809187965 2.180112361907959 1249
1752809196952 1.9500410556793213 1299
1752809205913 1.8258535861968994 1349
1752809233246 1.6425904035568237 1399
1752809242236 2.0474448204040527 1449
1752809251199 2.029543876647949 1499
1752809260175 1.5506939888000488 1549
1752809269163 2.3275487422943115 1599
1752809296258 1.8728721141815186 1649
1752809305219 1.819737195968628 1699
1752809314187 2.1899843215942383 1749
1752809323155 2.0978949069976807 1799
1752809332144 1.8029347658157349 1849
1752809341133 1.3530040979385376 1899
1752809367174 2.242143154144287 1949
1752809376159 2.11659574508667 1999
1752809385134 2.3614978790283203 2049
1752809394126 1.9264986515045166 2099
1752809403111 2.2166905403137207 2149
1752809430250 1.94098961353302 2199
1752809439239 1.797680139541626 2249
1752809448226 1.9663105010986328 2299
1752809457215 1.7685551643371582 2349
1752809466206 2.2310571670532227 2399
1752809475197 1.7599258422851562 2449
1752809501489 1.8587069511413574 2499
1752809510490 2.046142339706421 2549
1752809519441 1.7497469186782837 2599
1752809528404 1.5745584964752197 2649
1752809537391 1.6374093294143677 2699
1752809564529 1.5569336414337158 2749
1752809573489 1.7479408979415894 2799
1752809582497 1.9289929866790771 2849
1752809591476 2.068415641784668 2899
1752809600444 2.3531994819641113 2949
1752809609449 1.895845890045166 2999
1752809636729 1.9461698532104492 3049
1752809645724 1.6219351291656494 3099
1752809654700 1.7271442413330078 3149
1752809663684 1.7220414876937866 3199
1752809672671 1.769929051399231 3249
1752809699852 1.873938798904419 3299
1752809708815 1.792795181274414 3349
1752809717783 1.7251694202423096 3399
1752809726786 1.829304575920105 3449
1752809735781 1.8242237567901611 3499
1752809744791 1.6464829444885254 3549
1752809770777 2.4774422645568848 3599
1752809779735 1.6237165927886963 3649
1752809788712 2.3289613723754883 3699
1752809797727 1.8405838012695312 3749
1752809806717 1.6898218393325806 3799
1752809832782 1.8923776149749756 3849
1752809841745 1.5354148149490356 3899
1752809850726 1.423125147819519 3949
1752809859728 2.1169614791870117 3999
1752809868716 2.0282645225524902 4049
1752809877708 1.8183375597000122 4099
1752809903655 1.7978754043579102 4149
1752809912651 1.4908301830291748 4199
1752809921660 1.7527399063110352 4249
1752809930643 1.4563424587249756 4299
1752809939620 1.9365499019622803 4349
1752809965902 2.1117236614227295 4399
1752809974890 1.6619598865509033 4449
1752809983875 1.5331947803497314 4499
1752809992901 2.0146799087524414 4549
1752810001903 1.6423115730285645 4599
1752810010888 1.4373854398727417 4649
1752810037021 1.766084909439087 4699
1752810046003 1.873863697052002 4749
1752810055003 1.5504354238510132 4799
1752810063950 1.9090138673782349 4849
1752810072930 1.6162819862365723 4899
1752810099783 1.7316557168960571 4949
1752810108783 1.4527710676193237 4999
1752810117761 1.3499939441680908 5049
1752810126729 1.4714126586914062 5099
1752810135722 1.5227186679840088 5149
1752810144715 1.2802001237869263 5199
1752810172136 1.3366574048995972 5249
1752810181139 1.8089478015899658 5299
1752810190162 1.4566601514816284 5349
1752810199159 1.8087291717529297 5399
1752810208164 1.3132140636444092 5449
1752810235315 1.574816346168518 5499
1752810244294 1.3525331020355225 5549
1752810253296 1.1990903615951538 5599
1752810262292 1.7181400060653687 5649
1752810271260 1.5582783222198486 5699
1752810280220 1.2450251579284668 5749
1752810307268 1.0876082181930542 5799
1752810316228 1.7799913883209229 5849
1752810325232 1.7260866165161133 5899
1752810334233 1.680812954902649 5949
1752810343247 1.8300018310546875 5999
1752810369410 1.6497418880462646 6049
1752810378421 1.5558886528015137 6099
1752810387379 1.699735164642334 6149
1752810396384 2.015706777572632 6199
1752810405366 1.5768893957138062 6249
1752810414307 1.5132536888122559 6299
1752810440220 1.5570311546325684 6349
1752810449199 1.537467360496521 6399
1752810458180 1.741224765777588 6449
1752810467188 1.6298905611038208 6499
1752810476169 1.4945820569992065 6549
1752810502885 1.4190945625305176 6599
1752810511868 1.3957767486572266 6649
1752810520843 1.745671272277832 6699
1752810529812 1.2709490060806274 6749
1752810538777 1.7832233905792236 6799
1752810547696 1.8673439025878906 6849
1752810574151 1.3516095876693726 6899
1752810583132 1.249198079109192 6949
1752810592103 1.5583895444869995 6999
1752810601103 1.3980258703231812 7049
1752810610107 1.4876365661621094 7099
1752810636316 1.7832835912704468 7149
1752810645315 1.5458674430847168 7199
1752810654299 1.454843282699585 7249
1752810663287 1.7217837572097778 7299
1752810672276 1.5920002460479736 7349
1752810698186 1.409669280052185 7399
1752810707203 1.6645212173461914 7449
1752810716186 1.4709917306900024 7499
1752810725214 1.513615369796753 7549
1752810734223 1.997734785079956 7599
1752810743218 1.4699809551239014 7649
1752810770018 1.7168166637420654 7699
1752810779019 1.2900657653808594 7749
1752810787992 1.8099074363708496 7799
1752810796988 1.3148689270019531 7849
1752810805984 1.3779085874557495 7899
1752810833081 1.8462028503417969 7949
1752810842076 1.4690701961517334 7999
1752810851065 1.4909965991973877 8049
1752810860068 1.6895800828933716 8099
1752810869058 1.699021577835083 8149
1752810878005 1.8499042987823486 8199
1752810903894 1.8120485544204712 8249
1752810912887 1.9148571491241455 8299
1752810921867 1.226102352142334 8349
1752810930839 1.7883265018463135 8399
1752810939827 1.272322177886963 8449
1752810966895 1.482953429222107 8499
1752810975901 1.571028709411621 8549
1752810984882 1.9335908889770508 8599
1752810993842 1.4496409893035889 8649
1752811002842 1.6643123626708984 8699
1752811011825 1.5916967391967773 8749
1752811037713 1.7317960262298584 8799
1752811046701 2.151318073272705 8849
1752811055695 1.394264817237854 8899
1752811064673 1.3440821170806885 8949
1752811073665 1.266648292541504 8999
1752811099739 1.3380948305130005 9049
1752811108727 1.1015644073486328 9099
1752811117709 1.412654161453247 9149
1752811126722 1.3033490180969238 9199
1752811135739 1.142035961151123 9249
1752811144732 1.8598031997680664 9299
1752811170534 1.4498019218444824 9349
1752811179515 1.5123145580291748 9399
1752811188493 1.3009791374206543 9449
1752811197492 1.2462128400802612 9499
1752811206469 1.012182593345642 9549
1752811232815 1.3717397451400757 9599
1752811241779 1.3098912239074707 9649
1752811250743 1.3767428398132324 9699
1752811259886 1.4545015096664429 9749
1752811268943 1.8444139957427979 9799
1752811277935 1.2584035396575928 9849
1752811304232 1.1584047079086304 9899
1752811313236 1.9524290561676025 9949
1752811322225 1.3715370893478394 9999
1752811331220 1.2933313846588135 10049
1752811340191 1.107818841934204 10099
1752811366325 1.621311902999878 10149
1752811375302 1.6937538385391235 10199
1752811384279 1.2039341926574707 10249
1752811393307 1.2431764602661133 10299
1752811402296 1.5553340911865234 10349
1752811411298 1.2218551635742188 10399
1752811438469 1.3864997625350952 10449
1752811447446 1.7609729766845703 10499
1752811456476 1.3169472217559814 10549
1752811465477 1.5179147720336914 10599
1752811474488 1.7438421249389648 10649
1752811501719 1.3412237167358398 10699
1752811510683 1.4445507526397705 10749
1752811519689 1.783804178237915 10799
1752811528688 1.1554725170135498 10849
1752811537686 0.9688774347305298 10899
1752811546664 0.9953047037124634 10949
1752811572657 1.208524465560913 10999
1752811581664 1.5566904544830322 11049
1752811590648 1.3296488523483276 11099
1752811599652 1.5098403692245483 11149
1752811608676 1.5348869562149048 11199
1752811634754 1.2121601104736328 11249
1752811643775 1.598203182220459 11299
1752811652757 1.3492034673690796 11349
1752811661762 1.1336935758590698 11399
1752811670751 1.0452159643173218 11449
1752811679742 1.103375792503357 11499
1752811705644 2.0202291011810303 11549
1752811714662 1.3695138692855835 11599
1752811723651 1.65873122215271 11649
1752811732638 1.1299622058868408 11699
1752811741631 1.0166130065917969 11749
1752811767863 1.6125736236572266 11799
1752811776840 1.3500094413757324 11849
1752811785826 1.3008004426956177 11899
1752811794844 1.4038960933685303 11949
1752811803817 1.4767022132873535 11999
1752811812765 1.0111395120620728 12049
1752811839895 1.2442092895507812 12099
1752811848895 1.551297664642334 12149
1752811857903 1.037597894668579 12199
1752811866903 1.334519386291504 12249
1752811875893 1.2058143615722656 12299
1752811902192 1.178208351135254 12349
1752811911180 1.4308056831359863 12399
1752811920147 1.386462688446045 12449
1752811929160 1.5659918785095215 12499
1752811938171 1.4999525547027588 12549
1752811947130 1.4417107105255127 12599
1752811973116 1.449603796005249 12649
1752811982100 1.0718134641647339 12699
1752811991093 1.5527433156967163 12749
1752812000091 1.8418521881103516 12799
1752812009092 1.3363397121429443 12849
1752812035294 1.0751042366027832 12899
1752812044276 1.3012588024139404 12949
1752812053265 0.9789078235626221 12999
1752812062251 1.318332552909851 13049
1752812071228 1.7223550081253052 13099
1752812080184 1.3372259140014648 13149
1752812106370 0.8480911254882812 13199
1752812115376 1.5115851163864136 13249
1752812124396 1.337744951248169 13299
1752812133393 1.491592288017273 13349
1752812142386 1.2487915754318237 13399
1752812168263 1.2090957164764404 13449
1752812177262 1.5265517234802246 13499
1752812186269 1.4553526639938354 13549
1752812195270 1.2415945529937744 13599
1752812204264 1.5922183990478516 13649
1752812213215 1.2644224166870117 13699
1752812240899 1.3021334409713745 13749
1752812249889 1.1505589485168457 13799
1752812258887 1.1066972017288208 13849
1752812267870 1.3137853145599365 13899
1752812276880 1.2553573846817017 13949
1752812304080 1.1496580839157104 13999
1752812313068 1.1450004577636719 14049
1752812322055 1.4077746868133545 14099
1752812331062 1.0554835796356201 14149
1752812340061 1.2736132144927979 14199
1752812367029 1.5668812990188599 14249
1752812376036 1.3194078207015991 14299
1752812385016 1.3319599628448486 14349
1752812394030 0.8934839963912964 14399
1752812403045 0.9938642382621765 14449
1752812412044 1.2037715911865234 14499
1752812438035 1.0443822145462036 14549
1752812447026 1.7413825988769531 14599
1752812456023 1.329235315322876 14649
1752812465032 1.0453397035598755 14699
1752812474039 1.0994057655334473 14749
1752812500321 1.2173388004302979 14799
1752812509328 1.195882797241211 14849
1752812518312 1.4633995294570923 14899
1752812527308 1.0468851327896118 14949
1752812536304 1.3764495849609375 14999
1752812545309 1.0256946086883545 15049
1752812571819 1.3724433183670044 15099
1752812580837 1.1612472534179688 15149
1752812589825 0.9608614444732666 15199
1752812598847 1.516292691230774 15249
1752812607843 1.2368476390838623 15299
1752812633817 1.3902482986450195 15349
1752812642809 1.4749610424041748 15399
1752812651801 1.2501922845840454 15449
1752812660804 0.9710960984230042 15499
1752812669790 0.9617955684661865 15549
1752812678795 1.0764158964157104 15599
1752812705887 1.3929346799850464 15649
1752812714887 0.7714785933494568 15699
1752812723908 1.4382860660552979 15749
1752812732913 1.0976781845092773 15799
1752812741923 1.2509766817092896 15849
1752812768075 1.4227993488311768 15899
1752812777046 1.4151864051818848 15949
1752812786038 1.2631700038909912 15999
1752812795040 0.8753247261047363 16049
1752812804026 0.9592807292938232 16099
1752812813033 1.2351958751678467 16149
1752812839101 1.0133241415023804 16199
1752812848084 1.3674919605255127 16249
1752812857059 1.0327928066253662 16299
1752812866072 1.234729528427124 16349
1752812875071 1.0909030437469482 16399
1752812901168 1.2059087753295898 16449
1752812910163 1.1295735836029053 16499
1752812919148 1.2340235710144043 16549
1752812928146 1.2896027565002441 16599
1752812937134 1.5041208267211914 16649
1752812946127 1.2718929052352905 16699
1752812972192 0.8303737044334412 16749
1752812981185 1.1251144409179688 16799
1752812990206 1.4047350883483887 16849
1752812999191 1.2401832342147827 16899
1752813008211 0.9905841946601868 16949
1752813034680 0.9891620874404907 16999
1752813043638 1.3758643865585327 17049
1752813052638 1.0176479816436768 17099
1752813061645 1.2998812198638916 17149
1752813070641 1.576993703842163 17199
1752813079624 1.0044701099395752 17249
1752813105710 1.2153416872024536 17299
1752813114697 1.6478527784347534 17349
1752813123680 1.626712679862976 17399
1752813132680 1.0148987770080566 17449
1752813141687 1.5945260524749756 17499
1752813167776 1.531808614730835 17549
1752813176780 0.9021592140197754 17599
1752813185776 1.5399229526519775 17649
1752813194777 1.153212547302246 17699
1752813203786 1.0185775756835938 17749
1752813212799 1.333463430404663 17799
1752813238847 1.5079717636108398 17849
1752813247848 1.2039686441421509 17899
1752813256832 1.1535885334014893 17949
1752813265839 1.4252170324325562 17999
1752813274823 1.5516905784606934 18049
1752813300869 1.186832308769226 18099
1752813309866 1.0919415950775146 18149
1752813318843 1.2641730308532715 18199
1752813327832 1.1089485883712769 18249
1752813336832 1.266451358795166 18299
1752813345878 1.223425030708313 18349
1752813372938 1.6870293617248535 18399
1752813381936 1.2136335372924805 18449
1752813390958 1.1290605068206787 18499
1752813399957 1.3994219303131104 18549
1752813408955 1.0846474170684814 18599
1752813435932 0.6910779476165771 18649
1752813444909 1.5239930152893066 18699
1752813453924 1.0083520412445068 18749
1752813462906 0.9044892191886902 18799
1752813471907 1.2542293071746826 18849
1752813480871 1.4806108474731445 18899
1752813507139 1.4406660795211792 18949
1752813516120 1.2510452270507812 18999
1752813525086 1.0458487272262573 19049
1752813534071 1.0762946605682373 19099
1752813543086 1.2291321754455566 19149
1752813569098 0.9091151356697083 19199
1752813578094 1.5250096321105957 19249
1752813587092 1.2125812768936157 19299
1752813596070 0.9316220879554749 19349
1752813605067 0.9622780084609985 19399
1752813614050 1.419385313987732 19449
1752813640123 0.9113539457321167 19499
1752813649129 0.8783132433891296 19549
1752813658136 0.9210418462753296 19599
1752813667122 1.153502106666565 19649
1752813676141 1.3566919565200806 19699
1752813702197 1.1023873090744019 19749
1752813711194 1.3194622993469238 19799
1752813720184 1.1171982288360596 19849
1752813729175 1.398744821548462 19899
1752813738187 0.9712920188903809 19949
1752813747159 1.6305468082427979 19999
1752813773259 1.1206520795822144 20049
1752813782307 1.059287190437317 20099
1752813791326 1.0913424491882324 20149
1752813800317 1.328603982925415 20199
1752813809325 1.2371684312820435 20249
1752813835300 0.8396557569503784 20299
1752813844309 1.160949468612671 20349
1752813853302 1.1751656532287598 20399
1752813862302 0.8324396014213562 20449
1752813871305 0.8825405836105347 20499
1752813880232 1.4066555500030518 20549
1752813906298 1.1032600402832031 20599
1752813915300 1.217989206314087 20649
1752813924266 1.292191505432129 20699
1752813933256 1.0570125579833984 20749
1752813942276 0.8383426666259766 20799
1752813968224 1.2161895036697388 20849
1752813977232 1.0645043849945068 20899
1752813986215 1.2388429641723633 20949
1752813995205 1.2357780933380127 20999
1752814004182 1.2840715646743774 21049
1752814030622 1.4810588359832764 21099
1752814039607 0.6926724910736084 21149
1752814048637 1.6754266023635864 21199
1752814057636 1.2366610765457153 21249
1752814066622 0.9591209292411804 21299
1752814075615 1.543587327003479 21349
1752814102572 1.175471305847168 21399
1752814111540 0.8186163902282715 21449
1752814120534 1.3551772832870483 21499
1752814129498 1.115800380706787 21549
1752814138498 1.120786428451538 21599
1752814165572 1.1093780994415283 21649
1752814174564 1.1930582523345947 21699
1752814183544 1.504490613937378 21749
1752814192537 1.241683006286621 21799
1752814201546 1.04700767993927 21849
1752814210532 1.4923213720321655 21899
1752814237085 1.2360055446624756 21949
1752814246091 0.9208484888076782 21999
1752814255080 0.9117203950881958 22049
1752814264038 1.1702998876571655 22099
1752814273005 1.1536064147949219 22149
1752814299063 1.4122271537780762 22199
1752814308048 0.9280402064323425 22249
1752814317039 1.3896631002426147 22299
1752814326047 1.266839623451233 22349
1752814335060 0.7343317866325378 22399
1752814344046 1.0810260772705078 22449
1752814371068 0.8551188707351685 22499
1752814380056 1.047039270401001 22549
1752814389040 1.0138404369354248 22599
1752814398033 1.4154361486434937 22649
1752814407017 1.173464298248291 22699
1752814433932 1.5854610204696655 22749
1752814442932 1.1977629661560059 22799
1752814451897 1.1232131719589233 22849
1752814460920 1.5865757465362549 22899
1752814469910 1.1816494464874268 22949
1752814478939 0.9144384264945984 22999
1752814505006 1.4571207761764526 23049
1752814513992 1.3144819736480713 23099
1752814522999 0.7810453176498413 23149
1752814531983 0.890956699848175 23199
1752814540986 0.9911880493164062 23249
1752814567883 1.1697616577148438 23299
1752814576844 1.2742114067077637 23349
1752814585846 0.9459456205368042 23399
1752814594833 1.137117862701416 23449
1752814603835 0.8237954378128052 23499
1752814612851 0.9172953367233276 23549
1752814638818 1.189650297164917 23599
1752814647816 1.0482017993927002 23649
1752814656815 0.9791054725646973 23699
1752814665813 1.2927143573760986 23749
1752814674828 1.2195838689804077 23799
1752814700837 1.0428000688552856 23849
1752814709811 1.1737909317016602 23899
1752814718802 1.4598865509033203 23949
1752814727746 1.2532989978790283 23999
1752814736749 1.3015732765197754 24049
1752814745753 0.9423153400421143 24099
1752814772667 1.2087868452072144 24149
1752814781655 0.864180862903595 24199
1752814790624 1.2138047218322754 24249
1752814799653 1.1496686935424805 24299
1752814808661 1.0432183742523193 24349
1752814834576 1.1833078861236572 24399
1752814843592 0.9267829656600952 24449
1752814852591 0.9367002844810486 24499
1752814861567 1.3152053356170654 24549
1752814870577 0.9685986638069153 24599
1752814879586 0.9543485641479492 24649
1752814905417 1.1502459049224854 24699
1752814914417 1.0302612781524658 24749
1752814923417 1.204265832901001 24799
1752814932427 0.8622652292251587 24849
1752814941469 1.0842180252075195 24899
1752814968071 1.0244035720825195 24949
1752814977060 1.0330448150634766 24999
1752814986072 0.9781243205070496 25049
1752814995077 1.0085852146148682 25099
1752815004067 1.32076096534729 25149
1752815013053 1.2718755006790161 25199
1752815039949 1.0983422994613647 25249
1752815048929 1.2284159660339355 25299
1752815057929 1.0213727951049805 25349
1752815066910 0.9467576146125793 25399
1752815075871 0.7115598320960999 25449
1752815101863 1.5577853918075562 25499
1752815110837 1.1090455055236816 25549
1752815119805 1.2178702354431152 25599
1752815128771 1.24733304977417 25649
1752815137762 0.9321446418762207 25699
1752815146751 1.0203694105148315 25749
1752815172904 1.0849906206130981 25799
1752815181897 1.1066555976867676 25849
1752815190908 1.1618419885635376 25899
1752815199900 1.176708459854126 25949
1752815208887 0.9360419511795044 25999
1752815235380 0.8223230838775635 26049
1752815244388 0.8406938314437866 26099
1752815253394 1.1305427551269531 26149
1752815262385 0.9138131141662598 26199
1752815271379 1.1686797142028809 26249
1752815280341 1.1476597785949707 26299
1752815306394 0.9699079394340515 26349
1752815315402 1.10895836353302 26399
1752815324389 0.9590225219726562 26449
1752815333388 1.0790009498596191 26499
1752815342363 0.8141341805458069 26549
1752815369014 1.2348706722259521 26599
1752815378025 1.2019786834716797 26649
1752815387007 0.897735059261322 26699
1752815395983 1.8305238485336304 26749
1752815404978 1.2286723852157593 26799
1752815413925 1.0744119882583618 26849
1752815440544 1.1518598794937134 26899
1752815449525 0.7661255598068237 26949
1752815458503 1.0601472854614258 26999
1752815467491 0.9491508603096008 27049
1752815476497 1.0169346332550049 27099
1752815502686 1.1793495416641235 27149
1752815511690 1.3771917819976807 27199
1752815520691 1.0517606735229492 27249
1752815529707 1.4849693775177002 27299
1752815538725 0.9807315468788147 27349
1752815547660 1.4173723459243774 27399
