1752808900741 2.9666056632995605 49
1752808909665 2.233461856842041 99
1752808918582 2.370864152908325 149
1752808927542 1.7271430492401123 199
1752808936458 2.1771914958953857 249
1752808963436 1.842363953590393 299
1752808972384 1.0897750854492188 349
1752808981331 1.7857553958892822 399
1752808990285 1.425248384475708 449
1752808999243 1.283424973487854 499
1752809026534 1.4239048957824707 549
1752809035498 1.1369222402572632 599
1752809044462 1.3530819416046143 649
1752809053455 1.5328760147094727 699
1752809062437 1.4595695734024048 749
1752809071420 1.5208851099014282 799
1752809098245 1.1764106750488281 849
1752809107223 1.546116590499878 899
1752809116214 1.296553134918213 949
1752809125169 1.2122865915298462 999
1752809134134 0.8841738700866699 1049
1752809161059 0.8739916086196899 1099
1752809170021 0.8656296730041504 1149
1752809178999 0.7207956314086914 1199
1752809187965 1.0255659818649292 1249
1752809196952 0.7141919136047363 1299
1752809205913 1.5787911415100098 1349
1752809233246 1.2228922843933105 1399
1752809242236 1.0842117071151733 1449
1752809251199 1.125677227973938 1499
1752809260175 1.0019886493682861 1549
1752809269163 1.103344440460205 1599
1752809296258 1.0891129970550537 1649
1752809305219 0.6427302956581116 1699
1752809314187 1.054144263267517 1749
1752809323155 1.069730520248413 1799
1752809332144 0.7416698336601257 1849
1752809341133 0.4745756685733795 1899
1752809367174 0.882163405418396 1949
1752809376159 0.7911868095397949 1999
1752809385134 0.5391969680786133 2049
1752809394126 0.856092095375061 2099
1752809403111 0.43813571333885193 2149
1752809430250 0.6532953977584839 2199
1752809439239 0.5954359769821167 2249
1752809448226 0.7131489515304565 2299
1752809457215 0.5364736318588257 2349
1752809466206 0.482483446598053 2399
1752809475197 0.6705089807510376 2449
1752809501489 0.4503212571144104 2499
1752809510490 0.7095691561698914 2549
1752809519441 0.7572498917579651 2599
1752809528404 0.5677928328514099 2649
1752809537391 0.7635903358459473 2699
1752809564529 0.4794670641422272 2749
1752809573489 0.5465673208236694 2799
1752809582497 0.8636964559555054 2849
1752809591476 0.7221835851669312 2899
1752809600444 0.4560807943344116 2949
1752809609449 0.5715992450714111 2999
1752809636729 0.4405161142349243 3049
1752809645724 0.5043462514877319 3099
1752809654700 0.5350412130355835 3149
1752809663684 0.589881420135498 3199
1752809672671 0.5621886253356934 3249
1752809699852 0.49411267042160034 3299
1752809708815 0.8302584886550903 3349
1752809717783 0.6298692226409912 3399
1752809726786 0.5695352554321289 3449
1752809735781 0.5284479260444641 3499
1752809744791 0.508435845375061 3549
1752809770777 0.6091026067733765 3599
1752809779735 0.2567064166069031 3649
1752809788712 0.6009440422058105 3699
1752809797727 0.5151758790016174 3749
1752809806717 0.5448105931282043 3799
1752809832782 0.45698121190071106 3849
1752809841745 0.32700487971305847 3899
1752809850726 0.8511870503425598 3949
1752809859728 0.4999274015426636 3999
1752809868716 0.40940606594085693 4049
1752809877708 0.534875214099884 4099
1752809903655 0.5089956521987915 4149
1752809912651 0.55674147605896 4199
1752809921660 0.51652991771698 4249
1752809930643 0.5548804998397827 4299
1752809939620 0.5567466020584106 4349
1752809965902 0.45518413186073303 4399
1752809974890 0.35089540481567383 4449
1752809983875 0.47978055477142334 4499
1752809992901 0.29702961444854736 4549
1752810001903 0.5326825380325317 4599
1752810010888 0.36655470728874207 4649
1752810037021 0.9971501231193542 4699
1752810046003 0.41831839084625244 4749
1752810055003 0.49763742089271545 4799
1752810063950 0.44037097692489624 4849
1752810072930 0.2626340091228485 4899
1752810099783 0.5867933034896851 4949
1752810108783 0.44027358293533325 4999
1752810117761 0.4008045196533203 5049
1752810126729 0.48598015308380127 5099
1752810135722 0.4838823974132538 5149
1752810144715 0.3209245204925537 5199
1752810172136 0.6023048162460327 5249
1752810181139 0.4757155776023865 5299
1752810190162 0.7158038020133972 5349
1752810199159 0.29889753460884094 5399
1752810208164 0.5239010453224182 5449
1752810235315 0.3438493013381958 5499
1752810244294 0.5621090531349182 5549
1752810253296 0.31677740812301636 5599
1752810262292 0.2811703681945801 5649
1752810271260 0.29495641589164734 5699
1752810280220 0.5192933082580566 5749
1752810307268 0.34865516424179077 5799
1752810316228 0.3662269115447998 5849
1752810325232 0.4047015905380249 5899
1752810334233 0.4225301146507263 5949
1752810343247 0.4885423183441162 5999
1752810369410 0.48210597038269043 6049
1752810378421 0.4614415764808655 6099
1752810387379 0.36167168617248535 6149
1752810396384 0.4350225031375885 6199
1752810405366 0.4765515923500061 6249
1752810414307 0.40415024757385254 6299
1752810440220 0.3662409782409668 6349
1752810449199 0.4590744078159332 6399
1752810458180 0.20539787411689758 6449
1752810467188 0.4759792983531952 6499
1752810476169 0.41820257902145386 6549
1752810502885 0.3213096559047699 6599
1752810511868 0.27330678701400757 6649
1752810520843 0.3218928575515747 6699
1752810529812 0.33322301506996155 6749
1752810538777 0.5238896012306213 6799
1752810547696 0.38530072569847107 6849
1752810574151 0.32156050205230713 6899
1752810583132 0.39268234372138977 6949
1752810592103 0.3662515878677368 6999
1752810601103 0.27284476161003113 7049
1752810610107 0.3112178444862366 7099
1752810636316 0.2891470789909363 7149
1752810645315 0.21133068203926086 7199
1752810654299 0.20706522464752197 7249
1752810663287 0.30323994159698486 7299
1752810672276 0.22336851060390472 7349
1752810698186 0.4421178102493286 7399
1752810707203 0.20145416259765625 7449
1752810716186 0.2439880520105362 7499
1752810725214 0.35116422176361084 7549
1752810734223 0.3868308663368225 7599
1752810743218 0.21795716881752014 7649
1752810770018 0.31715646386146545 7699
1752810779019 0.1796932816505432 7749
1752810787992 0.2808622121810913 7799
1752810796988 0.46356844902038574 7849
1752810805984 0.36995697021484375 7899
1752810833081 0.3563488721847534 7949
1752810842076 0.249524787068367 7999
1752810851065 0.2434236705303192 8049
1752810860068 0.39866629242897034 8099
1752810869058 0.3478977680206299 8149
1752810878005 0.532976508140564 8199
1752810903894 0.2720487117767334 8249
1752810912887 0.5482244491577148 8299
1752810921867 0.22426480054855347 8349
1752810930839 0.2707887887954712 8399
1752810939827 0.26159223914146423 8449
1752810966895 0.24255268275737762 8499
1752810975901 0.43565845489501953 8549
1752810984882 0.3382224440574646 8599
1752810993842 0.2474067062139511 8649
1752811002842 0.30532950162887573 8699
1752811011825 0.30840951204299927 8749
1752811037713 0.3794601857662201 8799
1752811046701 0.2516118586063385 8849
1752811055695 0.33568528294563293 8899
1752811064673 0.25151708722114563 8949
1752811073665 0.299842894077301 8999
1752811099739 0.623616099357605 9049
1752811108727 0.2551634907722473 9099
1752811117709 0.24367311596870422 9149
1752811126722 0.2714676856994629 9199
1752811135739 0.21143421530723572 9249
1752811144732 0.33120226860046387 9299
1752811170534 0.3020501434803009 9349
1752811179515 0.44789692759513855 9399
1752811188493 0.1998807191848755 9449
1752811197492 0.5121417045593262 9499
1752811206469 0.39568886160850525 9549
1752811232815 0.2199140340089798 9599
1752811241779 0.2572947144508362 9649
1752811250743 0.23697532713413239 9699
1752811259886 0.3908592462539673 9749
1752811268943 0.38161611557006836 9799
1752811277935 0.22705398499965668 9849
1752811304232 0.2689375579357147 9899
1752811313236 0.2629461884498596 9949
1752811322225 0.19664356112480164 9999
1752811331220 0.22384093701839447 10049
1752811340191 0.24635322391986847 10099
1752811366325 0.3784405589103699 10149
1752811375302 0.233176127076149 10199
1752811384279 0.22276312112808228 10249
1752811393307 0.5161688327789307 10299
1752811402296 0.377401202917099 10349
1752811411298 0.23846785724163055 10399
1752811438469 0.5619074106216431 10449
1752811447446 0.2721276581287384 10499
1752811456476 0.20462572574615479 10549
1752811465477 0.37873971462249756 10599
1752811474488 0.28391867876052856 10649
1752811501719 0.32408833503723145 10699
1752811510683 0.2817500829696655 10749
1752811519689 0.172251358628273 10799
1752811528688 0.45458751916885376 10849
1752811537686 0.3675748109817505 10899
1752811546664 0.45538628101348877 10949
1752811572657 0.2784273624420166 10999
1752811581664 0.2465071976184845 11049
1752811590648 0.3859140872955322 11099
1752811599652 0.3065335750579834 11149
1752811608676 0.23897749185562134 11199
1752811634754 0.27887073159217834 11249
1752811643775 0.21093586087226868 11299
1752811652757 0.1758633255958557 11349
1752811661762 0.24763262271881104 11399
1752811670751 0.2079075425863266 11449
1752811679742 0.21616129577159882 11499
1752811705644 0.31102651357650757 11549
1752811714662 0.15952402353286743 11599
1752811723651 0.3555493950843811 11649
1752811732638 0.19856271147727966 11699
1752811741631 0.25252804160118103 11749
1752811767863 0.2457316517829895 11799
1752811776840 0.15872284770011902 11849
1752811785826 0.23741349577903748 11899
1752811794844 0.32494837045669556 11949
1752811803817 0.3638145625591278 11999
1752811812765 0.400958776473999 12049
1752811839895 0.27821362018585205 12099
1752811848895 0.3395235538482666 12149
1752811857903 0.2377234697341919 12199
1752811866903 0.22084276378154755 12249
1752811875893 0.39229637384414673 12299
1752811902192 0.3071135878562927 12349
1752811911180 0.17147015035152435 12399
1752811920147 0.24495002627372742 12449
1752811929160 0.17515258491039276 12499
1752811938171 0.22629006206989288 12549
1752811947130 0.25901395082473755 12599
1752811973116 0.22504645586013794 12649
1752811982100 0.1901833713054657 12699
1752811991093 0.13491439819335938 12749
1752812000091 0.34287941455841064 12799
1752812009092 0.24853241443634033 12849
1752812035294 0.31779271364212036 12899
1752812044276 0.16878464818000793 12949
1752812053265 0.4789157211780548 12999
1752812062251 0.214460551738739 13049
1752812071228 0.17155621945858002 13099
1752812080184 0.27768003940582275 13149
1752812106370 0.31450504064559937 13199
1752812115376 0.17059287428855896 13249
1752812124396 0.20735421776771545 13299
1752812133393 0.24133214354515076 13349
1752812142386 0.28976988792419434 13399
1752812168263 0.35873493552207947 13449
1752812177262 0.32216399908065796 13499
1752812186269 0.23950126767158508 13549
1752812195270 0.23206356167793274 13599
1752812204264 0.3456062078475952 13649
1752812213215 0.32684820890426636 13699
1752812240899 0.1951093077659607 13749
1752812249889 0.224517360329628 13799
1752812258887 0.21074646711349487 13849
1752812267870 0.12606622278690338 13899
1752812276880 0.3855653703212738 13949
1752812304080 0.2478349506855011 13999
1752812313068 0.16946665942668915 14049
1752812322055 0.34500959515571594 14099
1752812331062 0.26624369621276855 14149
1752812340061 0.34410494565963745 14199
1752812367029 0.2560807168483734 14249
1752812376036 0.2597125172615051 14299
1752812385016 0.32908865809440613 14349
1752812394030 0.18281644582748413 14399
1752812403045 0.2305428832769394 14449
1752812412044 0.28015172481536865 14499
1752812438035 0.16430538892745972 14549
1752812447026 0.353349506855011 14599
1752812456023 0.18656164407730103 14649
1752812465032 0.20527686178684235 14699
1752812474039 0.3055872917175293 14749
1752812500321 0.2769879698753357 14799
1752812509328 0.2745906412601471 14849
1752812518312 0.33170974254608154 14899
1752812527308 0.19228613376617432 14949
1752812536304 0.2226121723651886 14999
1752812545309 0.2517324388027191 15049
1752812571819 0.3133583664894104 15099
1752812580837 0.35497698187828064 15149
1752812589825 0.201878160238266 15199
1752812598847 0.19992980360984802 15249
1752812607843 0.14837360382080078 15299
1752812633817 0.2400476336479187 15349
1752812642809 0.4575946033000946 15399
1752812651801 0.2524239718914032 15449
1752812660804 0.3414593040943146 15499
1752812669790 0.25258585810661316 15549
1752812678795 0.1426706612110138 15599
1752812705887 0.4977274537086487 15649
1752812714887 0.15062066912651062 15699
1752812723908 0.3034899830818176 15749
1752812732913 0.1797645092010498 15799
1752812741923 0.21817821264266968 15849
1752812768075 0.26538053154945374 15899
1752812777046 0.2815028429031372 15949
1752812786038 0.19679275155067444 15999
1752812795040 0.28986838459968567 16049
1752812804026 0.18032899498939514 16099
1752812813033 0.16662350296974182 16149
1752812839101 0.2651425302028656 16199
1752812848084 0.21360106766223907 16249
1752812857059 0.17154817283153534 16299
1752812866072 0.18432515859603882 16349
1752812875071 0.2698141038417816 16399
1752812901168 0.19865314662456512 16449
1752812910163 0.220211461186409 16499
1752812919148 0.2722856104373932 16549
1752812928146 0.2593165934085846 16599
1752812937134 0.3437170088291168 16649
1752812946127 0.276196151971817 16699
1752812972192 0.1746899038553238 16749
1752812981185 0.374885231256485 16799
1752812990206 0.20594777166843414 16849
1752812999191 0.31203100085258484 16899
1752813008211 0.5183789730072021 16949
1752813034680 0.16060134768486023 16999
1752813043638 0.1336851567029953 17049
1752813052638 0.267618328332901 17099
1752813061645 0.1368008852005005 17149
1752813070641 0.3477911949157715 17199
1752813079624 0.6179707646369934 17249
1752813105710 0.1732843816280365 17299
1752813114697 0.24282798171043396 17349
1752813123680 0.22066140174865723 17399
1752813132680 0.2027662992477417 17449
1752813141687 0.30285680294036865 17499
1752813167776 0.33406150341033936 17549
1752813176780 0.23248633742332458 17599
1752813185776 0.16087260842323303 17649
1752813194777 0.2150544822216034 17699
1752813203786 0.2006937861442566 17749
1752813212799 0.17493975162506104 17799
1752813238847 0.23248910903930664 17849
1752813247848 0.2341918796300888 17899
1752813256832 0.14895886182785034 17949
1752813265839 0.24228054285049438 17999
1752813274823 0.19217681884765625 18049
1752813300869 0.27779120206832886 18099
1752813309866 0.31142234802246094 18149
1752813318843 0.31611543893814087 18199
1752813327832 0.20904293656349182 18249
1752813336832 0.26041173934936523 18299
1752813345878 0.4008409082889557 18349
1752813372938 0.1348443627357483 18399
1752813381936 0.17605632543563843 18449
1752813390958 0.2845061719417572 18499
1752813399957 0.14433972537517548 18549
1752813408955 0.36798331141471863 18599
1752813435932 0.1347399652004242 18649
1752813444909 0.3205161988735199 18699
1752813453924 0.17891132831573486 18749
1752813462906 0.3228604793548584 18799
1752813471907 0.27248117327690125 18849
1752813480871 0.19166679680347443 18899
1752813507139 0.3534201383590698 18949
1752813516120 0.21148568391799927 18999
1752813525086 0.21602976322174072 19049
1752813534071 0.199644073843956 19099
1752813543086 0.17672081291675568 19149
1752813569098 0.18465077877044678 19199
1752813578094 0.18603777885437012 19249
1752813587092 0.3039054870605469 19299
1752813596070 0.19464004039764404 19349
1752813605067 0.21747171878814697 19399
1752813614050 0.3514091372489929 19449
1752813640123 0.22325614094734192 19499
1752813649129 0.1334376037120819 19549
1752813658136 0.417655348777771 19599
1752813667122 0.19966307282447815 19649
1752813676141 0.20754724740982056 19699
1752813702197 0.3128601610660553 19749
1752813711194 0.23579446971416473 19799
1752813720184 0.3375346064567566 19849
1752813729175 0.337435781955719 19899
1752813738187 0.1951933652162552 19949
1752813747159 0.3681749701499939 19999
1752813773259 0.36811429262161255 20049
1752813782307 0.2864453196525574 20099
1752813791326 0.19421306252479553 20149
1752813800317 0.2581029534339905 20199
1752813809325 0.18366935849189758 20249
1752813835300 0.25931400060653687 20299
1752813844309 0.1866602897644043 20349
1752813853302 0.23651574552059174 20399
1752813862302 0.1384333372116089 20449
1752813871305 0.26668989658355713 20499
1752813880232 0.139814093708992 20549
1752813906298 0.21295377612113953 20599
1752813915300 0.1694144606590271 20649
1752813924266 0.13345062732696533 20699
1752813933256 0.29003190994262695 20749
1752813942276 0.19972755014896393 20799
1752813968224 0.1660422831773758 20849
1752813977232 0.24509547650814056 20899
1752813986215 0.18527625501155853 20949
1752813995205 0.1911473274230957 20999
1752814004182 0.14971348643302917 21049
1752814030622 0.1711110770702362 21099
1752814039607 0.1741006076335907 21149
1752814048637 0.15932980179786682 21199
1752814057636 0.19109666347503662 21249
1752814066622 0.1981160044670105 21299
1752814075615 0.3247995972633362 21349
1752814102572 0.22735364735126495 21399
1752814111540 0.23835845291614532 21449
1752814120534 0.42272812128067017 21499
1752814129498 0.20055335760116577 21549
1752814138498 0.4574747085571289 21599
1752814165572 0.41765397787094116 21649
1752814174564 0.15529689192771912 21699
1752814183544 0.2450116127729416 21749
1752814192537 0.30429399013519287 21799
1752814201546 0.289425790309906 21849
1752814210532 0.20339803397655487 21899
1752814237085 0.16272112727165222 21949
1752814246091 0.2974148690700531 21999
1752814255080 0.3124316334724426 22049
1752814264038 0.3797934055328369 22099
1752814273005 0.30520448088645935 22149
1752814299063 0.1735895425081253 22199
1752814308048 0.1333126276731491 22249
1752814317039 0.18051981925964355 22299
1752814326047 0.4192889332771301 22349
1752814335060 0.17915397882461548 22399
1752814344046 0.11568063497543335 22449
1752814371068 0.2541036009788513 22499
1752814380056 0.1448182612657547 22549
1752814389040 0.5278624892234802 22599
1752814398033 0.24512897431850433 22649
1752814407017 0.18146677315235138 22699
1752814433932 0.2573765218257904 22749
1752814442932 0.18138551712036133 22799
1752814451897 0.18341432511806488 22849
1752814460920 0.359774649143219 22899
1752814469910 0.15437842905521393 22949
1752814478939 0.14104041457176208 22999
1752814505006 0.2781561017036438 23049
1752814513992 0.21768967807292938 23099
1752814522999 0.11862834542989731 23149
1752814531983 0.24735867977142334 23199
1752814540986 0.33565133810043335 23249
1752814567883 0.3128064274787903 23299
1752814576844 0.2874365448951721 23349
1752814585846 0.15275175869464874 23399
1752814594833 0.17716331779956818 23449
1752814603835 0.24332696199417114 23499
1752814612851 0.14282768964767456 23549
1752814638818 0.19613048434257507 23599
1752814647816 0.2171361744403839 23649
1752814656815 0.1691349595785141 23699
1752814665813 0.14236856997013092 23749
1752814674828 0.41541096568107605 23799
1752814700837 0.18781715631484985 23849
1752814709811 0.1499791294336319 23899
1752814718802 0.16355782747268677 23949
1752814727746 0.18004214763641357 23999
1752814736749 0.17283664643764496 24049
1752814745753 0.34162184596061707 24099
1752814772667 0.15239503979682922 24149
1752814781655 0.2267422378063202 24199
1752814790624 0.12523505091667175 24249
1752814799653 0.16734576225280762 24299
1752814808661 0.1812264323234558 24349
1752814834576 0.3284958302974701 24399
1752814843592 0.16503942012786865 24449
1752814852591 0.3033234775066376 24499
1752814861567 0.27039575576782227 24549
1752814870577 0.13769879937171936 24599
1752814879586 0.11955001950263977 24649
1752814905417 0.11533933877944946 24699
1752814914417 0.14595529437065125 24749
1752814923417 0.20869120955467224 24799
1752814932427 0.16020667552947998 24849
1752814941469 0.18148858845233917 24899
1752814968071 0.41931986808776855 24949
1752814977060 0.2279355823993683 24999
1752814986072 0.302754282951355 25049
1752814995077 0.27012714743614197 25099
1752815004067 0.30123984813690186 25149
1752815013053 0.1964273452758789 25199
1752815039949 0.1270959973335266 25249
1752815048929 0.19937202334403992 25299
1752815057929 0.21715861558914185 25349
1752815066910 0.2150314748287201 25399
1752815075871 0.19849631190299988 25449
1752815101863 0.18111784756183624 25499
1752815110837 0.12830278277397156 25549
1752815119805 0.16923175752162933 25599
1752815128771 0.16523481905460358 25649
1752815137762 0.21590645611286163 25699
1752815146751 0.14361757040023804 25749
1752815172904 0.35247981548309326 25799
1752815181897 0.2266272008419037 25849
1752815190908 0.15608300268650055 25899
1752815199900 0.2616313695907593 25949
1752815208887 0.15983125567436218 25999
1752815235380 0.14805765450000763 26049
1752815244388 0.20039603114128113 26099
1752815253394 0.10524798929691315 26149
1752815262385 0.2414528727531433 26199
1752815271379 0.2884008586406708 26249
1752815280341 0.10938622802495956 26299
1752815306394 0.17691347002983093 26349
1752815315402 0.20143325626850128 26399
1752815324389 0.20494848489761353 26449
1752815333388 0.24675630033016205 26499
1752815342363 0.19831785559654236 26549
1752815369014 0.12358470261096954 26599
1752815378025 0.19046863913536072 26649
1752815387007 0.1358795017004013 26699
1752815395983 0.13978882133960724 26749
1752815404978 0.38866835832595825 26799
1752815413925 0.20791937410831451 26849
1752815440544 0.3645337224006653 26899
1752815449525 0.2252081036567688 26949
1752815458503 0.24147610366344452 26999
1752815467491 0.262850284576416 27049
1752815476497 0.1268339902162552 27099
1752815502686 0.281322181224823 27149
1752815511690 0.24402156472206116 27199
1752815520691 0.19702449440956116 27249
1752815529707 0.14507023990154266 27299
1752815538725 0.1579417735338211 27349
1752815547660 0.31974196434020996 27399
