1752808957863 4.407045841217041 273
1752809025234 5.098825931549072 547
1752809092286 5.665238380432129 821
1752809159395 5.471540451049805 1095
1752809226934 6.283021926879883 1369
1752809294231 5.020147323608398 1643
1752809360494 5.082487106323242 1917
1752809427884 5.83712100982666 2191
1752809494416 5.7668280601501465 2465
1752809561752 5.704748630523682 2739
1752809629332 5.3567633628845215 3013
1752809696700 5.249039649963379 3287
1752809762994 5.3570756912231445 3561
1752809829340 5.70974588394165 3835
1752809895566 5.474706172943115 4109
1752809962093 5.204742431640625 4383
1752810028571 5.215051651000977 4657
1752810095593 4.802520751953125 4931
1752810163358 4.583440780639648 5205
1752810230785 4.1885528564453125 5479
1752810298056 4.451875686645508 5753
1752810364473 4.51948356628418 6027
1752810430670 5.037408828735352 6301
1752810497634 4.210884094238281 6575
1752810564213 3.948972463607788 6849
1752810630738 4.382375240325928 7123
1752810696903 4.211100101470947 7397
1752810764034 3.427494525909424 7671
1752810831386 4.377568244934082 7945
1752810897563 3.8252785205841064 8219
1752810964832 4.341113567352295 8493
1752811031041 3.999138832092285 8767
1752811097385 4.169409275054932 9041
1752811163357 4.18925142288208 9315
1752811230071 3.966623544692993 9589
1752811296863 3.9234023094177246 9863
1752811363222 4.067986011505127 10137
1752811430708 3.506442070007324 10411
1752811498288 2.964738368988037 10685
1752811564542 3.382059097290039 10959
1752811630972 2.9215071201324463 11233
1752811697183 3.4442920684814453 11507
1752811763694 3.1421585083007812 11781
1752811831054 3.258466958999634 12055
1752811897639 2.7839508056640625 12329
1752811963937 2.9799869060516357 12603
1752812030407 2.6732256412506104 12877
1752812096791 2.8831193447113037 13151
1752812162957 2.6290090084075928 13425
1752812231014 2.5581579208374023 13699
1752812298440 2.3601036071777344 13973
1752812365747 2.574652910232544 14247
1752812432045 2.753204584121704 14521
1752812498710 2.748920440673828 14795
1752812565525 2.709852457046509 15069
1752812631765 2.428407669067383 15343
1752812699197 2.345954656600952 15617
1752812765665 2.493417263031006 15891
1752812832042 2.5796360969543457 16165
1752812898399 2.3733408451080322 16439
1752812964743 2.2761075496673584 16713
1752813031554 2.5385828018188477 16987
1752813097937 2.07383131980896 17261
1752813164321 2.6628096103668213 17535
1752813230723 2.1131649017333984 17809
1752813297042 1.9369767904281616 18083
1752813364423 1.9899427890777588 18357
1752813431737 2.0013010501861572 18631
1752813498251 1.9604679346084595 18905
1752813564619 2.196514368057251 19179
1752813630917 1.7456609010696411 19453
1752813697321 1.88241446018219 19727
1752813763687 1.8600690364837646 20001
1752813830029 1.968999981880188 20275
1752813896395 1.8014001846313477 20549
1752813962647 1.6689050197601318 20823
1752814029298 1.7723147869110107 21097
1752814096586 1.6837913990020752 21371
1752814163930 1.8949387073516846 21645
1752814230692 1.9732545614242554 21919
1752814297037 1.6639117002487183 22193
1752814364369 1.6020886898040771 22467
1752814431556 1.59626305103302 22741
1752814497972 1.726915955543518 23015
1752814565137 1.5858505964279175 23289
1752814631442 1.5487481355667114 23563
1752814697771 1.65682852268219 23837
1752814764868 1.6201446056365967 24111
1752814831123 1.566188097000122 24385
1752814897340 1.5329127311706543 24659
1752814964260 1.4716157913208008 24933
1752815031470 1.5321338176727295 25207
1752815097617 1.6848657131195068 25481
1752815164079 1.5789408683776855 25755
1752815230875 1.4746876955032349 26029
1752815297149 1.4358692169189453 26303
1752815364159 1.3915432691574097 26577
1752815430974 1.430881142616272 26851
1752815497402 1.4943907260894775 27125
1752815563834 1.3538117408752441 27399
