1752808900741 227.20928955078125 49
1752808909665 224.013671875 99
1752808918582 222.495849609375 149
1752808927542 220.07916259765625 199
1752808936458 218.17886352539062 249
1752808963436 215.5891571044922 299
1752808972384 213.0216827392578 349
1752808981331 212.20761108398438 399
1752808990285 209.9350128173828 449
1752808999243 207.650634765625 499
1752809026534 205.74676513671875 549
1752809035498 203.33201599121094 599
1752809044462 202.01913452148438 649
1752809053455 200.0570068359375 699
1752809062437 196.62681579589844 749
1752809071420 195.4224090576172 799
1752809098245 193.7012939453125 849
1752809107223 191.9369354248047 899
1752809116214 189.84161376953125 949
1752809125169 186.5579071044922 999
1752809134134 184.7185516357422 1049
1752809161059 182.73658752441406 1099
1752809170021 181.00686645507812 1149
1752809178999 178.19921875 1199
1752809187965 175.70045471191406 1249
1752809196952 173.41445922851562 1299
1752809205913 171.9834442138672 1349
1752809233246 168.6381378173828 1399
1752809242236 168.31582641601562 1449
1752809251199 165.19354248046875 1499
1752809260175 163.12435913085938 1549
1752809269163 160.82064819335938 1599
1752809296258 158.7248077392578 1649
1752809305219 156.1061553955078 1699
1752809314187 154.38006591796875 1749
1752809323155 151.7846221923828 1799
1752809332144 149.16409301757812 1849
1752809341133 147.58863830566406 1899
1752809367174 145.11953735351562 1949
1752809376159 142.92283630371094 1999
1752809385134 140.10183715820312 2049
1752809394126 139.20816040039062 2099
1752809403111 136.849853515625 2149
1752809430250 135.03790283203125 2199
1752809439239 132.33499145507812 2249
1752809448226 130.11329650878906 2299
1752809457215 128.72999572753906 2349
1752809466206 126.1515884399414 2399
1752809475197 124.28099060058594 2449
1752809501489 122.25663757324219 2499
1752809510490 119.654052734375 2549
1752809519441 117.92709350585938 2599
1752809528404 115.3556137084961 2649
1752809537391 113.71299743652344 2699
1752809564529 112.21051025390625 2749
1752809573489 110.14649963378906 2799
1752809582497 108.40157318115234 2849
1752809591476 106.50440216064453 2899
1752809600444 104.83428192138672 2949
1752809609449 102.9186782836914 2999
1752809636729 100.92460632324219 3049
1752809645724 98.60157012939453 3099
1752809654700 97.97205352783203 3149
1752809663684 95.5211181640625 3199
1752809672671 93.91931915283203 3249
1752809699852 92.36905670166016 3299
1752809708815 90.71705627441406 3349
1752809717783 89.30510711669922 3399
1752809726786 86.99983978271484 3449
1752809735781 85.25447082519531 3499
1752809744791 83.48347473144531 3549
1752809770777 82.2349624633789 3599
1752809779735 81.01870727539062 3649
1752809788712 78.81407165527344 3699
1752809797727 77.62445831298828 3749
1752809806717 76.42110443115234 3799
1752809832782 75.19313049316406 3849
1752809841745 73.25969696044922 3899
1752809850726 71.7298355102539 3949
1752809859728 70.68632507324219 3999
1752809868716 68.86007690429688 4049
1752809877708 67.78154754638672 4099
1752809903655 66.46310424804688 4149
1752809912651 64.86454772949219 4199
1752809921660 63.20854187011719 4249
1752809930643 62.635311126708984 4299
1752809939620 61.25105667114258 4349
1752809965902 59.812042236328125 4399
1752809974890 58.672359466552734 4449
1752809983875 57.212974548339844 4499
1752809992901 56.45948791503906 4549
1752810001903 54.74872589111328 4599
1752810010888 53.71350860595703 4649
1752810037021 53.42168045043945 4699
1752810046003 52.33550262451172 4749
1752810055003 50.986351013183594 4799
1752810063950 49.60778045654297 4849
1752810072930 48.77975845336914 4899
1752810099783 47.65286636352539 4949
1752810108783 47.295989990234375 4999
1752810117761 46.24103546142578 5049
1752810126729 45.55937194824219 5099
1752810135722 43.96607208251953 5149
1752810144715 43.31915283203125 5199
1752810172136 42.37708282470703 5249
1752810181139 42.26979446411133 5299
1752810190162 41.42380905151367 5349
1752810199159 40.89088439941406 5399
1752810208164 39.47214889526367 5449
1752810235315 39.44624328613281 5499
1752810244294 38.38311004638672 5549
1752810253296 38.13493728637695 5599
1752810262292 37.87989807128906 5649
1752810271260 36.87847900390625 5699
1752810280220 36.26650619506836 5749
1752810307268 35.507652282714844 5799
1752810316228 35.49498748779297 5849
1752810325232 34.72828674316406 5899
1752810334233 34.54942321777344 5949
1752810343247 33.99391174316406 5999
1752810369410 33.62142562866211 6049
1752810378421 32.922889709472656 6099
1752810387379 33.037723541259766 6149
1752810396384 32.570838928222656 6199
1752810405366 31.924606323242188 6249
1752810414307 31.698963165283203 6299
1752810440220 31.0938777923584 6349
1752810449199 31.03000259399414 6399
1752810458180 30.730772018432617 6449
1752810467188 30.753055572509766 6499
1752810476169 29.930248260498047 6549
1752810502885 29.682113647460938 6599
1752810511868 29.678892135620117 6649
1752810520843 29.252164840698242 6699
1752810529812 29.089969635009766 6749
1752810538777 28.576801300048828 6799
1752810547696 28.554052352905273 6849
1752810574151 28.519371032714844 6899
1752810583132 27.8856143951416 6949
1752810592103 27.648929595947266 6999
1752810601103 27.794681549072266 7049
1752810610107 27.335010528564453 7099
1752810636316 27.235130310058594 7149
1752810645315 27.559856414794922 7199
1752810654299 27.011917114257812 7249
1752810663287 27.284149169921875 7299
1752810672276 26.622488021850586 7349
1752810698186 26.655261993408203 7399
1752810707203 26.197750091552734 7449
1752810716186 26.22559356689453 7499
1752810725214 25.791818618774414 7549
1752810734223 25.610553741455078 7599
1752810743218 25.961902618408203 7649
1752810770018 25.817859649658203 7699
1752810779019 25.875289916992188 7749
1752810787992 25.55126953125 7799
1752810796988 25.463586807250977 7849
1752810805984 25.30095863342285 7899
1752810833081 25.39818000793457 7949
1752810842076 24.96379852294922 7999
1752810851065 25.55458641052246 8049
1752810860068 24.980175018310547 8099
1752810869058 24.82805633544922 8149
1752810878005 24.834962844848633 8199
1752810903894 25.074737548828125 8249
1752810912887 24.675029754638672 8299
1752810921867 24.416942596435547 8349
1752810930839 24.74407196044922 8399
1752810939827 24.806758880615234 8449
1752810966895 24.83052635192871 8499
1752810975901 24.321985244750977 8549
1752810984882 24.59599494934082 8599
1752810993842 24.421367645263672 8649
1752811002842 24.24496841430664 8699
1752811011825 24.35302734375 8749
1752811037713 24.295684814453125 8799
1752811046701 24.424659729003906 8849
1752811055695 24.047481536865234 8899
1752811064673 24.051782608032227 8949
1752811073665 24.102069854736328 8999
1752811099739 23.916606903076172 9049
1752811108727 24.057907104492188 9099
1752811117709 23.993099212646484 9149
1752811126722 24.006908416748047 9199
1752811135739 23.884124755859375 9249
1752811144732 23.776500701904297 9299
1752811170534 23.71402359008789 9349
1752811179515 23.564876556396484 9399
1752811188493 23.739606857299805 9449
1752811197492 23.956554412841797 9499
1752811206469 23.65483856201172 9549
1752811232815 23.476043701171875 9599
1752811241779 23.629714965820312 9649
1752811250743 23.6191463470459 9699
1752811259886 23.668682098388672 9749
1752811268943 23.40865707397461 9799
1752811277935 23.543577194213867 9849
1752811304232 23.477066040039062 9899
1752811313236 23.46807861328125 9949
1752811322225 23.367782592773438 9999
1752811331220 23.39175033569336 10049
1752811340191 23.351327896118164 10099
1752811366325 23.078710556030273 10149
1752811375302 23.22779083251953 10199
1752811384279 23.069610595703125 10249
1752811393307 23.20561408996582 10299
1752811402296 23.021472930908203 10349
1752811411298 23.190837860107422 10399
1752811438469 23.104602813720703 10449
1752811447446 23.009397506713867 10499
1752811456476 22.82986831665039 10549
1752811465477 23.101654052734375 10599
1752811474488 22.740123748779297 10649
1752811501719 23.03680419921875 10699
1752811510683 22.891761779785156 10749
1752811519689 22.84685707092285 10799
1752811528688 22.76470947265625 10849
1752811537686 22.968666076660156 10899
1752811546664 22.870895385742188 10949
1752811572657 22.869586944580078 10999
1752811581664 22.772571563720703 11049
1752811590648 22.78238868713379 11099
1752811599652 22.78092384338379 11149
1752811608676 22.733684539794922 11199
1752811634754 22.638957977294922 11249
1752811643775 22.722644805908203 11299
1752811652757 22.458324432373047 11349
1752811661762 22.84938621520996 11399
1752811670751 22.45478057861328 11449
1752811679742 22.686203002929688 11499
1752811705644 22.460128784179688 11549
1752811714662 22.631053924560547 11599
1752811723651 22.63746452331543 11649
1752811732638 22.54975700378418 11699
1752811741631 22.34632110595703 11749
1752811767863 22.546323776245117 11799
1752811776840 22.357383728027344 11849
1752811785826 22.531227111816406 11899
1752811794844 22.32798194885254 11949
1752811803817 22.455589294433594 11999
1752811812765 22.303674697875977 12049
1752811839895 22.344242095947266 12099
1752811848895 22.31037139892578 12149
1752811857903 22.405540466308594 12199
1752811866903 22.185110092163086 12249
1752811875893 22.13528823852539 12299
1752811902192 22.35501480102539 12349
1752811911180 22.276039123535156 12399
1752811920147 22.469297409057617 12449
1752811929160 22.15871810913086 12499
1752811938171 22.57929229736328 12549
1752811947130 21.818729400634766 12599
1752811973116 22.08988380432129 12649
1752811982100 22.060081481933594 12699
1752811991093 22.191770553588867 12749
1752812000091 22.183874130249023 12799
1752812009092 22.091537475585938 12849
1752812035294 22.24931526184082 12899
1752812044276 22.128604888916016 12949
1752812053265 22.031614303588867 12999
1752812062251 22.035663604736328 13049
1752812071228 22.26750946044922 13099
1752812080184 22.022905349731445 13149
1752812106370 22.24588966369629 13199
1752812115376 21.929346084594727 13249
1752812124396 21.952590942382812 13299
1752812133393 21.947608947753906 13349
1752812142386 21.942188262939453 13399
1752812168263 21.89545249938965 13449
1752812177262 21.782123565673828 13499
1752812186269 22.019756317138672 13549
1752812195270 22.0347957611084 13599
1752812204264 21.844295501708984 13649
1752812213215 21.944866180419922 13699
1752812240899 22.15257453918457 13749
1752812249889 21.97799301147461 13799
1752812258887 21.875732421875 13849
1752812267870 21.986814498901367 13899
1752812276880 21.821542739868164 13949
1752812304080 21.903606414794922 13999
1752812313068 21.952133178710938 14049
1752812322055 21.71158790588379 14099
1752812331062 21.895185470581055 14149
1752812340061 21.822874069213867 14199
1752812367029 21.784576416015625 14249
1752812376036 21.827041625976562 14299
1752812385016 21.75127601623535 14349
1752812394030 21.717708587646484 14399
1752812403045 21.708187103271484 14449
1752812412044 21.63018035888672 14499
1752812438035 21.88341522216797 14549
1752812447026 21.426374435424805 14599
1752812456023 22.04837417602539 14649
1752812465032 21.529687881469727 14699
1752812474039 21.721158981323242 14749
1752812500321 21.688732147216797 14799
1752812509328 21.733295440673828 14849
1752812518312 21.46419334411621 14899
1752812527308 21.825244903564453 14949
1752812536304 21.585796356201172 14999
1752812545309 21.552204132080078 15049
1752812571819 21.561237335205078 15099
1752812580837 21.64759635925293 15149
1752812589825 21.538585662841797 15199
1752812598847 21.647274017333984 15249
1752812607843 21.653278350830078 15299
1752812633817 21.59505844116211 15349
1752812642809 21.557411193847656 15399
1752812651801 21.305736541748047 15449
1752812660804 21.56354522705078 15499
1752812669790 21.33324432373047 15549
1752812678795 21.570032119750977 15599
1752812705887 21.57575225830078 15649
1752812714887 21.45196533203125 15699
1752812723908 21.528213500976562 15749
1752812732913 21.461654663085938 15799
1752812741923 21.389183044433594 15849
1752812768075 21.35832405090332 15899
1752812777046 21.32789421081543 15949
1752812786038 21.384706497192383 15999
1752812795040 21.399738311767578 16049
1752812804026 21.50467300415039 16099
1752812813033 21.251434326171875 16149
1752812839101 21.62920379638672 16199
1752812848084 21.37969970703125 16249
1752812857059 21.31009864807129 16299
1752812866072 21.36693572998047 16349
1752812875071 21.470561981201172 16399
1752812901168 21.424087524414062 16449
1752812910163 21.239858627319336 16499
1752812919148 21.24750518798828 16549
1752812928146 21.321847915649414 16599
1752812937134 21.42673110961914 16649
1752812946127 21.27436065673828 16699
1752812972192 21.20870018005371 16749
1752812981185 21.576095581054688 16799
1752812990206 21.381999969482422 16849
1752812999191 21.07654571533203 16899
1752813008211 21.442508697509766 16949
1752813034680 21.159759521484375 16999
1752813043638 21.184749603271484 17049
1752813052638 21.303726196289062 17099
1752813061645 21.153364181518555 17149
1752813070641 21.414892196655273 17199
1752813079624 21.278074264526367 17249
1752813105710 21.31918716430664 17299
1752813114697 21.19957733154297 17349
1752813123680 21.158815383911133 17399
1752813132680 21.329795837402344 17449
1752813141687 21.286781311035156 17499
1752813167776 21.399215698242188 17549
1752813176780 21.23019027709961 17599
1752813185776 21.105356216430664 17649
1752813194777 21.171199798583984 17699
1752813203786 21.050825119018555 17749
1752813212799 21.222673416137695 17799
1752813238847 21.044273376464844 17849
1752813247848 21.2484188079834 17899
1752813256832 21.397415161132812 17949
1752813265839 21.183425903320312 17999
1752813274823 20.9573974609375 18049
1752813300869 21.227251052856445 18099
1752813309866 21.260753631591797 18149
1752813318843 21.032499313354492 18199
1752813327832 20.969594955444336 18249
1752813336832 21.24425506591797 18299
1752813345878 21.26573944091797 18349
1752813372938 21.244142532348633 18399
1752813381936 21.273569107055664 18449
1752813390958 21.107303619384766 18499
1752813399957 21.28502655029297 18549
1752813408955 21.139434814453125 18599
1752813435932 21.21600914001465 18649
1752813444909 21.204486846923828 18699
1752813453924 20.87602996826172 18749
1752813462906 21.192684173583984 18799
1752813471907 21.083946228027344 18849
1752813480871 21.041513442993164 18899
1752813507139 21.356159210205078 18949
1752813516120 21.24806785583496 18999
1752813525086 21.04412269592285 19049
1752813534071 21.19327163696289 19099
1752813543086 21.128833770751953 19149
1752813569098 21.141075134277344 19199
1752813578094 21.1788330078125 19249
1752813587092 21.35311508178711 19299
1752813596070 21.045034408569336 19349
1752813605067 21.014307022094727 19399
1752813614050 20.779027938842773 19449
1752813640123 21.119670867919922 19499
1752813649129 20.94633674621582 19549
1752813658136 21.078779220581055 19599
1752813667122 21.024364471435547 19649
1752813676141 21.138423919677734 19699
1752813702197 21.04308319091797 19749
1752813711194 21.16270637512207 19799
1752813720184 21.000282287597656 19849
1752813729175 20.88249397277832 19899
1752813738187 21.014753341674805 19949
1752813747159 21.06177520751953 19999
1752813773259 20.891931533813477 20049
1752813782307 21.05990982055664 20099
1752813791326 21.162174224853516 20149
1752813800317 21.08917999267578 20199
1752813809325 20.968242645263672 20249
1752813835300 21.232892990112305 20299
1752813844309 21.217113494873047 20349
1752813853302 20.712642669677734 20399
1752813862302 21.07854652404785 20449
1752813871305 21.008344650268555 20499
1752813880232 20.995241165161133 20549
1752813906298 20.96501922607422 20599
1752813915300 20.957557678222656 20649
1752813924266 21.043441772460938 20699
1752813933256 20.91767120361328 20749
1752813942276 21.134864807128906 20799
1752813968224 21.110544204711914 20849
1752813977232 20.649076461791992 20899
1752813986215 21.07130241394043 20949
1752813995205 20.917984008789062 20999
1752814004182 20.809003829956055 21049
1752814030622 20.97000503540039 21099
1752814039607 20.955904006958008 21149
1752814048637 20.903892517089844 21199
1752814057636 21.203168869018555 21249
1752814066622 20.868061065673828 21299
1752814075615 20.96467399597168 21349
1752814102572 20.823749542236328 21399
1752814111540 21.041751861572266 21449
1752814120534 20.816862106323242 21499
1752814129498 21.174983978271484 21549
1752814138498 20.87568473815918 21599
1752814165572 20.957763671875 21649
1752814174564 20.73043441772461 21699
1752814183544 20.897418975830078 21749
1752814192537 20.570899963378906 21799
1752814201546 20.92017364501953 21849
1752814210532 20.751222610473633 21899
1752814237085 20.883888244628906 21949
1752814246091 20.97261619567871 21999
1752814255080 20.683162689208984 22049
1752814264038 20.7878360748291 22099
1752814273005 20.95058250427246 22149
1752814299063 20.653743743896484 22199
1752814308048 21.0600643157959 22249
1752814317039 20.953336715698242 22299
1752814326047 20.865068435668945 22349
1752814335060 20.902149200439453 22399
1752814344046 20.878646850585938 22449
1752814371068 20.946287155151367 22499
1752814380056 20.87403678894043 22549
1752814389040 20.76723289489746 22599
1752814398033 20.902141571044922 22649
1752814407017 20.983537673950195 22699
1752814433932 20.76919937133789 22749
1752814442932 20.841733932495117 22799
1752814451897 20.956003189086914 22849
1752814460920 20.651357650756836 22899
1752814469910 20.771087646484375 22949
1752814478939 20.984228134155273 22999
1752814505006 20.739418029785156 23049
1752814513992 20.92020034790039 23099
1752814522999 20.708715438842773 23149
1752814531983 20.99484634399414 23199
1752814540986 20.64305877685547 23249
1752814567883 20.828781127929688 23299
1752814576844 20.848731994628906 23349
1752814585846 21.03016471862793 23399
1752814594833 21.02920913696289 23449
1752814603835 20.941097259521484 23499
1752814612851 20.809600830078125 23549
1752814638818 20.973068237304688 23599
1752814647816 20.693504333496094 23649
1752814656815 20.99980926513672 23699
1752814665813 20.784101486206055 23749
1752814674828 20.850671768188477 23799
1752814700837 20.792028427124023 23849
1752814709811 20.93754768371582 23899
1752814718802 20.743886947631836 23949
1752814727746 20.83861541748047 23999
1752814736749 20.679391860961914 24049
1752814745753 21.011184692382812 24099
1752814772667 20.79361343383789 24149
1752814781655 20.8112735748291 24199
1752814790624 21.071062088012695 24249
1752814799653 20.80549430847168 24299
1752814808661 20.805185317993164 24349
1752814834576 20.536510467529297 24399
1752814843592 20.61014175415039 24449
1752814852591 20.554237365722656 24499
1752814861567 20.7929744720459 24549
1752814870577 20.661277770996094 24599
1752814879586 21.037282943725586 24649
1752814905417 20.686803817749023 24699
1752814914417 20.967187881469727 24749
1752814923417 20.82288932800293 24799
1752814932427 20.800296783447266 24849
1752814941469 20.58722686767578 24899
1752814968071 20.728923797607422 24949
1752814977060 20.5452880859375 24999
1752814986072 20.748537063598633 25049
1752814995077 20.84281349182129 25099
1752815004067 20.720523834228516 25149
1752815013053 20.50092887878418 25199
1752815039949 20.657209396362305 25249
1752815048929 20.57369041442871 25299
1752815057929 20.600605010986328 25349
1752815066910 20.894153594970703 25399
1752815075871 20.8206729888916 25449
1752815101863 20.57502555847168 25499
1752815110837 20.71099281311035 25549
1752815119805 20.82280158996582 25599
1752815128771 20.735206604003906 25649
1752815137762 20.80143928527832 25699
1752815146751 20.797985076904297 25749
1752815172904 20.82048797607422 25799
1752815181897 20.865079879760742 25849
1752815190908 20.518781661987305 25899
1752815199900 20.649919509887695 25949
1752815208887 20.779329299926758 25999
1752815235380 20.507568359375 26049
1752815244388 20.8046875 26099
1752815253394 20.613737106323242 26149
1752815262385 20.98123550415039 26199
1752815271379 20.439952850341797 26249
1752815280341 20.71072769165039 26299
1752815306394 20.747520446777344 26349
1752815315402 20.5753231048584 26399
1752815324389 20.73768424987793 26449
1752815333388 20.631061553955078 26499
1752815342363 20.35424041748047 26549
1752815369014 20.958290100097656 26599
1752815378025 20.70479965209961 26649
1752815387007 20.720108032226562 26699
1752815395983 20.54296875 26749
1752815404978 20.636198043823242 26799
1752815413925 20.461668014526367 26849
1752815440544 20.595256805419922 26899
1752815449525 20.640851974487305 26949
1752815458503 20.85187530517578 26999
1752815467491 20.385906219482422 27049
1752815476497 20.807815551757812 27099
1752815502686 20.76254653930664 27149
1752815511690 20.917469024658203 27199
1752815520691 20.519210815429688 27249
1752815529707 20.75731658935547 27299
1752815538725 20.463838577270508 27349
1752815547660 20.624109268188477 27399
