1752808900741 7.4770026206970215 49
1752808909665 7.658421993255615 99
1752808918582 6.33192253112793 149
1752808927542 5.573648929595947 199
1752808936458 5.6168084144592285 249
1752808963436 5.563429355621338 299
1752808972384 5.90347957611084 349
1752808981331 4.618366718292236 399
1752808990285 5.940665245056152 449
1752808999243 4.480627536773682 499
1752809026534 4.999946594238281 549
1752809035498 7.0060319900512695 599
1752809044462 3.666390895843506 649
1752809053455 4.873751163482666 699
1752809062437 7.216699600219727 749
1752809071420 5.963144779205322 799
1752809098245 4.713080406188965 849
1752809107223 4.6256422996521 899
1752809116214 6.654884338378906 949
1752809125169 5.01713228225708 999
1752809134134 3.515486240386963 1049
1752809161059 5.252347946166992 1099
1752809170021 3.4481582641601562 1149
1752809178999 3.820291042327881 1199
1752809187965 3.3934855461120605 1249
1752809196952 3.9830989837646484 1299
1752809205913 3.6180834770202637 1349
1752809233246 4.3096747398376465 1399
1752809242236 4.481995582580566 1449
1752809251199 3.0200252532958984 1499
1752809260175 4.309746742248535 1549
1752809269163 4.261331558227539 1599
1752809296258 4.316324710845947 1649
1752809305219 2.833838939666748 1699
1752809314187 3.85272479057312 1749
1752809323155 3.9465630054473877 1799
1752809332144 3.5857536792755127 1849
1752809341133 2.741673469543457 1899
1752809367174 3.9037959575653076 1949
1752809376159 4.182801246643066 1999
1752809385134 3.556324005126953 2049
1752809394126 4.4845194816589355 2099
1752809403111 3.4142913818359375 2149
1752809430250 3.802720546722412 2199
1752809439239 4.104249000549316 2249
1752809448226 4.614165306091309 2299
1752809457215 3.2534241676330566 2349
1752809466206 3.435899257659912 2399
1752809475197 3.7482447624206543 2449
1752809501489 3.5749123096466064 2499
1752809510490 4.199395656585693 2549
1752809519441 3.972996711730957 2599
1752809528404 3.8449623584747314 2649
1752809537391 3.7828245162963867 2699
1752809564529 4.351304531097412 2749
1752809573489 4.03287410736084 2799
1752809582497 5.277443885803223 2849
1752809591476 2.9148874282836914 2899
1752809600444 3.6378931999206543 2949
1752809609449 3.8599629402160645 2999
1752809636729 2.6637659072875977 3049
1752809645724 3.0646448135375977 3099
1752809654700 3.9553184509277344 3149
1752809663684 2.3991572856903076 3199
1752809672671 4.439905166625977 3249
1752809699852 3.8239121437072754 3299
1752809708815 4.295767307281494 3349
1752809717783 3.7823657989501953 3399
1752809726786 3.8692736625671387 3449
1752809735781 3.6255171298980713 3499
1752809744791 3.355931282043457 3549
1752809770777 5.400787353515625 3599
1752809779735 3.2577362060546875 3649
1752809788712 4.207957744598389 3699
1752809797727 3.139089822769165 3749
1752809806717 3.3756332397460938 3799
1752809832782 3.85672926902771 3849
1752809841745 3.3133411407470703 3899
1752809850726 4.046230792999268 3949
1752809859728 4.391641616821289 3999
1752809868716 4.276386737823486 4049
1752809877708 4.375472068786621 4099
1752809903655 3.53719162940979 4149
1752809912651 3.180878162384033 4199
1752809921660 4.448454856872559 4249
1752809930643 4.0435028076171875 4299
1752809939620 4.417590618133545 4349
1752809965902 4.438512325286865 4399
1752809974890 2.589996814727783 4449
1752809983875 3.8484015464782715 4499
1752809992901 2.319775104522705 4549
1752810001903 4.503024578094482 4599
1752810010888 3.1085195541381836 4649
1752810037021 4.178519248962402 4699
1752810046003 4.1731085777282715 4749
1752810055003 3.714822292327881 4799
1752810063950 2.9021053314208984 4849
1752810072930 2.7970540523529053 4899
1752810099783 2.8868494033813477 4949
1752810108783 3.2526068687438965 4999
1752810117761 2.8218069076538086 5049
1752810126729 2.853466272354126 5099
1752810135722 2.7719764709472656 5149
1752810144715 2.132747173309326 5199
1752810172136 3.8276185989379883 5249
1752810181139 3.6203036308288574 5299
1752810190162 3.70548152923584 5349
1752810199159 3.011500835418701 5399
1752810208164 2.670081615447998 5449
1752810235315 2.5380921363830566 5499
1752810244294 3.4292874336242676 5549
1752810253296 3.737819194793701 5599
1752810262292 3.5483956336975098 5649
1752810271260 2.2991654872894287 5699
1752810280220 2.890693187713623 5749
1752810307268 3.3471436500549316 5799
1752810316228 2.6639156341552734 5849
1752810325232 3.2315807342529297 5899
1752810334233 4.1259765625 5949
1752810343247 3.796793222427368 5999
1752810369410 2.6279821395874023 6049
1752810378421 4.329410076141357 6099
1752810387379 3.416883707046509 6149
1752810396384 3.966073989868164 6199
1752810405366 4.264164924621582 6249
1752810414307 3.4556751251220703 6299
1752810440220 2.4257736206054688 6349
1752810449199 3.418487071990967 6399
1752810458180 2.818286418914795 6449
1752810467188 3.137086868286133 6499
1752810476169 2.9554526805877686 6549
1752810502885 2.8779430389404297 6599
1752810511868 2.2270965576171875 6649
1752810520843 2.8842573165893555 6699
1752810529812 2.5240421295166016 6749
1752810538777 3.6704201698303223 6799
1752810547696 3.1811070442199707 6849
1752810574151 3.4839930534362793 6899
1752810583132 3.444438934326172 6949
1752810592103 3.4703502655029297 6999
1752810601103 3.0106723308563232 7049
1752810610107 4.101587772369385 7099
1752810636316 2.444936990737915 7149
1752810645315 3.390939712524414 7199
1752810654299 2.530705213546753 7249
1752810663287 3.291649341583252 7299
1752810672276 2.904632568359375 7349
1752810698186 3.0481081008911133 7399
1752810707203 2.6166927814483643 7449
1752810716186 2.3405511379241943 7499
1752810725214 2.607990264892578 7549
1752810734223 3.074777126312256 7599
1752810743218 2.6143198013305664 7649
1752810770018 3.3259201049804688 7699
1752810779019 2.8554961681365967 7749
1752810787992 2.6861114501953125 7799
1752810796988 2.878925085067749 7849
1752810805984 3.305759906768799 7899
1752810833081 5.023489952087402 7949
1752810842076 3.2897915840148926 7999
1752810851065 2.7807655334472656 8049
1752810860068 3.637348175048828 8099
1752810869058 3.8090763092041016 8149
1752810878005 2.868353843688965 8199
1752810903894 2.557316780090332 8249
1752810912887 3.832214832305908 8299
1752810921867 2.6338396072387695 8349
1752810930839 2.7158424854278564 8399
1752810939827 3.876908302307129 8449
1752810966895 3.55122447013855 8499
1752810975901 3.2093148231506348 8549
1752810984882 3.606752395629883 8599
1752810993842 2.9712467193603516 8649
1752811002842 4.495473861694336 8699
1752811011825 3.5567657947540283 8749
1752811037713 4.651357173919678 8799
1752811046701 2.7446393966674805 8849
1752811055695 3.0666069984436035 8899
1752811064673 2.4997243881225586 8949
1752811073665 3.172924757003784 8999
1752811099739 3.013165235519409 9049
1752811108727 2.639451503753662 9099
1752811117709 2.8542726039886475 9149
1752811126722 2.2841668128967285 9199
1752811135739 3.660081148147583 9249
1752811144732 4.32617712020874 9299
1752811170534 3.980299711227417 9349
1752811179515 4.134156227111816 9399
1752811188493 2.4684267044067383 9449
1752811197492 3.976508617401123 9499
1752811206469 2.8811240196228027 9549
1752811232815 3.2903220653533936 9599
1752811241779 2.868374824523926 9649
1752811250743 3.1868178844451904 9699
1752811259886 3.231062412261963 9749
1752811268943 3.7094149589538574 9799
1752811277935 2.746147394180298 9849
1752811304232 3.6019582748413086 9899
1752811313236 3.1669421195983887 9949
1752811322225 2.6461009979248047 9999
1752811331220 2.638151168823242 10049
1752811340191 2.651257276535034 10099
1752811366325 4.853071212768555 10149
1752811375302 2.1135663986206055 10199
1752811384279 2.758405923843384 10249
1752811393307 3.2021124362945557 10299
1752811402296 2.849158763885498 10349
1752811411298 3.0354747772216797 10399
1752811438469 3.4767417907714844 10449
1752811447446 2.6910696029663086 10499
1752811456476 3.174147605895996 10549
1752811465477 3.061363935470581 10599
1752811474488 2.4279074668884277 10649
1752811501719 3.377028465270996 10699
1752811510683 2.4790868759155273 10749
1752811519689 2.430497169494629 10799
1752811528688 5.885931491851807 10849
1752811537686 2.8339052200317383 10899
1752811546664 3.287202835083008 10949
1752811572657 2.6534535884857178 10999
1752811581664 2.042757987976074 11049
1752811590648 3.504734516143799 11099
1752811599652 2.735379695892334 11149
1752811608676 3.20025634765625 11199
1752811634754 3.3350977897644043 11249
1752811643775 2.5980803966522217 11299
1752811652757 3.20992112159729 11349
1752811661762 2.7618556022644043 11399
1752811670751 1.9786350727081299 11449
1752811679742 2.658695697784424 11499
1752811705644 3.5413191318511963 11549
1752811714662 2.8586647510528564 11599
1752811723651 3.150144100189209 11649
1752811732638 3.4001011848449707 11699
1752811741631 3.5524344444274902 11749
1752811767863 2.3853259086608887 11799
1752811776840 2.6397953033447266 11849
1752811785826 2.4748897552490234 11899
1752811794844 2.821920156478882 11949
1752811803817 2.9973716735839844 11999
1752811812765 2.932647943496704 12049
1752811839895 2.9000887870788574 12099
1752811848895 3.1845765113830566 12149
1752811857903 2.863190174102783 12199
1752811866903 2.8634138107299805 12249
1752811875893 3.913094997406006 12299
1752811902192 3.150378704071045 12349
1752811911180 2.776698112487793 12399
1752811920147 2.1780786514282227 12449
1752811929160 2.384228229522705 12499
1752811938171 3.2609610557556152 12549
1752811947130 3.476583957672119 12599
1752811973116 2.810051441192627 12649
1752811982100 2.6657774448394775 12699
1752811991093 2.782923936843872 12749
1752812000091 5.086138725280762 12799
1752812009092 2.3961050510406494 12849
1752812035294 2.8809661865234375 12899
1752812044276 2.386176586151123 12949
1752812053265 5.489208221435547 12999
1752812062251 3.4624924659729004 13049
1752812071228 2.7795369625091553 13099
1752812080184 3.1097917556762695 13149
1752812106370 3.07696795463562 13199
1752812115376 2.8183374404907227 13249
1752812124396 2.7669010162353516 13299
1752812133393 2.917295217514038 13349
1752812142386 3.6068954467773438 13399
1752812168263 5.354974746704102 13449
1752812177262 3.0630712509155273 13499
1752812186269 2.0778536796569824 13549
1752812195270 2.5256121158599854 13599
1752812204264 2.744394302368164 13649
1752812213215 3.073866367340088 13699
1752812240899 2.670464515686035 13749
1752812249889 2.2646079063415527 13799
1752812258887 2.4428930282592773 13849
1752812267870 2.167137622833252 13899
1752812276880 3.15602970123291 13949
1752812304080 3.0601046085357666 13999
1752812313068 2.8200178146362305 14049
1752812322055 2.925663948059082 14099
1752812331062 2.3745079040527344 14149
1752812340061 2.842151641845703 14199
1752812367029 2.8919453620910645 14249
1752812376036 2.013551950454712 14299
1752812385016 3.0256025791168213 14349
1752812394030 2.102494239807129 14399
1752812403045 2.500392436981201 14449
1752812412044 3.1470682621002197 14499
1752812438035 2.600018262863159 14549
1752812447026 4.566308975219727 14599
1752812456023 2.6499218940734863 14649
1752812465032 2.170511245727539 14699
1752812474039 2.3696606159210205 14749
1752812500321 3.1518924236297607 14799
1752812509328 2.078202247619629 14849
1752812518312 2.586141586303711 14899
1752812527308 2.7918829917907715 14949
1752812536304 2.889394521713257 14999
1752812545309 2.6606593132019043 15049
1752812571819 3.0068180561065674 15099
1752812580837 4.696495056152344 15149
1752812589825 2.7264676094055176 15199
1752812598847 2.705477237701416 15249
1752812607843 1.9246492385864258 15299
1752812633817 2.555251359939575 15349
1752812642809 3.4659483432769775 15399
1752812651801 2.597747325897217 15449
1752812660804 2.258413553237915 15499
1752812669790 2.2620692253112793 15549
1752812678795 2.279913902282715 15599
1752812705887 3.3565449714660645 15649
1752812714887 2.034851551055908 15699
1752812723908 3.621006488800049 15749
1752812732913 1.8765435218811035 15799
1752812741923 2.4402122497558594 15849
1752812768075 1.8444044589996338 15899
1752812777046 2.187007427215576 15949
1752812786038 2.9367597103118896 15999
1752812795040 2.965468406677246 16049
1752812804026 1.7169798612594604 16099
1752812813033 2.967940330505371 16149
1752812839101 2.225457191467285 16199
1752812848084 3.2721874713897705 16249
1752812857059 3.312716484069824 16299
1752812866072 3.3990225791931152 16349
1752812875071 3.492619752883911 16399
1752812901168 2.65061616897583 16449
1752812910163 4.131968021392822 16499
1752812919148 3.097990036010742 16549
1752812928146 2.6934263706207275 16599
1752812937134 3.270695209503174 16649
1752812946127 3.4801454544067383 16699
1752812972192 2.273857831954956 16749
1752812981185 2.773876667022705 16799
1752812990206 2.040558338165283 16849
1752812999191 3.498605728149414 16899
1752813008211 3.4630675315856934 16949
1752813034680 1.9273560047149658 16999
1752813043638 2.8338401317596436 17049
1752813052638 2.043750047683716 17099
1752813061645 2.612304210662842 17149
1752813070641 2.858081817626953 17199
1752813079624 3.8900351524353027 17249
1752813105710 2.6557302474975586 17299
1752813114697 2.416361093521118 17349
1752813123680 2.3822526931762695 17399
1752813132680 2.574803590774536 17449
1752813141687 3.164578914642334 17499
1752813167776 2.3751070499420166 17549
1752813176780 2.2515621185302734 17599
1752813185776 1.9466156959533691 17649
1752813194777 3.0238194465637207 17699
1752813203786 2.5267226696014404 17749
1752813212799 2.7863078117370605 17799
1752813238847 2.4918365478515625 17849
1752813247848 2.041963577270508 17899
1752813256832 1.8745005130767822 17949
1752813265839 4.072782039642334 17999
1752813274823 2.208036184310913 18049
1752813300869 2.3081257343292236 18099
1752813309866 3.1043968200683594 18149
1752813318843 2.4961066246032715 18199
1752813327832 2.373265266418457 18249
1752813336832 2.332573413848877 18299
1752813345878 3.9212260246276855 18349
1752813372938 1.9480702877044678 18399
1752813381936 3.2885830402374268 18449
1752813390958 2.4875130653381348 18499
1752813399957 1.950412631034851 18549
1752813408955 3.6808881759643555 18599
1752813435932 2.11784029006958 18649
1752813444909 2.7517967224121094 18699
1752813453924 2.0235025882720947 18749
1752813462906 3.477447509765625 18799
1752813471907 2.7346320152282715 18849
1752813480871 2.6172142028808594 18899
1752813507139 4.504331588745117 18949
1752813516120 1.6758495569229126 18999
1752813525086 2.839731216430664 19049
1752813534071 2.143888473510742 19099
1752813543086 2.2913167476654053 19149
1752813569098 2.1105504035949707 19199
1752813578094 3.233088970184326 19249
1752813587092 2.5395750999450684 19299
1752813596070 1.6632699966430664 19349
1752813605067 2.5671792030334473 19399
1752813614050 3.0291976928710938 19449
1752813640123 2.1626877784729004 19499
1752813649129 1.8800132274627686 19549
1752813658136 3.5422768592834473 19599
1752813667122 1.9102109670639038 19649
1752813676141 2.246735095977783 19699
1752813702197 2.61635684967041 19749
1752813711194 2.7376208305358887 19799
1752813720184 2.585937023162842 19849
1752813729175 2.8667702674865723 19899
1752813738187 2.5641493797302246 19949
1752813747159 4.098067283630371 19999
1752813773259 2.7646403312683105 20049
1752813782307 2.182309865951538 20099
1752813791326 2.48164439201355 20149
1752813800317 2.817898750305176 20199
1752813809325 4.402123928070068 20249
1752813835300 1.6111167669296265 20299
1752813844309 2.018665075302124 20349
1752813853302 2.056129217147827 20399
1752813862302 2.0692241191864014 20449
1752813871305 2.289494752883911 20499
1752813880232 2.110109329223633 20549
1752813906298 2.1044373512268066 20599
1752813915300 1.9625275135040283 20649
1752813924266 1.8636491298675537 20699
1752813933256 2.5279712677001953 20749
1752813942276 2.629354476928711 20799
1752813968224 2.1063876152038574 20849
1752813977232 2.2326338291168213 20899
1752813986215 2.1435136795043945 20949
1752813995205 2.436729907989502 20999
1752814004182 1.766257882118225 21049
1752814030622 2.1098761558532715 21099
1752814039607 1.9889838695526123 21149
1752814048637 2.075653076171875 21199
1752814057636 2.655980110168457 21249
1752814066622 1.964482069015503 21299
1752814075615 3.1358938217163086 21349
1752814102572 2.725775957107544 21399
1752814111540 2.353867530822754 21449
1752814120534 3.6214346885681152 21499
1752814129498 2.2356534004211426 21549
1752814138498 3.0799338817596436 21599
1752814165572 3.0450799465179443 21649
1752814174564 2.366666316986084 21699
1752814183544 2.5260679721832275 21749
1752814192537 3.22229266166687 21799
1752814201546 3.6488051414489746 21849
1752814210532 2.4148998260498047 21899
1752814237085 2.0182182788848877 21949
1752814246091 2.532883644104004 21999
1752814255080 2.5106005668640137 22049
1752814264038 3.516693353652954 22099
1752814273005 2.2184295654296875 22149
1752814299063 2.7812142372131348 22199
1752814308048 1.8727686405181885 22249
1752814317039 4.362697124481201 22299
1752814326047 2.9112565517425537 22349
1752814335060 1.957496166229248 22399
1752814344046 2.11041259765625 22449
1752814371068 2.3734970092773438 22499
1752814380056 2.2540130615234375 22549
1752814389040 3.464430809020996 22599
1752814398033 2.8439645767211914 22649
1752814407017 2.7042136192321777 22699
1752814433932 4.12054967880249 22749
1752814442932 2.43093204498291 22799
1752814451897 1.8489594459533691 22849
1752814460920 2.680405855178833 22899
1752814469910 2.3399510383605957 22949
1752814478939 2.3224868774414062 22999
1752814505006 2.514847993850708 23049
1752814513992 2.1893815994262695 23099
1752814522999 1.9869270324707031 23149
1752814531983 2.0158298015594482 23199
1752814540986 2.762990713119507 23249
1752814567883 2.7012453079223633 23299
1752814576844 2.784468173980713 23349
1752814585846 2.368183135986328 23399
1752814594833 2.4709367752075195 23449
1752814603835 2.1524219512939453 23499
1752814612851 2.0397417545318604 23549
1752814638818 2.3827362060546875 23599
1752814647816 1.9210853576660156 23649
1752814656815 1.993203043937683 23699
1752814665813 2.148566246032715 23749
1752814674828 3.1484532356262207 23799
1752814700837 2.8262181282043457 23849
1752814709811 1.954267144203186 23899
1752814718802 2.4576330184936523 23949
1752814727746 2.96280574798584 23999
1752814736749 2.8350744247436523 24049
1752814745753 3.035684108734131 24099
1752814772667 1.8827412128448486 24149
1752814781655 2.8503777980804443 24199
1752814790624 2.6975581645965576 24249
1752814799653 1.9580042362213135 24299
1752814808661 2.3410463333129883 24349
1752814834576 2.5959174633026123 24399
1752814843592 2.1286704540252686 24449
1752814852591 2.642148017883301 24499
1752814861567 3.6963891983032227 24549
1752814870577 2.251585006713867 24599
1752814879586 2.4383201599121094 24649
1752814905417 1.8726954460144043 24699
1752814914417 2.2360944747924805 24749
1752814923417 3.034956216812134 24799
1752814932427 1.685605525970459 24849
1752814941469 2.3406572341918945 24899
1752814968071 3.1338043212890625 24949
1752814977060 2.6986212730407715 24999
1752814986072 3.9078288078308105 25049
1752814995077 3.442453145980835 25099
1752815004067 4.205838203430176 25149
1752815013053 3.40781307220459 25199
1752815039949 2.2258477210998535 25249
1752815048929 2.6770143508911133 25299
1752815057929 2.647641658782959 25349
1752815066910 3.0966429710388184 25399
1752815075871 2.0084452629089355 25449
1752815101863 2.048837900161743 25499
1752815110837 1.6072088479995728 25549
1752815119805 1.7394638061523438 25599
1752815128771 2.863377571105957 25649
1752815137762 1.846151351928711 25699
1752815146751 1.9654521942138672 25749
1752815172904 3.7417070865631104 25799
1752815181897 3.702677011489868 25849
1752815190908 2.570918083190918 25899
1752815199900 3.001018762588501 25949
1752815208887 2.0470564365386963 25999
1752815235380 1.9853941202163696 26049
1752815244388 2.5881032943725586 26099
1752815253394 2.00485897064209 26149
1752815262385 1.7392017841339111 26199
1752815271379 3.324972629547119 26249
1752815280341 2.915804862976074 26299
1752815306394 1.8188222646713257 26349
1752815315402 1.8609952926635742 26399
1752815324389 3.623704433441162 26449
1752815333388 3.781831741333008 26499
1752815342363 2.4120805263519287 26549
1752815369014 1.766911506652832 26599
1752815378025 2.7072818279266357 26649
1752815387007 1.983142375946045 26699
1752815395983 1.742232322692871 26749
1752815404978 2.822303056716919 26799
1752815413925 1.7668209075927734 26849
1752815440544 3.639214515686035 26899
1752815449525 2.9463469982147217 26949
1752815458503 2.406693696975708 26999
1752815467491 3.5795130729675293 27049
1752815476497 1.9439098834991455 27099
1752815502686 2.1556334495544434 27149
1752815511690 2.048806667327881 27199
1752815520691 3.242403030395508 27249
1752815529707 2.325258731842041 27299
1752815538725 2.6986589431762695 27349
1752815547660 2.4946975708007812 27399
