1752808900741 0.09946651756763458 49
1752808909665 0.08757563680410385 99
1752808918582 0.07498007267713547 149
1752808927542 0.06487686187028885 199
1752808936458 0.06538722664117813 249
1752808963436 0.06517676264047623 299
1752808972384 0.06738991290330887 349
1752808981331 0.05438082292675972 399
1752808990285 0.06784897297620773 449
1752808999243 0.0526377409696579 499
1752809026534 0.05876780301332474 549
1752809035498 0.07805870473384857 599
1752809044462 0.044109001755714417 649
1752809053455 0.05705253407359123 699
1752809062437 0.0800580084323883 749
1752809071420 0.06823953986167908 799
1752809098245 0.05502626299858093 849
1752809107223 0.054516810923814774 899
1752809116214 0.07380016893148422 949
1752809125169 0.0573575533926487 999
1752809134134 0.041812676936388016 1049
1752809161059 0.05909176170825958 1099
1752809170021 0.0404178723692894 1149
1752809178999 0.044614214450120926 1199
1752809187965 0.040483467280864716 1249
1752809196952 0.04644208028912544 1299
1752809205913 0.043714091181755066 1349
1752809233246 0.04989964887499809 1399
1752809242236 0.05129818245768547 1449
1752809251199 0.037097569555044174 1499
1752809260175 0.04897086322307587 1549
1752809269163 0.049856603145599365 1599
1752809296258 0.04989925026893616 1649
1752809305219 0.03357471153140068 1699
1752809314187 0.045601729303598404 1749
1752809323155 0.04606305807828903 1799
1752809332144 0.04151016101241112 1849
1752809341133 0.03213410824537277 1899
1752809367174 0.04551874101161957 1949
1752809376159 0.047616273164749146 1999
1752809385134 0.041178785264492035 2049
1752809394126 0.05071917921304703 2099
1752809403111 0.03917142003774643 2149
1752809430250 0.04395386949181557 2199
1752809439239 0.04658908769488335 2249
1752809448226 0.052201926708221436 2299
1752809457215 0.03782011941075325 2349
1752809466206 0.03967105597257614 2399
1752809475197 0.04351712763309479 2449
1752809501489 0.0405607745051384 2499
1752809510490 0.047697827219963074 2549
1752809519441 0.04583394527435303 2599
1752809528404 0.04338029399514198 2649
1752809537391 0.04281092435121536 2699
1752809564529 0.048484813421964645 2749
1752809573489 0.04557080939412117 2799
1752809582497 0.058677855879068375 2849
1752809591476 0.03415317088365555 2899
1752809600444 0.041394032537937164 2949
1752809609449 0.04409031942486763 2999
1752809636729 0.03185153752565384 3049
1752809645724 0.036003585904836655 3099
1752809654700 0.044194482266902924 3149
1752809663684 0.028362873941659927 3199
1752809672671 0.049259547144174576 3249
1752809699852 0.0437529981136322 3299
1752809708815 0.04845459759235382 3349
1752809717783 0.04301442205905914 3399
1752809726786 0.0435476191341877 3449
1752809735781 0.041341494768857956 3499
1752809744791 0.038119036704301834 3549
1752809770777 0.059695854783058167 3599
1752809779735 0.03665127977728844 3649
1752809788712 0.04728713631629944 3699
1752809797727 0.03628259524703026 3749
1752809806717 0.03858981654047966 3799
1752809832782 0.043630339205265045 3849
1752809841745 0.037379421293735504 3899
1752809850726 0.045214854180812836 3949
1752809859728 0.049020566046237946 3999
1752809868716 0.047215599566698074 4049
1752809877708 0.0491761714220047 4099
1752809903655 0.04010602459311485 4149
1752809912651 0.036357082426548004 4199
1752809921660 0.049111783504486084 4249
1752809930643 0.044931940734386444 4299
1752809939620 0.04951733350753784 4349
1752809965902 0.04936814308166504 4399
1752809974890 0.030207308009266853 4449
1752809983875 0.043053556233644485 4499
1752809992901 0.02776937186717987 4549
1752810001903 0.04964427649974823 4599
1752810010888 0.03559762239456177 4649
1752810037021 0.04681255295872688 4699
1752810046003 0.046989694237709045 4749
1752810055003 0.04208514466881752 4799
1752810063950 0.033643938601017 4849
1752810072930 0.03183398023247719 4899
1752810099783 0.03330681473016739 4949
1752810108783 0.037109483033418655 4999
1752810117761 0.03205110505223274 5049
1752810126729 0.03259268403053284 5099
1752810135722 0.03193790465593338 5149
1752810144715 0.02500443160533905 5199
1752810172136 0.04301975667476654 5249
1752810181139 0.04101143777370453 5299
1752810190162 0.04190649092197418 5349
1752810199159 0.034360721707344055 5399
1752810208164 0.031054573133587837 5449
1752810235315 0.02957512065768242 5499
1752810244294 0.03885835036635399 5549
1752810253296 0.041603393852710724 5599
1752810262292 0.03945234790444374 5649
1752810271260 0.0273249801248312 5699
1752810280220 0.0333123616874218 5749
1752810307268 0.03741041198372841 5799
1752810316228 0.030767936259508133 5849
1752810325232 0.037069499492645264 5899
1752810334233 0.045766159892082214 5949
1752810343247 0.04259949550032616 5999
1752810369410 0.030710658058524132 6049
1752810378421 0.04788815602660179 6099
1752810387379 0.03797203674912453 6149
1752810396384 0.04458753019571304 6199
1752810405366 0.047689661383628845 6249
1752810414307 0.03905171900987625 6299
1752810440220 0.028532085940241814 6349
1752810449199 0.03839921951293945 6399
1752810458180 0.032331593334674835 6449
1752810467188 0.03551940247416496 6499
1752810476169 0.03354949504137039 6549
1752810502885 0.0327627994120121 6599
1752810511868 0.026205141097307205 6649
1752810520843 0.033103737980127335 6699
1752810529812 0.029087625443935394 6749
1752810538777 0.04117307439446449 6799
1752810547696 0.03613799810409546 6849
1752810574151 0.03938990831375122 6899
1752810583132 0.03869079425930977 6949
1752810592103 0.03861590102314949 6999
1752810601103 0.0340229757130146 7049
1752810610107 0.04545683041214943 7099
1752810636316 0.028616050258278847 7149
1752810645315 0.03784290701150894 7199
1752810654299 0.028737958520650864 7249
1752810663287 0.03742466866970062 7299
1752810672276 0.0330953411757946 7349
1752810698186 0.0345139354467392 7399
1752810707203 0.030277641490101814 7449
1752810716186 0.027233384549617767 7499
1752810725214 0.030063416808843613 7549
1752810734223 0.03604084625840187 7599
1752810743218 0.02996627800166607 7649
1752810770018 0.037719350308179855 7699
1752810779019 0.03148685023188591 7749
1752810787992 0.03110819309949875 7799
1752810796988 0.03263648599386215 7849
1752810805984 0.03708082064986229 7899
1752810833081 0.05489257350564003 7949
1752810842076 0.037081047892570496 7999
1752810851065 0.031689152121543884 8049
1752810860068 0.04113251343369484 8099
1752810869058 0.04249928146600723 8149
1752810878005 0.033330000936985016 8199
1752810903894 0.029549065977334976 8249
1752810912887 0.043585360050201416 8299
1752810921867 0.030167337507009506 8349
1752810930839 0.031450994312763214 8399
1752810939827 0.04275090619921684 8449
1752810966895 0.03935413062572479 8499
1752810975901 0.036590754985809326 8549
1752810984882 0.04103795439004898 8599
1752810993842 0.03350501134991646 8649
1752811002842 0.049507562071084976 8699
1752811011825 0.039699189364910126 8749
1752811037713 0.051487065851688385 8799
1752811046701 0.03197949379682541 8849
1752811055695 0.03448008745908737 8899
1752811064673 0.028614066541194916 8949
1752811073665 0.03591110557317734 8999
1752811099739 0.034735798835754395 9049
1752811108727 0.030068520456552505 9099
1752811117709 0.032420624047517776 9149
1752811126722 0.026746204122900963 9199
1752811135739 0.04039450362324715 9249
1752811144732 0.047719359397888184 9299
1752811170534 0.04349248856306076 9349
1752811179515 0.04567830264568329 9399
1752811188493 0.028223905712366104 9449
1752811197492 0.043813835829496384 9499
1752811206469 0.032604485750198364 9549
1752811232815 0.03684632107615471 9599
1752811241779 0.03220950439572334 9649
1752811250743 0.03592611476778984 9699
1752811259886 0.03626024350523949 9749
1752811268943 0.04166632890701294 9799
1752811277935 0.031100884079933167 9849
1752811304232 0.039775408804416656 9899
1752811313236 0.03601863235235214 9949
1752811322225 0.030371148139238358 9999
1752811331220 0.030377954244613647 10049
1752811340191 0.030253170058131218 10099
1752811366325 0.0531073734164238 10149
1752811375302 0.02489626407623291 10199
1752811384279 0.031095225363969803 10249
1752811393307 0.03650081902742386 10299
1752811402296 0.03250914812088013 10349
1752811411298 0.03416166082024574 10399
1752811438469 0.0387987419962883 10449
1752811447446 0.03141487017273903 10499
1752811456476 0.0353597030043602 10549
1752811465477 0.034788694232702255 10599
1752811474488 0.02851760759949684 10649
1752811501719 0.0381779819726944 10699
1752811510683 0.028905702754855156 10749
1752811519689 0.02815581113100052 10799
1752811528688 0.06320822238922119 10849
1752811537686 0.03189857304096222 10899
1752811546664 0.036398544907569885 10949
1752811572657 0.030410464853048325 10999
1752811581664 0.024753311648964882 11049
1752811590648 0.03905342519283295 11099
1752811599652 0.03173738718032837 11149
1752811608676 0.0358547605574131 11199
1752811634754 0.03729310631752014 11249
1752811643775 0.029933393001556396 11299
1752811652757 0.03610372170805931 11349
1752811661762 0.030974585562944412 11399
1752811670751 0.023275641724467278 11449
1752811679742 0.03012987971305847 11499
1752811705644 0.04000655561685562 11549
1752811714662 0.03253890946507454 11599
1752811723651 0.03555886074900627 11649
1752811732638 0.03776014596223831 11699
1752811741631 0.039538249373435974 11749
1752811767863 0.02818678691983223 11799
1752811776840 0.02996825985610485 11849
1752811785826 0.028604941442608833 11899
1752811794844 0.03225887566804886 11949
1752811803817 0.034153979271650314 11999
1752811812765 0.03292514756321907 12049
1752811839895 0.032950107008218765 12099
1752811848895 0.03638823330402374 12149
1752811857903 0.03228871524333954 12199
1752811866903 0.032439734786748886 12249
1752811875893 0.04338141530752182 12299
1752811902192 0.035132937133312225 12349
1752811911180 0.03161204233765602 12399
1752811920147 0.02524695359170437 12449
1752811929160 0.02764304354786873 12499
1752811938171 0.03637665882706642 12549
1752811947130 0.03875656798481941 12599
1752811973116 0.03184909000992775 12649
1752811982100 0.03009609878063202 12699
1752811991093 0.03163830190896988 12749
1752812000091 0.055958040058612823 12799
1752812009092 0.027972200885415077 12849
1752812035294 0.03242592513561249 12899
1752812044276 0.02718183398246765 12949
1752812053265 0.059160880744457245 12999
1752812062251 0.03852776065468788 13049
1752812071228 0.03141754865646362 13099
1752812080184 0.03484829515218735 13149
1752812106370 0.03469376638531685 13199
1752812115376 0.03216191753745079 13249
1752812124396 0.031569648534059525 13299
1752812133393 0.03327928110957146 13349
1752812142386 0.04064369201660156 13399
1752812168263 0.057880107313394547 13449
1752812177262 0.03436461463570595 13499
1752812186269 0.02480984665453434 13549
1752812195270 0.029463620856404305 13599
1752812204264 0.031577274203300476 13649
1752812213215 0.03466767445206642 13699
1752812240899 0.030227091163396835 13749
1752812249889 0.026136251166462898 13799
1752812258887 0.028194257989525795 13849
1752812267870 0.024908948689699173 13899
1752812276880 0.03551746904850006 13949
1752812304080 0.034116506576538086 13999
1752812313068 0.031735192984342575 14049
1752812322055 0.03321778029203415 14099
1752812331062 0.02731064334511757 14149
1752812340061 0.03199376165866852 14199
1752812367029 0.03334251046180725 14249
1752812376036 0.024120669811964035 14299
1752812385016 0.03385142982006073 14349
1752812394030 0.02422054298222065 14399
1752812403045 0.02873033471405506 14449
1752812412044 0.035290319472551346 14499
1752812438035 0.02927158772945404 14549
1752812447026 0.05009733512997627 14599
1752812456023 0.030270176008343697 14649
1752812465032 0.025190120562911034 14699
1752812474039 0.02739630825817585 14749
1752812500321 0.03503071144223213 14799
1752812509328 0.024370981380343437 14849
1752812518312 0.029874594882130623 14899
1752812527308 0.03163894638419151 14949
1752812536304 0.03288686275482178 14999
1752812545309 0.030147461220622063 15049
1752812571819 0.033987872302532196 15099
1752812580837 0.05153590068221092 15149
1752812589825 0.030515963211655617 15199
1752812598847 0.03057374432682991 15249
1752812607843 0.02261124551296234 15299
1752812633817 0.029605170711874962 15349
1752812642809 0.03868533670902252 15399
1752812651801 0.029688896611332893 15449
1752812660804 0.026279762387275696 15499
1752812669790 0.026324903592467308 15549
1752812678795 0.02584799751639366 15599
1752812705887 0.03765793889760971 15649
1752812714887 0.02327144518494606 15699
1752812723908 0.04026973247528076 15749
1752812732913 0.022219263017177582 15799
1752812741923 0.027967505156993866 15849
1752812768075 0.0223093219101429 15899
1752812777046 0.02584284357726574 15949
1752812786038 0.033238817006349564 15999
1752812795040 0.03286420926451683 16049
1752812804026 0.02036510407924652 16099
1752812813033 0.03332997113466263 16149
1752812839101 0.025665050372481346 16199
1752812848084 0.036207787692546844 16249
1752812857059 0.036722294986248016 16299
1752812866072 0.03801847994327545 16349
1752812875071 0.03857729583978653 16399
1752812901168 0.029889002442359924 16449
1752812910163 0.04483664408326149 16499
1752812919148 0.03545854613184929 16549
1752812928146 0.030633293092250824 16599
1752812937134 0.03693901747465134 16649
1752812946127 0.038744643330574036 16699
1752812972192 0.025995498523116112 16749
1752812981185 0.030960051342844963 16799
1752812990206 0.023864343762397766 16849
1752812999191 0.039135850965976715 16899
1752813008211 0.038573067635297775 16949
1752813034680 0.022415881976485252 16999
1752813043638 0.03169342130422592 17049
1752813052638 0.024100832641124725 17099
1752813061645 0.029470648616552353 17149
1752813070641 0.03230476751923561 17199
1752813079624 0.04310078173875809 17249
1752813105710 0.029899079352617264 17299
1752813114697 0.028223413974046707 17349
1752813123680 0.028003333136439323 17399
1752813132680 0.02912195213139057 17449
1752813141687 0.0357707180082798 17499
1752813167776 0.027886291965842247 17549
1752813176780 0.0259015541523695 17599
1752813185776 0.022957321256399155 17649
1752813194777 0.03407633304595947 17699
1752813203786 0.02878495864570141 17749
1752813212799 0.03141044080257416 17799
1752813238847 0.029279103502631187 17849
1752813247848 0.02398650534451008 17899
1752813256832 0.021866239607334137 17949
1752813265839 0.04474693536758423 17999
1752813274823 0.025871384888887405 18049
1752813300869 0.026817038655281067 18099
1752813309866 0.03469268977642059 18149
1752813318843 0.02866433374583721 18199
1752813327832 0.02703421376645565 18249
1752813336832 0.027006909251213074 18299
1752813345878 0.04314037412405014 18349
1752813372938 0.023047834634780884 18399
1752813381936 0.036855340003967285 18449
1752813390958 0.028672747313976288 18499
1752813399957 0.023113984614610672 18549
1752813408955 0.04121870547533035 18599
1752813435932 0.024156766012310982 18649
1752813444909 0.03158601000905037 18699
1752813453924 0.023322874680161476 18749
1752813462906 0.038884080946445465 18799
1752813471907 0.031485121697187424 18849
1752813480871 0.03006698191165924 18899
1752813507139 0.049398019909858704 18949
1752813516120 0.0202040858566761 18999
1752813525086 0.032042570412158966 19049
1752813534071 0.024899441748857498 19099
1752813543086 0.026686761528253555 19149
1752813569098 0.024225525557994843 19199
1752813578094 0.03614061698317528 19249
1752813587092 0.029121020808815956 19299
1752813596070 0.01954004168510437 19349
1752813605067 0.028942199423909187 19399
1752813614050 0.034329626709222794 19449
1752813640123 0.025014284998178482 19499
1752813649129 0.021727044135332108 19549
1752813658136 0.03936247527599335 19599
1752813667122 0.022688113152980804 19649
1752813676141 0.025769267231225967 19699
1752813702197 0.029692230746150017 19749
1752813711194 0.03089854121208191 19799
1752813720184 0.030153125524520874 19849
1752813729175 0.032600287348032 19899
1752813738187 0.029184607788920403 19949
1752813747159 0.04551519826054573 19999
1752813773259 0.03179796040058136 20049
1752813782307 0.025377944111824036 20099
1752813791326 0.028406843543052673 20149
1752813800317 0.03186718374490738 20199
1752813809325 0.047526199370622635 20249
1752813835300 0.018979571759700775 20299
1752813844309 0.023483451455831528 20349
1752813853302 0.02407216466963291 20399
1752813862302 0.023796632885932922 20449
1752813871305 0.02641482837498188 20499
1752813880232 0.02436067909002304 20549
1752813906298 0.024585524573922157 20599
1752813915300 0.022888921201229095 20649
1752813924266 0.021755320951342583 20699
1752813933256 0.0289376862347126 20749
1752813942276 0.029805460944771767 20799
1752813968224 0.02464553341269493 20849
1752813977232 0.025813262909650803 20899
1752813986215 0.024723803624510765 20949
1752813995205 0.027733860537409782 20999
1752814004182 0.020510099828243256 21049
1752814030622 0.024431435391306877 21099
1752814039607 0.022999946027994156 21149
1752814048637 0.024702655151486397 21199
1752814057636 0.030048947781324387 21249
1752814066622 0.022796504199504852 21299
1752814075615 0.03549422696232796 21349
1752814102572 0.03117787465453148 21399
1752814111540 0.026752831414341927 21449
1752814120534 0.040425609797239304 21499
1752814129498 0.02549467235803604 21549
1752814138498 0.034893885254859924 21599
1752814165572 0.03451439365744591 21649
1752814174564 0.02718750759959221 21699
1752814183544 0.029291369020938873 21749
1752814192537 0.03601667284965515 21799
1752814201546 0.039947763085365295 21849
1752814210532 0.02835104428231716 21899
1752814237085 0.023892082273960114 21949
1752814246091 0.02886142209172249 21999
1752814255080 0.028496503829956055 22049
1752814264038 0.039165303111076355 22099
1752814273005 0.025818312540650368 22149
1752814299063 0.03170720115303993 22199
1752814308048 0.02148778736591339 22249
1752814317039 0.0474405400454998 22299
1752814326047 0.03323094919323921 22349
1752814335060 0.022507762536406517 22399
1752814344046 0.02392916940152645 22449
1752814371068 0.027271008118987083 22499
1752814380056 0.025962689891457558 22549
1752814389040 0.03809305280447006 22599
1752814398033 0.03194804489612579 22649
1752814407017 0.030605627223849297 22699
1752814433932 0.04487542062997818 22749
1752814442932 0.027404198423027992 22799
1752814451897 0.021604010835289955 22849
1752814460920 0.030955417081713676 22899
1752814469910 0.027035918086767197 22949
1752814478939 0.026521679013967514 22999
1752814505006 0.028807325288653374 23049
1752814513992 0.025627465918660164 23099
1752814522999 0.02282279171049595 23149
1752814531983 0.023229992017149925 23199
1752814540986 0.03141246363520622 23249
1752814567883 0.030597440898418427 23299
1752814576844 0.03154221549630165 23349
1752814585846 0.026785409078001976 23399
1752814594833 0.028246719390153885 23449
1752814603835 0.02467954531311989 23499
1752814612851 0.023511752486228943 23549
1752814638818 0.027579154819250107 23599
1752814647816 0.022541552782058716 23649
1752814656815 0.02317492663860321 23699
1752814665813 0.025193577632308006 23749
1752814674828 0.03564309701323509 23799
1752814700837 0.03160937875509262 23849
1752814709811 0.022653745487332344 23899
1752814718802 0.02784496545791626 23949
1752814727746 0.033154599368572235 23999
1752814736749 0.03211093693971634 24049
1752814745753 0.03411153331398964 24099
1752814772667 0.02196233533322811 24149
1752814781655 0.031950030475854874 24199
1752814790624 0.029982106760144234 24249
1752814799653 0.022658422589302063 24299
1752814808661 0.026778051629662514 24349
1752814834576 0.029561512172222137 24399
1752814843592 0.024703189730644226 24449
1752814852591 0.029506780207157135 24499
1752814861567 0.040917716920375824 24549
1752814870577 0.025637390092015266 24599
1752814879586 0.027385901659727097 24649
1752814905417 0.021904489025473595 24699
1752814914417 0.025435779243707657 24749
1752814923417 0.034033551812171936 24799
1752814932427 0.019537925720214844 24849
1752814941469 0.026800675317645073 24899
1752814968071 0.035486429929733276 24949
1752814977060 0.030680283904075623 24999
1752814986072 0.04292430728673935 25049
1752814995077 0.03787388652563095 25099
1752815004067 0.0463314913213253 25149
1752815013053 0.0375344343483448 25199
1752815039949 0.025310399010777473 25249
1752815048929 0.030517112463712692 25299
1752815057929 0.029602978378534317 25349
1752815066910 0.034394651651382446 25399
1752815075871 0.023206673562526703 25449
1752815101863 0.024086667224764824 25499
1752815110837 0.019276030361652374 25549
1752815119805 0.020526601001620293 25599
1752815128771 0.031717635691165924 25649
1752815137762 0.021879276260733604 25699
1752815146751 0.022803017869591713 25749
1752815172904 0.04146096110343933 25799
1752815181897 0.04114776849746704 25849
1752815190908 0.029233688488602638 25899
1752815199900 0.033644720911979675 25949
1752815208887 0.023839911445975304 25999
1752815235380 0.022945648059248924 26049
1752815244388 0.029441945254802704 26099
1752815253394 0.023121247068047523 26149
1752815262385 0.020607827231287956 26199
1752815271379 0.036950573325157166 26249
1752815280341 0.032350655645132065 26299
1752815306394 0.021462056785821915 26349
1752815315402 0.02232031524181366 26399
1752815324389 0.04003370553255081 26449
1752815333388 0.041478775441646576 26499
1752815342363 0.027475906535983086 26549
1752815369014 0.020983582362532616 26599
1752815378025 0.030721552670001984 26649
1752815387007 0.023074932396411896 26699
1752815395983 0.021192070096731186 26749
1752815404978 0.0322406068444252 26799
1752815413925 0.021150633692741394 26849
1752815440544 0.04074275866150856 26899
1752815449525 0.03249705582857132 26949
1752815458503 0.027218906208872795 26999
1752815467491 0.03910083323717117 27049
1752815476497 0.02247610129415989 27099
1752815502686 0.024890774860978127 27149
1752815511690 0.024528928101062775 27199
1752815520691 0.035921890288591385 27249
1752815529707 0.026618055999279022 27299
1752815538725 0.03038357011973858 27349
1752815547660 0.028840862214565277 27399
