1752808957863 16.61004066467285 273
1752809025234 5.92130184173584 547
1752809092286 5.576827526092529 821
1752809159395 5.099526882171631 1095
1752809226934 4.767099857330322 1369
1752809294231 4.5676093101501465 1643
1752809360494 4.320087432861328 1917
1752809427884 4.128583908081055 2191
1752809494416 3.9005167484283447 2465
1752809561752 3.7934441566467285 2739
1752809629332 3.6463117599487305 3013
1752809696700 3.5438637733459473 3287
1752809762994 3.473947763442993 3561
1752809829340 3.4301505088806152 3835
1752809895566 3.3759241104125977 4109
1752809962093 3.3739430904388428 4383
1752810028571 3.3404366970062256 4657
1752810095593 3.3042001724243164 4931
1752810163358 3.2495920658111572 5205
1752810230785 3.207458019256592 5479
1752810298056 3.18115496635437 5753
1752810364473 3.165564775466919 6027
1752810430670 3.1257729530334473 6301
1752810497634 3.1300008296966553 6575
1752810564213 3.079411029815674 6849
1752810630738 3.071742057800293 7123
1752810696903 3.080042839050293 7397
1752810764034 3.0676050186157227 7671
1752810831386 3.0126307010650635 7945
1752810897563 3.027434825897217 8219
1752810964832 3.008237838745117 8493
1752811031041 3.0050623416900635 8767
1752811097385 2.9927256107330322 9041
1752811163357 2.995788812637329 9315
1752811230071 2.9809954166412354 9589
1752811296863 2.964592456817627 9863
1752811363222 2.975116014480591 10137
1752811430708 2.9494223594665527 10411
1752811498288 2.934046983718872 10685
1752811564542 2.9480810165405273 10959
1752811630972 2.9318923950195312 11233
1752811697183 2.95295786857605 11507
1752811763694 2.9119503498077393 11781
1752811831054 2.896357297897339 12055
1752811897639 2.9369280338287354 12329
1752811963937 2.928708553314209 12603
1752812030407 2.9049413204193115 12877
1752812096791 2.931623697280884 13151
1752812162957 2.9141204357147217 13425
1752812231014 2.895484209060669 13699
1752812298440 2.8711295127868652 13973
1752812365747 2.9127557277679443 14247
1752812432045 2.8971328735351562 14521
1752812498710 2.8670389652252197 14795
1752812565525 2.8950908184051514 15069
1752812631765 2.8269360065460205 15343
1752812699197 2.8558995723724365 15617
1752812765665 2.844954490661621 15891
1752812832042 2.838092565536499 16165
1752812898399 2.842756509780884 16439
1752812964743 2.811267614364624 16713
1752813031554 2.822648763656616 16987
1752813097937 2.8256936073303223 17261
1752813164321 2.803199529647827 17535
1752813230723 2.8194637298583984 17809
1752813297042 2.8122451305389404 18083
1752813364423 2.80212664604187 18357
1752813431737 2.835085153579712 18631
1752813498251 2.7807323932647705 18905
1752813564619 2.78495454788208 19179
1752813630917 2.800039052963257 19453
1752813697321 2.788111448287964 19727
1752813763687 2.8005359172821045 20001
1752813830029 2.80096697807312 20275
1752813896395 2.738687038421631 20549
1752813962647 2.7631642818450928 20823
1752814029298 2.7467472553253174 21097
1752814096586 2.7412123680114746 21371
1752814163930 2.7306089401245117 21645
1752814230692 2.7122256755828857 21919
1752814297037 2.7287044525146484 22193
1752814364369 2.742366075515747 22467
1752814431556 2.73755145072937 22741
1752814497972 2.713258981704712 23015
1752814565137 2.7064015865325928 23289
1752814631442 2.685297966003418 23563
1752814697771 2.6905903816223145 23837
1752814764868 2.6963021755218506 24111
1752814831123 2.6915040016174316 24385
1752814897340 2.6901068687438965 24659
1752814964260 2.691704273223877 24933
1752815031470 2.706883668899536 25207
1752815097617 2.6690330505371094 25481
1752815164079 2.6772053241729736 25755
1752815230875 2.6943070888519287 26029
1752815297149 2.7007720470428467 26303
1752815364159 2.639724016189575 26577
1752815430974 2.6535353660583496 26851
1752815497402 2.6442480087280273 27125
1752815563834 2.6645755767822266 27399
