1752808900741 3.3339548110961914 49
1752808909665 3.194622755050659 99
1752808918582 4.422562122344971 149
1752808927542 5.702435493469238 199
1752808936458 5.894798278808594 249
1752808963436 4.879603862762451 299
1752808972384 6.243381023406982 349
1752808981331 3.6905770301818848 399
1752808990285 7.154425144195557 449
1752808999243 3.038214921951294 499
1752809026534 6.668766975402832 549
1752809035498 7.6629438400268555 599
1752809044462 5.532196998596191 649
1752809053455 6.277562618255615 699
1752809062437 8.690308570861816 749
1752809071420 7.824339866638184 799
1752809098245 3.588292360305786 849
1752809107223 3.2798197269439697 899
1752809116214 6.386293411254883 949
1752809125169 8.93577766418457 999
1752809134134 5.714829444885254 1049
1752809161059 9.597264289855957 1099
1752809170021 3.9791603088378906 1149
1752809178999 4.162899017333984 1199
1752809187965 6.8173370361328125 1249
1752809196952 6.3289642333984375 1299
1752809205913 5.605307102203369 1349
1752809233246 4.321964263916016 1399
1752809242236 4.993620872497559 1449
1752809251199 4.669158458709717 1499
1752809260175 3.2158191204071045 1549
1752809269163 1.9427440166473389 1599
1752809296258 2.9409306049346924 1649
1752809305219 3.5217249393463135 1699
1752809314187 5.61055326461792 1749
1752809323155 4.290318965911865 1799
1752809332144 5.457029342651367 1849
1752809341133 6.324126720428467 1899
1752809367174 7.790775299072266 1949
1752809376159 8.859404563903809 1999
1752809385134 8.229658126831055 2049
1752809394126 5.217749118804932 2099
1752809403111 4.855012893676758 2149
1752809430250 6.398258686065674 2199
1752809439239 8.460268020629883 2249
1752809448226 6.492684841156006 2299
1752809457215 8.206643104553223 2349
1752809466206 3.8253722190856934 2399
1752809475197 5.770832538604736 2449
1752809501489 7.179020881652832 2499
1752809510490 8.289654731750488 2549
1752809519441 2.377046585083008 2599
1752809528404 9.13280963897705 2649
1752809537391 6.411932468414307 2699
1752809564529 10.725570678710938 2749
1752809573489 4.598916530609131 2799
1752809582497 7.200098991394043 2849
1752809591476 4.907877445220947 2899
1752809600444 8.221190452575684 2949
1752809609449 2.0742123126983643 2999
1752809636729 3.028515100479126 3049
1752809645724 2.6825287342071533 3099
1752809654700 7.912384033203125 3149
1752809663684 5.65165901184082 3199
1752809672671 9.154902458190918 3249
1752809699852 3.9860355854034424 3299
1752809708815 5.6284637451171875 3349
1752809717783 3.5904200077056885 3399
1752809726786 6.7178802490234375 3449
1752809735781 1.6361675262451172 3499
1752809744791 8.155192375183105 3549
1752809770777 6.510955810546875 3599
1752809779735 4.007002830505371 3649
1752809788712 6.730339527130127 3699
1752809797727 3.8772850036621094 3749
1752809806717 6.852538108825684 3799
1752809832782 8.203668594360352 3849
1752809841745 3.2010111808776855 3899
1752809850726 7.362276554107666 3949
1752809859728 5.060778617858887 3999
1752809868716 9.3034029006958 4049
1752809877708 2.9456281661987305 4099
1752809903655 5.8823466300964355 4149
1752809912651 6.16218900680542 4199
1752809921660 8.319557189941406 4249
1752809930643 6.749958515167236 4299
1752809939620 4.478949069976807 4349
1752809965902 5.666284084320068 4399
1752809974890 6.677955627441406 4449
1752809983875 3.7237954139709473 4499
1752809992901 3.4129323959350586 4549
1752810001903 4.8765549659729 4599
1752810010888 3.2396790981292725 4649
1752810037021 5.581223487854004 4699
1752810046003 1.4590232372283936 4749
1752810055003 6.067534923553467 4799
1752810063950 6.326540470123291 4849
1752810072930 4.741089344024658 4899
1752810099783 2.7906033992767334 4949
1752810108783 7.148737907409668 4999
1752810117761 6.581048488616943 5049
1752810126729 4.3919758796691895 5099
1752810135722 6.116893768310547 5149
1752810144715 3.4389824867248535 5199
1752810172136 5.326998710632324 5249
1752810181139 5.451359272003174 5299
1752810190162 6.063607215881348 5349
1752810199159 3.135920524597168 5399
1752810208164 4.85103702545166 5449
1752810235315 2.4804751873016357 5499
1752810244294 3.1046390533447266 5549
1752810253296 2.436533212661743 5599
1752810262292 7.72896146774292 5649
1752810271260 3.293377637863159 5699
1752810280220 3.9868860244750977 5749
1752810307268 4.72821044921875 5799
1752810316228 5.232978343963623 5849
1752810325232 2.8420634269714355 5899
1752810334233 4.981622695922852 5949
1752810343247 2.7096402645111084 5999
1752810369410 4.936848163604736 6049
1752810378421 5.590915203094482 6099
1752810387379 7.509993076324463 6149
1752810396384 5.682242393493652 6199
1752810405366 6.5042338371276855 6249
1752810414307 7.005070209503174 6299
1752810440220 3.7340755462646484 6349
1752810449199 1.0186842679977417 6399
1752810458180 5.528176784515381 6449
1752810467188 4.670071601867676 6499
1752810476169 1.4381681680679321 6549
1752810502885 1.2052043676376343 6599
1752810511868 2.354464530944824 6649
1752810520843 2.5930252075195312 6699
1752810529812 2.9169273376464844 6749
1752810538777 6.844671726226807 6799
1752810547696 2.1393206119537354 6849
1752810574151 4.9932475090026855 6899
1752810583132 3.6936144828796387 6949
1752810592103 7.6776275634765625 6999
1752810601103 3.4959192276000977 7049
1752810610107 7.800181865692139 7099
1752810636316 1.8796966075897217 7149
1752810645315 4.257602691650391 7199
1752810654299 3.0759809017181396 7249
1752810663287 2.8672995567321777 7299
1752810672276 2.961693048477173 7349
1752810698186 3.547757148742676 7399
1752810707203 1.6893389225006104 7449
1752810716186 1.6740403175354004 7499
1752810725214 0.7930141687393188 7549
1752810734223 2.3680107593536377 7599
1752810743218 3.59606671333313 7649
1752810770018 3.818225860595703 7699
1752810779019 4.824007987976074 7749
1752810787992 1.4752886295318604 7799
1752810796988 5.180074214935303 7849
1752810805984 5.538466930389404 7899
1752810833081 2.942978858947754 7949
1752810842076 3.6508867740631104 7999
1752810851065 5.5284833908081055 8049
1752810860068 5.240187168121338 8099
1752810869058 6.606028079986572 8149
1752810878005 1.1249302625656128 8199
1752810903894 2.2698864936828613 8249
1752810912887 3.2761027812957764 8299
1752810921867 4.986052989959717 8349
1752810930839 1.7955020666122437 8399
1752810939827 6.7876434326171875 8449
1752810966895 3.004451274871826 8499
1752810975901 3.2738723754882812 8549
1752810984882 4.71308708190918 8599
1752810993842 3.222053050994873 8649
1752811002842 6.072956085205078 8699
1752811011825 4.943825721740723 8749
1752811037713 7.869446754455566 8799
1752811046701 2.818429708480835 8849
1752811055695 2.4792585372924805 8899
1752811064673 4.944502830505371 8949
1752811073665 3.7420945167541504 8999
1752811099739 2.51763916015625 9049
1752811108727 3.5437979698181152 9099
1752811117709 4.1342878341674805 9149
1752811126722 2.832517147064209 9199
1752811135739 7.891977787017822 9249
1752811144732 5.3063764572143555 9299
1752811170534 4.664816379547119 9349
1752811179515 5.869373321533203 9399
1752811188493 2.579653739929199 9449
1752811197492 3.4420113563537598 9499
1752811206469 2.65429949760437 9549
1752811232815 4.692713737487793 9599
1752811241779 2.639842987060547 9649
1752811250743 6.23615837097168 9699
1752811259886 3.351675510406494 9749
1752811268943 2.7541770935058594 9799
1752811277935 5.808395862579346 9849
1752811304232 4.1974639892578125 9899
1752811313236 2.558955192565918 9949
1752811322225 5.513601779937744 9999
1752811331220 5.382556915283203 10049
1752811340191 5.19708776473999 10099
1752811366325 3.346134662628174 10149
1752811375302 3.1812796592712402 10199
1752811384279 5.524785041809082 10249
1752811393307 2.6205837726593018 10299
1752811402296 2.679372549057007 10349
1752811411298 2.2021896839141846 10399
1752811438469 2.724773645401001 10449
1752811447446 2.943852663040161 10499
1752811456476 3.61434006690979 10549
1752811465477 2.11592960357666 10599
1752811474488 1.6115710735321045 10649
1752811501719 1.9812588691711426 10699
1752811510683 1.682949423789978 10749
1752811519689 3.679222345352173 10799
1752811528688 5.3565192222595215 10849
1752811537686 1.9886326789855957 10899
1752811546664 5.758035659790039 10949
1752811572657 3.597341299057007 10999
1752811581664 1.321904182434082 11049
1752811590648 3.276492118835449 11099
1752811599652 2.7444570064544678 11149
1752811608676 3.437185049057007 11199
1752811634754 3.694803476333618 11249
1752811643775 3.3938193321228027 11299
1752811652757 2.2566564083099365 11349
1752811661762 2.9634029865264893 11399
1752811670751 3.191984176635742 11449
1752811679742 5.356095790863037 11499
1752811705644 2.96639347076416 11549
1752811714662 3.127403497695923 11599
1752811723651 1.990805983543396 11649
1752811732638 6.013222694396973 11699
1752811741631 1.6711844205856323 11749
1752811767863 3.3745479583740234 11799
1752811776840 4.673247337341309 11849
1752811785826 2.6213529109954834 11899
1752811794844 1.6739988327026367 11949
1752811803817 3.610762357711792 11999
1752811812765 2.5174219608306885 12049
1752811839895 3.811344861984253 12099
1752811848895 1.9111210107803345 12149
1752811857903 3.1916344165802 12199
1752811866903 2.597168207168579 12249
1752811875893 2.3457231521606445 12299
1752811902192 3.062995672225952 12349
1752811911180 3.5532619953155518 12399
1752811920147 2.995136022567749 12449
1752811929160 0.9607588052749634 12499
1752811938171 4.580306053161621 12549
1752811947130 3.510082483291626 12599
1752811973116 4.274879455566406 12649
1752811982100 1.735486626625061 12699
1752811991093 2.184347629547119 12749
1752812000091 2.8139822483062744 12799
1752812009092 2.2864973545074463 12849
1752812035294 3.478996992111206 12899
1752812044276 4.368951320648193 12949
1752812053265 3.301863193511963 12999
1752812062251 3.458251953125 13049
1752812071228 6.105352401733398 13099
1752812080184 3.6717424392700195 13149
1752812106370 1.9058926105499268 13199
1752812115376 2.4382164478302 13249
1752812124396 1.9457347393035889 13299
1752812133393 1.2941170930862427 13349
1752812142386 1.2391167879104614 13399
1752812168263 2.7635695934295654 13449
1752812177262 1.4426034688949585 13499
1752812186269 2.289433002471924 13549
1752812195270 5.174832820892334 13599
1752812204264 2.534639835357666 13649
1752812213215 2.9099280834198 13699
1752812240899 1.8943917751312256 13749
1752812249889 3.3032703399658203 13799
1752812258887 1.4343349933624268 13849
1752812267870 3.2612874507904053 13899
1752812276880 2.5480105876922607 13949
1752812304080 2.904909372329712 13999
1752812313068 3.128230094909668 14049
1752812322055 4.9596266746521 14099
1752812331062 2.372361660003662 14149
1752812340061 1.289441704750061 14199
1752812367029 4.827958106994629 14249
1752812376036 1.0424236059188843 14299
1752812385016 2.821075201034546 14349
1752812394030 4.1253790855407715 14399
1752812403045 2.5829856395721436 14449
1752812412044 1.3269139528274536 14499
1752812438035 1.8736802339553833 14549
1752812447026 3.9563138484954834 14599
1752812456023 3.6548779010772705 14649
1752812465032 1.2312418222427368 14699
1752812474039 1.6853342056274414 14749
1752812500321 1.6149848699569702 14799
1752812509328 2.026200532913208 14849
1752812518312 2.6344692707061768 14899
1752812527308 4.136667728424072 14949
1752812536304 3.9809746742248535 14999
1752812545309 3.0065250396728516 15049
1752812571819 1.6802291870117188 15099
1752812580837 1.401444911956787 15149
1752812589825 2.501765489578247 15199
1752812598847 2.3381247520446777 15249
1752812607843 1.541000485420227 15299
1752812633817 2.5184383392333984 15349
1752812642809 4.10073184967041 15399
1752812651801 2.9806599617004395 15449
1752812660804 2.110018730163574 15499
1752812669790 3.3554468154907227 15549
1752812678795 2.790804862976074 15599
1752812705887 1.361684799194336 15649
1752812714887 2.248225212097168 15699
1752812723908 2.2544310092926025 15749
1752812732913 1.5423932075500488 15799
1752812741923 1.0767451524734497 15849
1752812768075 2.7880187034606934 15899
1752812777046 1.76480233669281 15949
1752812786038 3.682464599609375 15999
1752812795040 4.567171096801758 16049
1752812804026 1.2960717678070068 16099
1752812813033 3.53230881690979 16149
1752812839101 3.2862138748168945 16199
1752812848084 3.9329051971435547 16249
1752812857059 2.258678436279297 16299
1752812866072 2.910590648651123 16349
1752812875071 1.9533054828643799 16399
1752812901168 1.2561631202697754 16449
1752812910163 4.1708550453186035 16499
1752812919148 2.2332489490509033 16549
1752812928146 2.2417285442352295 16599
1752812937134 1.6279571056365967 16649
1752812946127 1.5275077819824219 16699
1752812972192 3.0430259704589844 16749
1752812981185 2.1339664459228516 16799
1752812990206 2.1435041427612305 16849
1752812999191 2.0146191120147705 16899
1752813008211 3.0406408309936523 16949
1752813034680 1.591118335723877 16999
1752813043638 2.8476245403289795 17049
1752813052638 0.7024845480918884 17099
1752813061645 2.8664164543151855 17149
1752813070641 1.1450530290603638 17199
1752813079624 3.551492691040039 17249
1752813105710 0.8821749687194824 17299
1752813114697 4.429684638977051 17349
1752813123680 4.059138774871826 17399
1752813132680 3.595459222793579 17449
1752813141687 1.0361120700836182 17499
1752813167776 1.7591750621795654 17549
1752813176780 0.9832041263580322 17599
1752813185776 1.5343137979507446 17649
1752813194777 4.853367328643799 17699
1752813203786 1.9543743133544922 17749
1752813212799 1.7738450765609741 17799
1752813238847 1.1394942998886108 17849
1752813247848 1.9293568134307861 17899
1752813256832 0.9875314831733704 17949
1752813265839 2.0110983848571777 17999
1752813274823 2.0969715118408203 18049
1752813300869 0.9016599655151367 18099
1752813309866 1.8431025743484497 18149
1752813318843 2.4114627838134766 18199
1752813327832 1.6095330715179443 18249
1752813336832 0.9373366832733154 18299
1752813345878 1.558924913406372 18349
1752813372938 0.5018349885940552 18399
1752813381936 3.080035448074341 18449
1752813390958 2.1311380863189697 18499
1752813399957 1.7528488636016846 18549
1752813408955 2.804964542388916 18599
1752813435932 1.6673998832702637 18649
1752813444909 2.523265838623047 18699
1752813453924 2.5961709022521973 18749
1752813462906 3.157803535461426 18799
1752813471907 1.577584981918335 18849
1752813480871 1.300477147102356 18899
1752813507139 3.903947353363037 18949
1752813516120 2.6357953548431396 18999
1752813525086 3.506707191467285 19049
1752813534071 0.8350725173950195 19099
1752813543086 1.1168923377990723 19149
1752813569098 0.6231063008308411 19199
1752813578094 2.1812241077423096 19249
1752813587092 2.4069831371307373 19299
1752813596070 1.4702198505401611 19349
1752813605067 1.5503464937210083 19399
1752813614050 1.920032262802124 19449
1752813640123 0.9383146166801453 19499
1752813649129 0.7433289289474487 19549
1752813658136 1.1649870872497559 19599
1752813667122 0.62068110704422 19649
1752813676141 2.0143353939056396 19699
1752813702197 1.9397587776184082 19749
1752813711194 3.0838847160339355 19799
1752813720184 1.7368557453155518 19849
1752813729175 1.981752634048462 19899
1752813738187 2.555604934692383 19949
1752813747159 1.6147749423980713 19999
1752813773259 2.1093320846557617 20049
1752813782307 0.9854518175125122 20099
1752813791326 1.6418992280960083 20149
1752813800317 2.150542736053467 20199
1752813809325 1.3552947044372559 20249
1752813835300 2.59787917137146 20299
1752813844309 1.922914743423462 20349
1752813853302 1.5963239669799805 20399
1752813862302 0.7161139845848083 20449
1752813871305 1.52901291847229 20499
1752813880232 1.3285993337631226 20549
1752813906298 1.3785573244094849 20599
1752813915300 0.6968103051185608 20649
1752813924266 1.251380205154419 20699
1752813933256 1.3348376750946045 20749
1752813942276 1.5730364322662354 20799
1752813968224 0.7849668860435486 20849
1752813977232 2.5688648223876953 20899
1752813986215 2.7815074920654297 20949
1752813995205 1.1288551092147827 20999
1752814004182 0.8676534295082092 21049
1752814030622 2.296945571899414 21099
1752814039607 0.9962674379348755 21149
1752814048637 0.8358169198036194 21199
1752814057636 0.6437454223632812 21249
1752814066622 1.5828065872192383 21299
1752814075615 1.8361995220184326 21349
1752814102572 0.6852468252182007 21399
1752814111540 2.1425931453704834 21449
1752814120534 2.1847927570343018 21499
1752814129498 2.5994889736175537 21549
1752814138498 1.453911304473877 21599
1752814165572 3.3259615898132324 21649
1752814174564 1.4551366567611694 21699
1752814183544 2.40429949760437 21749
1752814192537 0.5331875681877136 21799
1752814201546 1.939305067062378 21849
1752814210532 1.5403276681900024 21899
1752814237085 1.033011794090271 21949
1752814246091 0.6037983298301697 21999
1752814255080 2.4901745319366455 22049
1752814264038 1.8060516119003296 22099
1752814273005 1.9544800519943237 22149
1752814299063 1.1929861307144165 22199
1752814308048 2.112470865249634 22249
1752814317039 2.1837589740753174 22299
1752814326047 2.0531816482543945 22349
1752814335060 3.21968412399292 22399
1752814344046 0.9909442663192749 22449
1752814371068 0.8176975846290588 22499
1752814380056 2.496140480041504 22549
1752814389040 2.704427480697632 22599
1752814398033 0.9924994707107544 22649
1752814407017 1.1285701990127563 22699
1752814433932 2.392286539077759 22749
1752814442932 1.8258191347122192 22799
1752814451897 2.005978584289551 22849
1752814460920 0.9572362899780273 22899
1752814469910 2.3747901916503906 22949
1752814478939 2.0263304710388184 22999
1752814505006 1.1499738693237305 23049
1752814513992 0.5852290391921997 23099
1752814522999 1.2515249252319336 23149
1752814531983 1.2074580192565918 23199
1752814540986 1.546390414237976 23249
1752814567883 0.9091726541519165 23299
1752814576844 1.4486368894577026 23349
1752814585846 1.8816958665847778 23399
1752814594833 1.6964155435562134 23449
1752814603835 1.9230276346206665 23499
1752814612851 1.7392855882644653 23549
1752814638818 2.2238521575927734 23599
1752814647816 1.9898167848587036 23649
1752814656815 1.3265517950057983 23699
1752814665813 1.4613912105560303 23749
1752814674828 2.1790120601654053 23799
1752814700837 2.520219087600708 23849
1752814709811 2.4765257835388184 23899
1752814718802 1.5032973289489746 23949
1752814727746 0.9059206247329712 23999
1752814736749 1.7672628164291382 24049
1752814745753 2.4317522048950195 24099
1752814772667 1.8264238834381104 24149
1752814781655 1.2935065031051636 24199
1752814790624 0.9473932981491089 24249
1752814799653 1.994641900062561 24299
1752814808661 2.976351499557495 24349
1752814834576 1.1143524646759033 24399
1752814843592 1.7615509033203125 24449
1752814852591 0.5237671136856079 24499
1752814861567 1.8466993570327759 24549
1752814870577 1.4540302753448486 24599
1752814879586 1.9434627294540405 24649
1752814905417 2.110295295715332 24699
1752814914417 1.5267419815063477 24749
1752814923417 1.1080973148345947 24799
1752814932427 1.8807424306869507 24849
1752814941469 1.5267354249954224 24899
1752814968071 1.6941224336624146 24949
1752814977060 1.0135931968688965 24999
1752814986072 1.6734652519226074 25049
1752814995077 2.7024433612823486 25099
1752815004067 1.9827128648757935 25149
1752815013053 1.1689554452896118 25199
1752815039949 2.102215051651001 25249
1752815048929 1.4183639287948608 25299
1752815057929 2.8051602840423584 25349
1752815066910 2.2947330474853516 25399
1752815075871 2.3761391639709473 25449
1752815101863 2.434999465942383 25499
1752815110837 0.7638600468635559 25549
1752815119805 1.7990251779556274 25599
1752815128771 2.4380385875701904 25649
1752815137762 0.8066011071205139 25699
1752815146751 1.159144401550293 25749
1752815172904 2.085590124130249 25799
1752815181897 1.3918125629425049 25849
1752815190908 1.477137565612793 25899
1752815199900 2.0115015506744385 25949
1752815208887 0.8905666470527649 25999
1752815235380 1.4556761980056763 26049
1752815244388 1.3027877807617188 26099
1752815253394 1.5074639320373535 26149
1752815262385 1.6966297626495361 26199
1752815271379 1.1728259325027466 26249
1752815280341 2.7133638858795166 26299
1752815306394 0.8305211067199707 26349
1752815315402 0.8428390026092529 26399
1752815324389 1.0831693410873413 26449
1752815333388 1.6943615674972534 26499
1752815342363 0.8917191624641418 26549
1752815369014 1.1243085861206055 26599
1752815378025 1.0048236846923828 26649
1752815387007 0.4136604368686676 26699
1752815395983 0.5119810700416565 26749
1752815404978 1.6463490724563599 26799
1752815413925 1.4862955808639526 26849
1752815440544 0.8872973322868347 26899
1752815449525 1.4681342840194702 26949
1752815458503 1.3357555866241455 26999
1752815467491 0.8595340847969055 27049
1752815476497 1.8331727981567383 27099
1752815502686 0.8530409932136536 27149
1752815511690 1.1000744104385376 27199
1752815520691 1.6435816287994385 27249
1752815529707 0.7724322080612183 27299
1752815538725 1.8124170303344727 27349
1752815547660 1.626311182975769 27399
