1752808957863 2.4455766677856445 273
1752809025234 1.750603199005127 547
1752809092286 1.5263718366622925 821
1752809159395 1.2286546230316162 1095
1752809226934 1.0475256443023682 1369
1752809294231 0.9697750210762024 1643
1752809360494 0.8312888741493225 1917
1752809427884 0.7073391675949097 2191
1752809494416 0.6622669696807861 2465
1752809561752 0.6142016649246216 2739
1752809629332 0.5837091207504272 3013
1752809696700 0.5564114451408386 3287
1752809762994 0.5324791073799133 3561
1752809829340 0.5362454652786255 3835
1752809895566 0.5052435398101807 4109
1752809962093 0.48476940393447876 4383
1752810028571 0.4757802486419678 4657
1752810095593 0.4639398455619812 4931
1752810163358 0.4449135959148407 5205
1752810230785 0.4301183521747589 5479
1752810298056 0.4223007559776306 5753
1752810364473 0.41542288661003113 6027
1752810430670 0.3917340338230133 6301
1752810497634 0.36484846472740173 6575
1752810564213 0.36348557472229004 6849
1752810630738 0.34458550810813904 7123
1752810696903 0.34656861424446106 7397
1752810764034 0.33075863122940063 7671
1752810831386 0.3284249007701874 7945
1752810897563 0.32897016406059265 8219
1752810964832 0.3155905306339264 8493
1752811031041 0.318240761756897 8767
1752811097385 0.3299744427204132 9041
1752811163357 0.31395798921585083 9315
1752811230071 0.3146870732307434 9589
1752811296863 0.28952741622924805 9863
1752811363222 0.2943289875984192 10137
1752811430708 0.29243752360343933 10411
1752811498288 0.2915724217891693 10685
1752811564542 0.295254111289978 10959
1752811630972 0.28610461950302124 11233
1752811697183 0.28113502264022827 11507
1752811763694 0.28894591331481934 11781
1752811831054 0.2842260003089905 12055
1752811897639 0.2917979955673218 12329
1752811963937 0.27671870589256287 12603
1752812030407 0.2569032311439514 12877
1752812096791 0.2911091148853302 13151
1752812162957 0.2782903015613556 13425
1752812231014 0.27854862809181213 13699
1752812298440 0.259230375289917 13973
1752812365747 0.2655998766422272 14247
1752812432045 0.26903077960014343 14521
1752812498710 0.2637554109096527 14795
1752812565525 0.2623763978481293 15069
1752812631765 0.25360605120658875 15343
1752812699197 0.25074246525764465 15617
1752812765665 0.254146009683609 15891
1752812832042 0.24568156898021698 16165
1752812898399 0.25147905945777893 16439
1752812964743 0.25393161177635193 16713
1752813031554 0.2556406557559967 16987
1752813097937 0.2527795433998108 17261
1752813164321 0.24957214295864105 17535
1752813230723 0.248050719499588 17809
1752813297042 0.24387122690677643 18083
1752813364423 0.25509658455848694 18357
1752813431737 0.24746018648147583 18631
1752813498251 0.2397739440202713 18905
1752813564619 0.2423180341720581 19179
1752813630917 0.24826447665691376 19453
1752813697321 0.23929086327552795 19727
1752813763687 0.24330472946166992 20001
1752813830029 0.23850303888320923 20275
1752813896395 0.235931396484375 20549
1752813962647 0.23318982124328613 20823
1752814029298 0.23126153647899628 21097
1752814096586 0.2350410372018814 21371
1752814163930 0.23721396923065186 21645
1752814230692 0.233751118183136 21919
1752814297037 0.2411385476589203 22193
1752814364369 0.23348000645637512 22467
1752814431556 0.23794661462306976 22741
1752814497972 0.2252892255783081 23015
1752814565137 0.2302408069372177 23289
1752814631442 0.23009873926639557 23563
1752814697771 0.22270222008228302 23837
1752814764868 0.21735920011997223 24111
1752814831123 0.2226463258266449 24385
1752814897340 0.21116551756858826 24659
1752814964260 0.2256818562746048 24933
1752815031470 0.23007389903068542 25207
1752815097617 0.21687117218971252 25481
1752815164079 0.22083516418933868 25755
1752815230875 0.21408531069755554 26029
1752815297149 0.2180764377117157 26303
1752815364159 0.2137729376554489 26577
1752815430974 0.21169239282608032 26851
1752815497402 0.21127621829509735 27125
1752815563834 0.21197372674942017 27399
