1752808900741 20.695354461669922 49
1752808909665 20.78122329711914 99
1752808918582 20.437828063964844 149
1752808927542 20.319936752319336 199
1752808936458 20.28209686279297 249
1752808963436 20.171173095703125 299
1752808972384 20.105979919433594 349
1752808981331 19.98096466064453 399
1752808990285 19.856735229492188 449
1752808999243 19.7490291595459 499
1752809026534 19.469541549682617 549
1752809035498 19.367496490478516 599
1752809044462 19.264198303222656 649
1752809053455 19.071300506591797 699
1752809062437 18.920217514038086 749
1752809071420 18.63835334777832 799
1752809098245 18.56039810180664 849
1752809107223 18.342077255249023 899
1752809116214 18.201915740966797 949
1752809125169 17.95980453491211 999
1752809134134 17.774511337280273 1049
1752809161059 17.604137420654297 1099
1752809170021 17.45328140258789 1149
1752809178999 17.16788101196289 1199
1752809187965 17.063419342041016 1249
1752809196952 16.770666122436523 1299
1752809205913 16.567562103271484 1349
1752809233246 16.320343017578125 1399
1752809242236 16.179569244384766 1449
1752809251199 16.021072387695312 1499
1752809260175 15.784899711608887 1549
1752809269163 15.46173095703125 1599
1752809296258 15.28097152709961 1649
1752809305219 15.074197769165039 1699
1752809314187 14.86871337890625 1749
1752809323155 14.691320419311523 1799
1752809332144 14.482975959777832 1849
1752809341133 14.333723068237305 1899
1752809367174 13.99075984954834 1949
1752809376159 13.856901168823242 1999
1752809385134 13.537955284118652 2049
1752809394126 13.409469604492188 2099
1752809403111 13.043333053588867 2149
1752809430250 12.952295303344727 2199
1752809439239 12.674269676208496 2249
1752809448226 12.465476989746094 2299
1752809457215 12.279508590698242 2349
1752809466206 12.108312606811523 2399
1752809475197 11.863312721252441 2449
1752809501489 11.60648250579834 2499
1752809510490 11.295236587524414 2549
1752809519441 11.206352233886719 2599
1752809528404 11.077522277832031 2649
1752809537391 10.848540306091309 2699
1752809564529 10.426761627197266 2749
1752809573489 10.363582611083984 2799
1752809582497 10.312063217163086 2849
1752809591476 10.034684181213379 2899
1752809600444 9.836358070373535 2949
1752809609449 9.568737030029297 2999
1752809636729 9.336182594299316 3049
1752809645724 9.214771270751953 3099
1752809654700 9.036335945129395 3149
1752809663684 8.951813697814941 3199
1752809672671 8.687898635864258 3249
1752809699852 8.501296997070312 3299
1752809708815 8.281698226928711 3349
1752809717783 7.999115943908691 3399
1752809726786 7.932156562805176 3449
1752809735781 7.841890335083008 3499
1752809744791 7.654467582702637 3549
1752809770777 7.468493461608887 3599
1752809779735 7.199281692504883 3649
1752809788712 6.99495792388916 3699
1752809797727 6.950676918029785 3749
1752809806717 6.900310516357422 3799
1752809832782 6.5926713943481445 3849
1752809841745 6.5676398277282715 3899
1752809850726 6.47244930267334 3949
1752809859728 6.297980308532715 3999
1752809868716 6.017934799194336 4049
1752809877708 6.023420333862305 4099
1752809903655 5.726980209350586 4149
1752809912651 5.692938804626465 4199
1752809921660 5.550415992736816 4249
1752809930643 5.556049823760986 4299
1752809939620 5.109865188598633 4349
1752809965902 5.144939422607422 4399
1752809974890 4.879777908325195 4449
1752809983875 4.86325740814209 4499
1752809992901 4.802196502685547 4549
1752810001903 4.756224632263184 4599
1752810010888 4.492488861083984 4649
1752810037021 4.4333648681640625 4699
1752810046003 4.297351837158203 4749
1752810055003 4.062330722808838 4799
1752810063950 4.20318603515625 4849
1752810072930 4.028844833374023 4899
1752810099783 3.932435989379883 4949
1752810108783 3.669102191925049 4999
1752810117761 3.8015995025634766 5049
1752810126729 3.7193918228149414 5099
1752810135722 3.6876142024993896 5149
1752810144715 3.5120720863342285 5199
1752810172136 3.4317984580993652 5249
1752810181139 3.4136767387390137 5299
1752810190162 3.235262870788574 5349
1752810199159 3.27787446975708 5399
1752810208164 3.211447238922119 5449
1752810235315 3.069124460220337 5499
1752810244294 2.988673686981201 5549
1752810253296 2.82753849029541 5599
1752810262292 2.7561721801757812 5649
1752810271260 2.856236457824707 5699
1752810280220 2.7393250465393066 5749
1752810307268 2.632692337036133 5799
1752810316228 2.6353113651275635 5849
1752810325232 2.5788378715515137 5899
1752810334233 2.362234354019165 5949
1752810343247 2.438549757003784 5999
1752810369410 2.431267261505127 6049
1752810378421 2.3691868782043457 6099
1752810387379 2.290278673171997 6149
1752810396384 2.284752368927002 6199
1752810405366 2.245454788208008 6249
1752810414307 2.133479356765747 6299
1752810440220 2.174736261367798 6349
1752810449199 2.26725435256958 6399
1752810458180 2.026224136352539 6449
1752810467188 2.02471661567688 6499
1752810476169 2.0761585235595703 6549
1752810502885 2.114879608154297 6599
1752810511868 1.9532175064086914 6649
1752810520843 2.0195860862731934 6699
1752810529812 1.7666435241699219 6749
1752810538777 1.8554881811141968 6799
1752810547696 1.859635829925537 6849
1752810574151 1.7939655780792236 6899
1752810583132 1.7396302223205566 6949
1752810592103 1.774739384651184 6999
1752810601103 1.9338643550872803 7049
1752810610107 1.7844914197921753 7099
1752810636316 1.68596351146698 7149
1752810645315 1.772203803062439 7199
1752810654299 1.6324384212493896 7249
1752810663287 1.6779425144195557 7299
1752810672276 1.7646899223327637 7349
1752810698186 1.6823185682296753 7399
1752810707203 1.5063319206237793 7449
1752810716186 1.6280996799468994 7499
1752810725214 1.6540334224700928 7549
1752810734223 1.6651840209960938 7599
1752810743218 1.4460842609405518 7649
1752810770018 1.6169984340667725 7699
1752810779019 1.5486419200897217 7749
1752810787992 1.6683382987976074 7799
1752810796988 1.6546120643615723 7849
1752810805984 1.6251657009124756 7899
1752810833081 1.51541268825531 7949
1752810842076 1.6307542324066162 7999
1752810851065 1.5774283409118652 8049
1752810860068 1.4648122787475586 8099
1752810869058 1.5786588191986084 8149
1752810878005 1.6040773391723633 8199
1752810903894 1.5889289379119873 8249
1752810912887 1.5793867111206055 8299
1752810921867 1.5887622833251953 8349
1752810930839 1.4869673252105713 8399
1752810939827 1.5762346982955933 8449
1752810966895 1.4978504180908203 8499
1752810975901 1.4896578788757324 8549
1752810984882 1.5382039546966553 8599
1752810993842 1.5122029781341553 8649
1752811002842 1.623665452003479 8699
1752811011825 1.2960667610168457 8749
1752811037713 1.4585270881652832 8799
1752811046701 1.2892827987670898 8849
1752811055695 1.308279275894165 8899
1752811064673 1.2071542739868164 8949
1752811073665 1.2904014587402344 8999
1752811099739 1.2786463499069214 9049
1752811108727 1.4009654521942139 9099
1752811117709 1.355555772781372 9149
1752811126722 1.2908539772033691 9199
1752811135739 1.3295776844024658 9249
1752811144732 1.4211992025375366 9299
1752811170534 1.26617431640625 9349
1752811179515 1.4021999835968018 9399
1752811188493 1.2724213600158691 9449
1752811197492 1.247916340827942 9499
1752811206469 1.2609585523605347 9549
1752811232815 1.3407865762710571 9599
1752811241779 1.3444538116455078 9649
1752811250743 1.272002935409546 9699
1752811259886 1.3962260484695435 9749
1752811268943 1.2823095321655273 9799
1752811277935 1.2346594333648682 9849
1752811304232 1.2513513565063477 9899
1752811313236 1.3044642210006714 9949
1752811322225 1.3417822122573853 9999
1752811331220 1.2825490236282349 10049
1752811340191 1.280499815940857 10099
1752811366325 1.440558910369873 10149
1752811375302 1.295414686203003 10199
1752811384279 1.375815987586975 10249
1752811393307 1.2586774826049805 10299
1752811402296 1.213425874710083 10349
1752811411298 1.118654489517212 10399
1752811438469 1.3982460498809814 10449
1752811447446 1.2701786756515503 10499
1752811456476 1.3981623649597168 10549
1752811465477 1.2722818851470947 10599
1752811474488 1.3859024047851562 10649
1752811501719 1.2847180366516113 10699
1752811510683 1.1756258010864258 10749
1752811519689 1.2284996509552002 10799
1752811528688 1.2081691026687622 10849
1752811537686 1.3537416458129883 10899
1752811546664 1.232934832572937 10949
1752811572657 1.3544816970825195 10999
1752811581664 1.3743596076965332 11049
1752811590648 1.2702867984771729 11099
1752811599652 1.441712498664856 11149
1752811608676 1.3858256340026855 11199
1752811634754 1.3925061225891113 11249
1752811643775 1.440580129623413 11299
1752811652757 1.3823363780975342 11349
1752811661762 1.4414212703704834 11399
1752811670751 1.449865460395813 11449
1752811679742 1.4155983924865723 11499
1752811705644 1.2990992069244385 11549
1752811714662 1.2331132888793945 11599
1752811723651 1.3072271347045898 11649
1752811732638 1.2857048511505127 11699
1752811741631 1.423363447189331 11749
1752811767863 1.3171141147613525 11799
1752811776840 1.4219589233398438 11849
1752811785826 1.3465795516967773 11899
1752811794844 1.4210784435272217 11949
1752811803817 1.27280855178833 11999
1752811812765 1.2818384170532227 12049
1752811839895 1.4189229011535645 12099
1752811848895 1.3979580402374268 12149
1752811857903 1.446828842163086 12199
1752811866903 1.4365251064300537 12249
1752811875893 1.3980205059051514 12299
1752811902192 1.48178231716156 12349
1752811911180 1.3850538730621338 12399
1752811920147 1.2784268856048584 12449
1752811929160 1.3352471590042114 12499
1752811938171 1.2499868869781494 12549
1752811947130 1.4740102291107178 12599
1752811973116 1.4438247680664062 12649
1752811982100 1.4044477939605713 12699
1752811991093 1.3990375995635986 12749
1752812000091 1.4592891931533813 12799
1752812009092 1.3371782302856445 12849
1752812035294 1.2774899005889893 12899
1752812044276 1.3243476152420044 12949
1752812053265 1.3020741939544678 12999
1752812062251 1.2275454998016357 13049
1752812071228 1.2537100315093994 13099
1752812080184 1.3601348400115967 13149
1752812106370 1.2712669372558594 13199
1752812115376 1.4209730625152588 13249
1752812124396 1.38496732711792 13299
1752812133393 1.332655429840088 13349
1752812142386 1.4834216833114624 13399
1752812168263 1.3991482257843018 13449
1752812177262 1.5304365158081055 13499
1752812186269 1.3444852828979492 13549
1752812195270 1.3741254806518555 13599
1752812204264 1.4110900163650513 13649
1752812213215 1.3523733615875244 13699
1752812240899 1.3288441896438599 13749
1752812249889 1.3166768550872803 13799
1752812258887 1.3626755475997925 13849
1752812267870 1.2189122438430786 13899
1752812276880 1.2339515686035156 13949
1752812304080 1.4353801012039185 13999
1752812313068 1.4061458110809326 14049
1752812322055 1.4641716480255127 14099
1752812331062 1.4875962734222412 14149
1752812340061 1.2418221235275269 14199
1752812367029 1.360682487487793 14249
1752812376036 1.4804890155792236 14299
1752812385016 1.4754955768585205 14349
1752812394030 1.3458428382873535 14399
1752812403045 1.4111793041229248 14449
1752812412044 1.3936268091201782 14499
1752812438035 1.286084532737732 14549
1752812447026 1.4491407871246338 14599
1752812456023 1.368105173110962 14649
1752812465032 1.4711090326309204 14699
1752812474039 1.44480562210083 14749
1752812500321 1.461871862411499 14799
1752812509328 1.309861183166504 14849
1752812518312 1.5103274583816528 14899
1752812527308 1.461105227470398 14949
1752812536304 1.3895193338394165 14999
1752812545309 1.580142617225647 15049
1752812571819 1.3800565004348755 15099
1752812580837 1.520801067352295 15149
1752812589825 1.4388569593429565 15199
1752812598847 1.3861420154571533 15249
1752812607843 1.3627279996871948 15299
1752812633817 1.4049715995788574 15349
1752812642809 1.2810633182525635 15399
1752812651801 1.418907642364502 15449
1752812660804 1.5209448337554932 15499
1752812669790 1.301287055015564 15549
1752812678795 1.5129365921020508 15599
1752812705887 1.2947092056274414 15649
1752812714887 1.4765949249267578 15699
1752812723908 1.3683669567108154 15749
1752812732913 1.4573349952697754 15799
1752812741923 1.4958233833312988 15849
1752812768075 1.4836801290512085 15899
1752812777046 1.5052461624145508 15949
1752812786038 1.325019359588623 15999
1752812795040 1.689443826675415 16049
1752812804026 1.2940876483917236 16099
1752812813033 1.5473586320877075 16149
1752812839101 1.3420872688293457 16199
1752812848084 1.4139151573181152 16249
1752812857059 1.5384204387664795 16299
1752812866072 1.395522117614746 16349
1752812875071 1.4655792713165283 16399
1752812901168 1.464698076248169 16449
1752812910163 1.5213077068328857 16499
1752812919148 1.4842841625213623 16549
1752812928146 1.4359087944030762 16599
1752812937134 1.4273813962936401 16649
1752812946127 1.3989300727844238 16699
1752812972192 1.3807508945465088 16749
1752812981185 1.534701943397522 16799
1752812990206 1.4034557342529297 16849
1752812999191 1.5813772678375244 16899
1752813008211 1.2965610027313232 16949
1752813034680 1.6080539226531982 16999
1752813043638 1.5664193630218506 17049
1752813052638 1.522035837173462 17099
1752813061645 1.4551920890808105 17149
1752813070641 1.398177981376648 17199
1752813079624 1.4525527954101562 17249
1752813105710 1.3861043453216553 17299
1752813114697 1.5040843486785889 17349
1752813123680 1.3928724527359009 17399
1752813132680 1.4847385883331299 17449
1752813141687 1.5030015707015991 17499
1752813167776 1.4363125562667847 17549
1752813176780 1.4151804447174072 17599
1752813185776 1.497353434562683 17649
1752813194777 1.4284695386886597 17699
1752813203786 1.6301884651184082 17749
1752813212799 1.4336572885513306 17799
1752813238847 1.4274394512176514 17849
1752813247848 1.3029930591583252 17899
1752813256832 1.5009921789169312 17949
1752813265839 1.3574376106262207 17999
1752813274823 1.4537532329559326 18049
1752813300869 1.5395506620407104 18099
1752813309866 1.5202155113220215 18149
1752813318843 1.3503525257110596 18199
1752813327832 1.460648775100708 18249
1752813336832 1.5634416341781616 18299
1752813345878 1.3111127614974976 18349
1752813372938 1.4240233898162842 18399
1752813381936 1.5141953229904175 18449
1752813390958 1.6096144914627075 18499
1752813399957 1.520768165588379 18549
1752813408955 1.4064881801605225 18599
1752813435932 1.4977247714996338 18649
1752813444909 1.4626939296722412 18699
1752813453924 1.4785597324371338 18749
1752813462906 1.349971055984497 18799
1752813471907 1.3444149494171143 18849
1752813480871 1.3895217180252075 18899
1752813507139 1.3957836627960205 18949
1752813516120 1.5127909183502197 18999
1752813525086 1.4536378383636475 19049
1752813534071 1.4692201614379883 19099
1752813543086 1.4894676208496094 19149
1752813569098 1.4915597438812256 19199
1752813578094 1.3344597816467285 19249
1752813587092 1.4618178606033325 19299
1752813596070 1.4753631353378296 19349
1752813605067 1.4224839210510254 19399
1752813614050 1.5842193365097046 19449
1752813640123 1.3469691276550293 19499
1752813649129 1.5662853717803955 19549
1752813658136 1.5031392574310303 19599
1752813667122 1.4014945030212402 19649
1752813676141 1.3398572206497192 19699
1752813702197 1.6258291006088257 19749
1752813711194 1.4895111322402954 19799
1752813720184 1.5299909114837646 19849
1752813729175 1.4935883283615112 19899
1752813738187 1.5401880741119385 19949
1752813747159 1.4879753589630127 19999
1752813773259 1.4104605913162231 20049
1752813782307 1.4586749076843262 20099
1752813791326 1.3994159698486328 20149
1752813800317 1.462906002998352 20199
1752813809325 1.5145699977874756 20249
1752813835300 1.5108847618103027 20299
1752813844309 1.3957245349884033 20349
1752813853302 1.5482137203216553 20399
1752813862302 1.4845712184906006 20449
1752813871305 1.494777798652649 20499
1752813880232 1.4279037714004517 20549
1752813906298 1.386305332183838 20599
1752813915300 1.7318964004516602 20649
1752813924266 1.4395697116851807 20699
1752813933256 1.4909104108810425 20749
1752813942276 1.438470721244812 20799
1752813968224 1.5763999223709106 20849
1752813977232 1.6640292406082153 20899
1752813986215 1.4857250452041626 20949
1752813995205 1.5018267631530762 20999
1752814004182 1.3837206363677979 21049
1752814030622 1.4371178150177002 21099
1752814039607 1.4082990884780884 21149
1752814048637 1.5510013103485107 21199
1752814057636 1.4288640022277832 21249
1752814066622 1.4734855890274048 21299
1752814075615 1.5967419147491455 21349
1752814102572 1.6004085540771484 21399
1752814111540 1.5090899467468262 21449
1752814120534 1.5029428005218506 21499
1752814129498 1.47955322265625 21549
1752814138498 1.3669947385787964 21599
1752814165572 1.4618680477142334 21649
1752814174564 1.5447051525115967 21699
1752814183544 1.6625168323516846 21749
1752814192537 1.5669922828674316 21799
1752814201546 1.504868745803833 21849
1752814210532 1.753811001777649 21899
1752814237085 1.4399361610412598 21949
1752814246091 1.3834714889526367 21999
1752814255080 1.5206797122955322 22049
1752814264038 1.5561237335205078 22099
1752814273005 1.4502151012420654 22149
1752814299063 1.554603099822998 22199
1752814308048 1.4100728034973145 22249
1752814317039 1.4792187213897705 22299
1752814326047 1.493385910987854 22349
1752814335060 1.6168138980865479 22399
1752814344046 1.6895676851272583 22449
1752814371068 1.4498491287231445 22499
1752814380056 1.5363315343856812 22549
1752814389040 1.4223127365112305 22599
1752814398033 1.3933689594268799 22649
1752814407017 1.5652610063552856 22699
1752814433932 1.4680204391479492 22749
1752814442932 1.4797492027282715 22799
1752814451897 1.3967474699020386 22849
1752814460920 1.6907601356506348 22899
1752814469910 1.4665443897247314 22949
1752814478939 1.443615436553955 22999
1752814505006 1.5549862384796143 23049
1752814513992 1.4787406921386719 23099
1752814522999 1.5907856225967407 23149
1752814531983 1.5046420097351074 23199
1752814540986 1.4137881994247437 23249
1752814567883 1.43656325340271 23299
1752814576844 1.5246890783309937 23349
1752814585846 1.4461779594421387 23399
1752814594833 1.4834215641021729 23449
1752814603835 1.3460071086883545 23499
1752814612851 1.52677321434021 23549
1752814638818 1.3984184265136719 23599
1752814647816 1.3784468173980713 23649
1752814656815 1.3953056335449219 23699
1752814665813 1.512803077697754 23749
1752814674828 1.5354321002960205 23799
1752814700837 1.5259076356887817 23849
1752814709811 1.3703742027282715 23899
1752814718802 1.6354873180389404 23949
1752814727746 1.4561127424240112 23999
1752814736749 1.5616741180419922 24049
1752814745753 1.5048699378967285 24099
1752814772667 1.4460804462432861 24149
1752814781655 1.6279330253601074 24199
1752814790624 1.4100196361541748 24249
1752814799653 1.685710072517395 24299
1752814808661 1.355806827545166 24349
1752814834576 1.6048011779785156 24399
1752814843592 1.521841287612915 24449
1752814852591 1.4741542339324951 24499
1752814861567 1.476956844329834 24549
1752814870577 1.5318827629089355 24599
1752814879586 1.5604833364486694 24649
1752814905417 1.6457798480987549 24699
1752814914417 1.3815438747406006 24749
1752814923417 1.459078311920166 24799
1752814932427 1.6385880708694458 24849
1752814941469 1.6091127395629883 24899
1752814968071 1.602632999420166 24949
1752814977060 1.6172847747802734 24999
1752814986072 1.4542040824890137 25049
1752814995077 1.6240103244781494 25099
1752815004067 1.576723575592041 25149
1752815013053 1.713732123374939 25199
1752815039949 1.547800064086914 25249
1752815048929 1.5916163921356201 25299
1752815057929 1.544515609741211 25349
1752815066910 1.4497206211090088 25399
1752815075871 1.4291160106658936 25449
1752815101863 1.6197400093078613 25499
1752815110837 1.5430467128753662 25549
1752815119805 1.5730020999908447 25599
1752815128771 1.5622096061706543 25649
1752815137762 1.4926056861877441 25699
1752815146751 1.599159598350525 25749
1752815172904 1.5548596382141113 25799
1752815181897 1.3904434442520142 25849
1752815190908 1.6200494766235352 25899
1752815199900 1.5871758460998535 25949
1752815208887 1.4199254512786865 25999
1752815235380 1.5728285312652588 26049
1752815244388 1.489121913909912 26099
1752815253394 1.570459246635437 26149
1752815262385 1.722498893737793 26199
1752815271379 1.5641376972198486 26249
1752815280341 1.4281529188156128 26299
1752815306394 1.5858139991760254 26349
1752815315402 1.5033788681030273 26399
1752815324389 1.422413945198059 26449
1752815333388 1.569955825805664 26499
1752815342363 1.723811388015747 26549
1752815369014 1.5407613515853882 26599
1752815378025 1.597570776939392 26649
1752815387007 1.6174676418304443 26699
1752815395983 1.6049814224243164 26749
1752815404978 1.5204453468322754 26799
1752815413925 1.566321849822998 26849
1752815440544 1.5592999458312988 26899
1752815449525 1.610283613204956 26949
1752815458503 1.510587215423584 26999
1752815467491 1.5438183546066284 27049
1752815476497 1.442334771156311 27099
1752815502686 1.5254826545715332 27149
1752815511690 1.559974193572998 27199
1752815520691 1.6015900373458862 27249
1752815529707 1.5115691423416138 27299
1752815538725 1.543977975845337 27349
1752815547660 1.60231614112854 27399
