1752808900741 20.657211303710938 49
1752808909665 7.776344299316406 99
1752808918582 8.134089469909668 149
1752808927542 6.098596572875977 199
1752808936458 6.117796897888184 249
1752808963436 6.366538047790527 299
1752808972384 5.990260601043701 349
1752808981331 5.349188804626465 399
1752808990285 6.061689853668213 449
1752808999243 5.666441917419434 499
1752809026534 6.262633323669434 549
1752809035498 5.814121723175049 599
1752809044462 4.888125896453857 649
1752809053455 5.6133856773376465 699
1752809062437 5.354185104370117 749
1752809071420 5.968736171722412 799
1752809098245 5.564873695373535 849
1752809107223 5.66895866394043 899
1752809116214 4.976682662963867 949
1752809125169 4.96650505065918 999
1752809134134 4.689472198486328 1049
1752809161059 4.823659420013428 1099
1752809170021 4.14998197555542 1149
1752809178999 4.836989402770996 1199
1752809187965 4.432989120483398 1249
1752809196952 4.921876430511475 1299
1752809205913 5.041536331176758 1349
1752809233246 4.758715629577637 1399
1752809242236 4.370293617248535 1449
1752809251199 4.756866931915283 1499
1752809260175 4.096062660217285 1549
1752809269163 4.976169586181641 1599
1752809296258 4.710452079772949 1649
1752809305219 3.6837244033813477 1699
1752809314187 4.925347328186035 1749
1752809323155 4.478750228881836 1799
1752809332144 4.009488105773926 1849
1752809341133 3.566295862197876 1899
1752809367174 4.477545738220215 1949
1752809376159 3.9387786388397217 1999
1752809385134 3.8956007957458496 2049
1752809394126 4.054642677307129 2099
1752809403111 3.4820265769958496 2149
1752809430250 4.302873611450195 2199
1752809439239 4.0523223876953125 2249
1752809448226 4.363970756530762 2299
1752809457215 3.8651251792907715 2349
1752809466206 3.7140510082244873 2399
1752809475197 4.484209060668945 2449
1752809501489 3.431976318359375 2499
1752809510490 3.9712300300598145 2549
1752809519441 4.471855640411377 2599
1752809528404 3.5756001472473145 2649
1752809537391 3.4003868103027344 2699
1752809564529 3.7138352394104004 2749
1752809573489 3.821530342102051 2799
1752809582497 4.075225830078125 2849
1752809591476 3.2479076385498047 2899
1752809600444 3.382420301437378 2949
1752809609449 3.9711692333221436 2999
1752809636729 3.8002796173095703 3049
1752809645724 4.0418243408203125 3099
1752809654700 3.2426834106445312 3149
1752809663684 2.9203999042510986 3199
1752809672671 3.4133434295654297 3249
1752809699852 4.082793712615967 3299
1752809708815 3.7702693939208984 3349
1752809717783 3.6983094215393066 3399
1752809726786 3.370696544647217 3449
1752809735781 3.6457667350769043 3499
1752809744791 3.2280473709106445 3549
1752809770777 3.840157985687256 3599
1752809779735 3.0053515434265137 3649
1752809788712 3.4421353340148926 3699
1752809797727 3.456228017807007 3749
1752809806717 3.44376540184021 3799
1752809832782 3.6598763465881348 3849
1752809841745 3.151298999786377 3899
1752809850726 3.189796209335327 3949
1752809859728 3.545743942260742 3999
1752809868716 3.028195858001709 4049
1752809877708 3.977409601211548 4099
1752809903655 3.3261771202087402 4149
1752809912651 3.2461447715759277 4199
1752809921660 3.2343356609344482 4249
1752809930643 3.2138595581054688 4299
1752809939620 3.816409111022949 4349
1752809965902 3.471971035003662 4399
1752809974890 3.125465154647827 4449
1752809983875 3.3231630325317383 4499
1752809992901 3.2672531604766846 4549
1752810001903 3.2601943016052246 4599
1752810010888 3.427180767059326 4649
1752810037021 3.1471681594848633 4699
1752810046003 3.9033594131469727 4749
1752810055003 3.6640663146972656 4799
1752810063950 3.228006362915039 4849
1752810072930 2.7926642894744873 4899
1752810099783 2.985698699951172 4949
1752810108783 3.416755199432373 4999
1752810117761 2.7572340965270996 5049
1752810126729 2.8363351821899414 5099
1752810135722 2.9728994369506836 5149
1752810144715 2.7159364223480225 5199
1752810172136 3.4729390144348145 5249
1752810181139 3.4282119274139404 5299
1752810190162 3.4075419902801514 5349
1752810199159 3.0424530506134033 5399
1752810208164 3.1732492446899414 5449
1752810235315 3.062941551208496 5499
1752810244294 3.3271021842956543 5549
1752810253296 3.3088810443878174 5599
1752810262292 2.8281502723693848 5649
1752810271260 3.2592313289642334 5699
1752810280220 3.263622760772705 5749
1752810307268 3.046518325805664 5799
1752810316228 2.8725576400756836 5849
1752810325232 3.4859466552734375 5899
1752810334233 3.2434582710266113 5949
1752810343247 3.228020191192627 5999
1752810369410 3.123861312866211 6049
1752810378421 3.354671001434326 6099
1752810387379 2.5916614532470703 6149
1752810396384 3.4839134216308594 6199
1752810405366 3.783017158508301 6249
1752810414307 3.334191083908081 6299
1752810440220 3.1295928955078125 6349
1752810449199 2.9865429401397705 6399
1752810458180 3.072720527648926 6449
1752810467188 2.857609272003174 6499
1752810476169 2.8294754028320312 6549
1752810502885 2.9525108337402344 6599
1752810511868 2.962982177734375 6649
1752810520843 3.0664374828338623 6699
1752810529812 2.8785061836242676 6749
1752810538777 3.0533711910247803 6799
1752810547696 3.007955312728882 6849
1752810574151 3.5526156425476074 6899
1752810583132 3.229123115539551 6949
1752810592103 2.766953945159912 6999
1752810601103 2.9443936347961426 7049
1752810610107 3.385915756225586 7099
1752810636316 2.985891819000244 7149
1752810645315 2.9492454528808594 7199
1752810654299 2.4964194297790527 7249
1752810663287 3.3440420627593994 7299
1752810672276 3.029646396636963 7349
1752810698186 2.885903835296631 7399
1752810707203 3.0769999027252197 7449
1752810716186 2.848389148712158 7499
1752810725214 2.8755428791046143 7549
1752810734223 3.907376527786255 7599
1752810743218 2.870133399963379 7649
1752810770018 3.2845823764801025 7699
1752810779019 2.1071619987487793 7749
1752810787992 3.0612635612487793 7799
1752810796988 2.726231813430786 7849
1752810805984 2.964312791824341 7899
1752810833081 3.378222703933716 7949
1752810842076 3.1990699768066406 7999
1752810851065 2.892575740814209 8049
1752810860068 3.5155749320983887 8099
1752810869058 3.2111124992370605 8149
1752810878005 3.1885323524475098 8199
1752810903894 2.7978241443634033 8249
1752810912887 3.7575597763061523 8299
1752810921867 2.991626262664795 8349
1752810930839 3.1276168823242188 8399
1752810939827 3.0840706825256348 8449
1752810966895 2.857860565185547 8499
1752810975901 3.2764334678649902 8549
1752810984882 3.6654112339019775 8599
1752810993842 2.8203163146972656 8649
1752811002842 3.415339946746826 8699
1752811011825 3.027275562286377 8749
1752811037713 3.728135585784912 8799
1752811046701 3.20582914352417 8849
1752811055695 2.7812016010284424 8899
1752811064673 2.6932644844055176 8949
1752811073665 3.2486917972564697 8999
1752811099739 3.31148362159729 9049
1752811108727 2.86806058883667 9099
1752811117709 2.9278969764709473 9149
1752811126722 2.9813945293426514 9199
1752811135739 3.011240005493164 9249
1752811144732 3.196486473083496 9299
1752811170534 2.6625418663024902 9349
1752811179515 3.132688522338867 9399
1752811188493 2.6892685890197754 9449
1752811197492 2.9135022163391113 9499
1752811206469 2.891465187072754 9549
1752811232815 3.0373167991638184 9599
1752811241779 2.6135153770446777 9649
1752811250743 3.1325883865356445 9699
1752811259886 2.8315086364746094 9749
1752811268943 3.268357515335083 9799
1752811277935 2.7831549644470215 9849
1752811304232 2.907684803009033 9899
1752811313236 3.110053539276123 9949
1752811322225 3.0277273654937744 9999
1752811331220 3.125936508178711 10049
1752811340191 2.9403350353240967 10099
1752811366325 3.387561798095703 10149
1752811375302 2.6805472373962402 10199
1752811384279 2.686436653137207 10249
1752811393307 3.341938018798828 10299
1752811402296 2.862492084503174 10349
1752811411298 2.957519054412842 10399
1752811438469 2.7761709690093994 10449
1752811447446 3.351559638977051 10499
1752811456476 2.7551283836364746 10549
1752811465477 3.0373594760894775 10599
1752811474488 3.0826926231384277 10649
1752811501719 3.412994623184204 10699
1752811510683 3.110809087753296 10749
1752811519689 2.786686897277832 10799
1752811528688 3.31658673286438 10849
1752811537686 2.7075066566467285 10899
1752811546664 2.573476552963257 10949
1752811572657 2.9932398796081543 10999
1752811581664 3.30087947845459 11049
1752811590648 2.9553399085998535 11099
1752811599652 3.322136402130127 11149
1752811608676 2.845773458480835 11199
1752811634754 3.057176113128662 11249
1752811643775 2.942552089691162 11299
1752811652757 3.1540470123291016 11349
1752811661762 2.5415501594543457 11399
1752811670751 2.7587761878967285 11449
1752811679742 2.7750728130340576 11499
1752811705644 3.2722229957580566 11549
1752811714662 3.107982635498047 11599
1752811723651 2.8725085258483887 11649
1752811732638 2.995591640472412 11699
1752811741631 3.2530710697174072 11749
1752811767863 3.281507968902588 11799
1752811776840 2.7365801334381104 11849
1752811785826 2.9682297706604004 11899
1752811794844 3.012779951095581 11949
1752811803817 3.078098773956299 11999
1752811812765 2.6921398639678955 12049
1752811839895 3.048901081085205 12099
1752811848895 3.427298069000244 12149
1752811857903 2.900290012359619 12199
1752811866903 2.917494535446167 12249
1752811875893 3.255265235900879 12299
1752811902192 2.7329342365264893 12349
1752811911180 2.9581878185272217 12399
1752811920147 2.5279877185821533 12449
1752811929160 2.8426125049591064 12499
1752811938171 2.790783405303955 12549
1752811947130 3.0108580589294434 12599
1752811973116 2.7987289428710938 12649
1752811982100 2.7122364044189453 12699
1752811991093 2.897775650024414 12749
1752812000091 3.8328492641448975 12799
1752812009092 3.0944480895996094 12849
1752812035294 2.760920524597168 12899
1752812044276 2.500654697418213 12949
1752812053265 3.300429344177246 12999
1752812062251 3.0292115211486816 13049
1752812071228 2.5894479751586914 13099
1752812080184 2.8040847778320312 13149
1752812106370 3.1855361461639404 13199
1752812115376 3.052157402038574 13249
1752812124396 3.024411201477051 13299
1752812133393 3.11920166015625 13349
1752812142386 3.6605725288391113 13399
1752812168263 3.3670756816864014 13449
1752812177262 2.6484625339508057 13499
1752812186269 3.064131498336792 13549
1752812195270 3.3546407222747803 13599
1752812204264 2.9916162490844727 13649
1752812213215 2.9699528217315674 13699
1752812240899 2.67626953125 13749
1752812249889 2.6903750896453857 13799
1752812258887 3.001232624053955 13849
1752812267870 2.454615354537964 13899
1752812276880 2.943924903869629 13949
1752812304080 2.6927969455718994 13999
1752812313068 2.7930495738983154 14049
1752812322055 2.912245750427246 14099
1752812331062 2.7715792655944824 14149
1752812340061 2.5913338661193848 14199
1752812367029 3.3835361003875732 14249
1752812376036 3.0657360553741455 14299
1752812385016 2.6003363132476807 14349
1752812394030 2.5660417079925537 14399
1752812403045 2.9989371299743652 14449
1752812412044 2.9375977516174316 14499
1752812438035 2.584908962249756 14549
1752812447026 3.2102057933807373 14599
1752812456023 2.9197781085968018 14649
1752812465032 2.7570626735687256 14699
1752812474039 2.8444128036499023 14749
1752812500321 2.626129150390625 14799
1752812509328 2.7164273262023926 14849
1752812518312 2.9497690200805664 14899
1752812527308 3.004390001296997 14949
1752812536304 3.0820822715759277 14999
1752812545309 2.776287317276001 15049
1752812571819 2.920112371444702 15099
1752812580837 3.635349750518799 15149
1752812589825 2.568978786468506 15199
1752812598847 2.560896396636963 15249
1752812607843 2.5979561805725098 15299
1752812633817 3.117486000061035 15349
1752812642809 2.830779552459717 15399
1752812651801 2.83390474319458 15449
1752812660804 2.868619918823242 15499
1752812669790 2.970728874206543 15549
1752812678795 2.367980480194092 15599
1752812705887 2.898293972015381 15649
1752812714887 2.386569023132324 15699
1752812723908 3.0370354652404785 15749
1752812732913 2.7252235412597656 15799
1752812741923 2.7217178344726562 15849
1752812768075 2.8884975910186768 15899
1752812777046 2.9836747646331787 15949
1752812786038 3.042841672897339 15999
1752812795040 2.4819955825805664 16049
1752812804026 2.535337448120117 16099
1752812813033 2.866347312927246 16149
1752812839101 2.6386735439300537 16199
1752812848084 2.5885677337646484 16249
1752812857059 2.90718936920166 16299
1752812866072 3.2265625 16349
1752812875071 2.8358335494995117 16399
1752812901168 2.581233263015747 16449
1752812910163 2.7319679260253906 16499
1752812919148 3.5893478393554688 16549
1752812928146 2.794912338256836 16599
1752812937134 3.1362905502319336 16649
1752812946127 3.03104829788208 16699
1752812972192 2.6670446395874023 16749
1752812981185 2.283842086791992 16799
1752812990206 2.550445318222046 16849
1752812999191 3.2176713943481445 16899
1752813008211 2.9287219047546387 16949
1752813034680 2.4871387481689453 16999
1752813043638 2.5334019660949707 17049
1752813052638 2.886889934539795 17099
1752813061645 2.5608654022216797 17149
1752813070641 2.587660789489746 17199
1752813079624 3.0802268981933594 17249
1752813105710 2.560821056365967 17299
1752813114697 2.993048906326294 17349
1752813123680 3.146789073944092 17399
1752813132680 2.663700819015503 17449
1752813141687 3.024807929992676 17499
1752813167776 3.0352554321289062 17549
1752813176780 2.702366828918457 17599
1752813185776 2.5603318214416504 17649
1752813194777 3.046478271484375 17699
1752813203786 2.807748794555664 17749
1752813212799 2.705691337585449 17799
1752813238847 3.3742644786834717 17849
1752813247848 2.730694055557251 17899
1752813256832 2.395481586456299 17949
1752813265839 3.0642261505126953 17999
1752813274823 2.823000192642212 18049
1752813300869 2.8645753860473633 18099
1752813309866 2.791329860687256 18149
1752813318843 2.755066156387329 18199
1752813327832 2.5380430221557617 18249
1752813336832 2.787538766860962 18299
1752813345878 2.9155592918395996 18349
1752813372938 2.5887742042541504 18399
1752813381936 3.186634063720703 18449
1752813390958 2.948580026626587 18499
1752813399957 2.765807628631592 18549
1752813408955 3.4995179176330566 18599
1752813435932 2.49808406829834 18649
1752813444909 2.985530138015747 18699
1752813453924 2.404761552810669 18749
1752813462906 3.3345015048980713 18799
1752813471907 3.2392044067382812 18849
1752813480871 2.962869644165039 18899
1752813507139 3.2809510231018066 18949
1752813516120 2.6085805892944336 18999
1752813525086 2.9063053131103516 19049
1752813534071 2.722766399383545 19099
1752813543086 2.982306957244873 19149
1752813569098 2.480813503265381 19199
1752813578094 2.8611860275268555 19249
1752813587092 2.8150737285614014 19299
1752813596070 2.246889114379883 19349
1752813605067 2.5717973709106445 19399
1752813614050 2.9765491485595703 19449
1752813640123 2.7084743976593018 19499
1752813649129 2.354318141937256 19549
1752813658136 3.0615320205688477 19599
1752813667122 2.8095884323120117 19649
1752813676141 2.4160242080688477 19699
1752813702197 2.6646082401275635 19749
1752813711194 2.6268064975738525 19799
1752813720184 3.3976216316223145 19849
1752813729175 2.8957765102386475 19899
1752813738187 2.8622753620147705 19949
1752813747159 3.3510782718658447 19999
1752813773259 3.223116397857666 20049
1752813782307 2.7387571334838867 20099
1752813791326 2.850515842437744 20149
1752813800317 2.765793561935425 20199
1752813809325 2.702707290649414 20249
1752813835300 2.189263343811035 20299
1752813844309 2.52966570854187 20349
1752813853302 2.6867756843566895 20399
1752813862302 2.5497384071350098 20449
1752813871305 2.8119215965270996 20499
1752813880232 2.416444778442383 20549
1752813906298 2.776566982269287 20599
1752813915300 2.485236406326294 20649
1752813924266 2.3392839431762695 20699
1752813933256 2.8394360542297363 20749
1752813942276 2.8930177688598633 20799
1752813968224 2.8075218200683594 20849
1752813977232 2.709577798843384 20899
1752813986215 2.4839704036712646 20949
1752813995205 2.557525396347046 20999
1752814004182 2.0557708740234375 21049
1752814030622 2.421034336090088 21099
1752814039607 2.589670181274414 21149
1752814048637 2.949082851409912 21199
1752814057636 2.6797213554382324 21249
1752814066622 2.474006175994873 21299
1752814075615 3.0386962890625 21349
1752814102572 3.105026960372925 21399
1752814111540 2.5664896965026855 21449
1752814120534 3.1109461784362793 21499
1752814129498 2.3796842098236084 21549
1752814138498 3.0766806602478027 21599
1752814165572 3.0912508964538574 21649
1752814174564 2.7690186500549316 21699
1752814183544 3.0334315299987793 21749
1752814192537 2.8686108589172363 21799
1752814201546 2.6467795372009277 21849
1752814210532 3.252488136291504 21899
1752814237085 2.9291751384735107 21949
1752814246091 2.774746894836426 21999
1752814255080 2.6222071647644043 22049
1752814264038 3.033426523208618 22099
1752814273005 2.752009868621826 22149
1752814299063 3.0153555870056152 22199
1752814308048 2.162769317626953 22249
1752814317039 2.9382152557373047 22299
1752814326047 3.065674304962158 22349
1752814335060 2.3864822387695312 22399
1752814344046 2.1688497066497803 22449
1752814371068 2.854375123977661 22499
1752814380056 2.7542216777801514 22549
1752814389040 2.4139657020568848 22599
1752814398033 2.555551528930664 22649
1752814407017 2.795292377471924 22699
1752814433932 2.619818687438965 22749
1752814442932 2.314610481262207 22799
1752814451897 2.369396686553955 22849
1752814460920 2.9982962608337402 22899
1752814469910 2.8912062644958496 22949
1752814478939 2.6985507011413574 22999
1752814505006 2.6521286964416504 23049
1752814513992 2.85871958732605 23099
1752814522999 2.444371223449707 23149
1752814531983 2.3788557052612305 23199
1752814540986 2.9513120651245117 23249
1752814567883 2.6873011589050293 23299
1752814576844 2.772993803024292 23349
1752814585846 2.477853298187256 23399
1752814594833 2.7916293144226074 23449
1752814603835 2.5001025199890137 23499
1752814612851 2.512859344482422 23549
1752814638818 2.9608371257781982 23599
1752814647816 2.5894622802734375 23649
1752814656815 2.584209442138672 23699
1752814665813 2.919189691543579 23749
1752814674828 3.133361339569092 23799
1752814700837 2.63798189163208 23849
1752814709811 2.3741989135742188 23899
1752814718802 2.3751327991485596 23949
1752814727746 2.719850778579712 23999
1752814736749 2.9365689754486084 24049
1752814745753 2.941913604736328 24099
1752814772667 2.3781344890594482 24149
1752814781655 2.7874209880828857 24199
1752814790624 2.274388313293457 24249
1752814799653 2.3361997604370117 24299
1752814808661 2.66475248336792 24349
1752814834576 2.68218994140625 24399
1752814843592 2.788054943084717 24449
1752814852591 2.313627243041992 24499
1752814861567 3.0258285999298096 24549
1752814870577 2.499541759490967 24599
1752814879586 2.405977964401245 24649
1752814905417 2.4870729446411133 24699
1752814914417 2.4137487411499023 24749
1752814923417 2.873164176940918 24799
1752814932427 2.0905299186706543 24849
1752814941469 2.6705050468444824 24899
1752814968071 3.216865301132202 24949
1752814977060 2.9496138095855713 24999
1752814986072 3.0542044639587402 25049
1752814995077 2.674934148788452 25099
1752815004067 3.311487913131714 25149
1752815013053 2.623938798904419 25199
1752815039949 2.375655174255371 25249
1752815048929 2.933389663696289 25299
1752815057929 2.3987157344818115 25349
1752815066910 2.7398133277893066 25399
1752815075871 2.567946434020996 25449
1752815101863 2.6382789611816406 25499
1752815110837 2.521115779876709 25549
1752815119805 2.35379695892334 25599
1752815128771 2.2949604988098145 25649
1752815137762 2.735785484313965 25699
1752815146751 2.494694232940674 25749
1752815172904 3.1489152908325195 25799
1752815181897 3.3410446643829346 25849
1752815190908 2.7875046730041504 25899
1752815199900 2.7845489978790283 25949
1752815208887 2.7414958477020264 25999
1752815235380 2.5324878692626953 26049
1752815244388 2.9401702880859375 26099
1752815253394 2.4021384716033936 26149
1752815262385 2.517451524734497 26199
1752815271379 2.8281092643737793 26249
1752815280341 2.5093917846679688 26299
1752815306394 2.611966848373413 26349
1752815315402 2.9544506072998047 26399
1752815324389 3.1122024059295654 26449
1752815333388 2.8742003440856934 26499
1752815342363 2.7497177124023438 26549
1752815369014 2.5734472274780273 26599
1752815378025 2.8572778701782227 26649
1752815387007 2.6587626934051514 26699
1752815395983 2.7146975994110107 26749
1752815404978 3.014571189880371 26799
1752815413925 2.737299919128418 26849
1752815440544 3.410149335861206 26899
1752815449525 2.4253158569335938 26949
1752815458503 2.3804194927215576 26999
1752815467491 2.568277359008789 27049
1752815476497 2.401702404022217 27099
1752815502686 2.4634432792663574 27149
1752815511690 3.108242988586426 27199
1752815520691 2.7749552726745605 27249
1752815529707 2.477914810180664 27299
1752815538725 2.7486720085144043 27349
1752815547660 2.8654584884643555 27399
